
 0.000000E+00
 0.315576E+10
 0.315576E+11
 0.315576E+12
 0.315576E+13
 0.346182E+13
 0.354287E+13
 0.362581E+13
 0.371070E+13
 0.379757E+13
 0.388648E+13
 0.397747E+13
 0.407058E+13
 0.416588E+13
 0.426341E+13
 0.436322E+13
 0.446537E+13
 0.456991E+13
 0.467690E+13
 0.478639E+13
 0.489845E+13
 0.501313E+13
 0.513049E+13
 0.525061E+13
 0.537353E+13
 0.549933E+13
 0.562808E+13
 0.575984E+13
 0.589469E+13
 0.603269E+13
 0.617392E+13
 0.631846E+13
 0.646639E+13
 0.661778E+13
 0.677271E+13
 0.693127E+13
 0.709354E+13
 0.725961E+13
 0.742956E+13
 0.760350E+13
 0.778151E+13
 0.796368E+13
 0.815012E+13
 0.834093E+13
 0.853620E+13
 0.873605E+13
 0.894057E+13
 0.914988E+13
 0.936409E+13
 0.958332E+13
 0.980768E+13
 0.100373E+14
 0.102723E+14
 0.105128E+14
 0.107589E+14
 0.110108E+14
 0.112685E+14
 0.115324E+14
 0.118023E+14
 0.120787E+14
 0.123614E+14
 0.126508E+14
 0.129470E+14
 0.132501E+14
 0.135603E+14
 0.138778E+14
 0.142027E+14
 0.145352E+14
 0.148755E+14
 0.152237E+14
 0.155801E+14
 0.159449E+14
 0.163182E+14
 0.167002E+14
 0.170912E+14
 0.174913E+14
 0.179008E+14
 0.183199E+14
 0.187488E+14
 0.191877E+14
 0.196369E+14
 0.200967E+14
 0.205672E+14
 0.210487E+14
 0.215414E+14
 0.220458E+14
 0.225619E+14
 0.230901E+14
 0.236307E+14
 0.241839E+14
 0.247501E+14
 0.253295E+14
 0.259225E+14
 0.265294E+14
 0.271505E+14
 0.277861E+14
 0.284366E+14
 0.291024E+14
 0.297837E+14
 0.304810E+14
 0.311946E+14
 0.319249E+14
 0.326723E+14
 0.334372E+14
 0.342200E+14
 0.350211E+14
 0.358410E+14
 0.366801E+14
 0.375388E+14
 0.384177E+14
 0.393171E+14
 0.402376E+14
 0.411796E+14
 0.421436E+14
 0.431303E+14
 0.441400E+14
 0.451734E+14
 0.462310E+14
 0.473133E+14
 0.484210E+14
 0.495546E+14
 0.507147E+14
 0.519020E+14
 0.531171E+14
 0.543607E+14
 0.556333E+14
 0.569358E+14
 0.582687E+14
 0.596329E+14
 0.610290E+14
 0.624578E+14
 0.639200E+14
 0.654164E+14
 0.669479E+14
 0.685153E+14
 0.701193E+14
 0.717609E+14
 0.734409E+14
 0.751603E+14
 0.769199E+14
 0.787207E+14
 0.805637E+14
 0.824498E+14
 0.843800E+14
 0.863555E+14
 0.883772E+14
 0.904462E+14
 0.925637E+14
 0.947307E+14
 0.969485E+14
 0.992182E+14
 0.101541E+15
 0.103918E+15
 0.106351E+15
 0.108841E+15
 0.111389E+15
 0.113997E+15
 0.116666E+15
 0.119397E+15
 0.122192E+15
 0.125053E+15
 0.127981E+15
 0.130977E+15
 0.134043E+15
 0.137181E+15
 0.140393E+15
 0.143680E+15
 0.147043E+15
 0.150486E+15
 0.154009E+15
 0.157615E+15
 0.161305E+15
 0.165081E+15
 0.168946E+15
 0.172901E+15
 0.176949E+15
 0.181091E+15
 0.185331E+15
 0.189670E+15
 0.194110E+15
 0.198655E+15
 0.203306E+15
 0.208065E+15
 0.212936E+15
 0.217921E+15
 0.223023E+15
 0.228245E+15
 0.233588E+15
 0.239057E+15
 0.244653E+15
 0.250381E+15
 0.256243E+15
 0.262242E+15
 0.268381E+15
 0.274664E+15
 0.281095E+15
 0.287676E+15
 0.294410E+15
 0.301303E+15
 0.308357E+15
 0.315576E+15
