0.000000 1.000000 0.000000 0.000000 1.000000 1.000000 1.000000 1.000000 0.000000 0.000000 0.000000 0.000000 0.000000 0.000000 0.000000 150.000000 150.000000 150.000000 150.000000 0
0.002710 1.000000 0.000000 0.000000 1.000000 1.000000 1.000000 1.000000 0.000000 0.000000 0.000000 0.000000 0.000000 0.000000 0.000000 162.617146 162.617157 151.321740 159.920638 0
0.002960 1.000000 0.000000 0.000000 1.000000 1.000000 1.000000 1.000000 0.000000 0.000000 0.000000 0.000000 0.000000 0.000000 0.000000 163.776155 163.776169 151.436091 160.805653 0
0.003202 1.000000 0.000000 0.000000 1.000000 1.000000 1.000000 1.000000 0.000000 0.000000 0.000000 0.000000 0.000000 0.000000 0.000000 164.899072 164.899078 151.545631 161.652791 0
0.003437 1.000000 0.000000 0.000000 1.000000 1.000000 1.000000 1.000000 0.000000 0.000000 0.000000 0.000000 0.000000 0.000000 0.000000 165.989890 165.989899 151.650724 162.466329 0
0.003666 1.000000 0.000000 0.000000 1.000000 1.000000 1.000000 1.000000 0.000000 0.000000 0.000000 0.000000 0.000000 0.000000 0.000000 167.052788 167.052811 151.751940 163.250591 0
0.003889 1.000000 0.000000 0.000000 1.000000 1.000000 1.000000 1.000000 0.000000 0.000000 0.000000 0.000000 0.000000 0.000000 0.000000 168.091105 168.091125 151.849748 164.009072 0
0.004109 1.000000 0.000000 0.000000 1.000000 1.000000 1.000000 1.000000 0.000000 0.000000 0.000000 0.000000 0.000000 0.000000 0.000000 169.107469 169.107483 151.944522 164.744544 0
0.004324 1.000000 0.000000 0.000000 1.000000 1.000000 1.000000 1.000000 0.000000 0.000000 0.000000 0.000000 0.000000 0.000000 0.000000 170.104094 170.104126 152.036569 165.459295 0
0.004535 1.000000 0.000000 0.000000 1.000000 1.000000 1.000000 1.000000 0.000000 0.000000 0.000000 0.000000 0.000000 0.000000 0.000000 171.082801 171.082840 152.126143 166.155212 0
0.004742 1.000000 0.000000 0.000000 1.000000 1.000000 1.000000 1.000000 0.000000 0.000000 0.000000 0.000000 0.000000 0.000000 0.000000 172.045109 172.045135 152.213458 166.833904 0
0.005756 1.000000 0.000000 0.000000 1.000000 1.000000 1.000000 1.000000 0.000000 0.000000 0.000000 0.000000 0.000000 0.000000 0.000000 176.739700 176.739731 152.629434 170.070886 0
0.006710 1.000000 0.000000 0.000000 1.000000 1.000000 1.000000 1.000000 0.000000 0.000000 0.000000 0.000000 0.000000 0.000000 0.000000 181.153270 181.153320 153.006879 173.012138 0
0.007618 1.000000 0.000000 0.000000 1.000000 1.000000 1.000000 1.000000 0.000000 0.000000 0.000000 0.000000 0.000000 0.000000 0.000000 185.353205 185.353271 153.355123 175.728489 0
0.008491 1.000000 0.000000 0.000000 1.000000 1.000000 1.000000 1.000000 0.000000 0.000000 0.000000 0.000000 0.000000 0.000000 0.000000 189.382026 189.382095 153.680045 178.264785 0
0.009334 1.000000 0.000000 0.000000 1.000000 1.000000 1.000000 1.000000 0.000000 0.000000 0.000000 0.000000 0.000000 0.000000 0.000000 193.268710 193.268860 153.985674 180.651853 0
0.010152 1.000000 0.000000 0.000000 1.000000 1.000000 1.000000 1.000000 0.000000 0.000000 0.000000 0.000000 0.000000 0.000000 0.000000 197.034177 197.034363 154.274930 182.912110 0
0.010948 1.000000 0.000000 0.000000 1.000000 1.000000 1.000000 1.000000 0.000000 0.000000 0.000000 0.000000 0.000000 0.000000 0.000000 200.693983 200.694214 154.550023 185.062544 0
0.011726 1.000000 0.000000 0.000000 1.000000 1.000000 1.000000 1.000000 0.000000 0.000000 0.000000 0.000000 0.000000 0.000000 0.000000 204.260013 204.260345 154.812675 187.116421 0
0.012486 1.000000 0.000000 0.000000 1.000000 1.000000 1.000000 1.000000 0.000000 0.000000 0.000000 0.000000 0.000000 0.000000 0.000000 207.741702 207.742157 155.064269 189.084396 0
0.013231 1.000000 0.000000 0.000000 1.000000 1.000000 1.000000 1.000000 0.000000 0.000000 0.000000 0.000000 0.000000 0.000000 0.000000 211.146452 211.147003 155.305929 190.975145 0
0.013963 1.000000 0.000000 0.000000 1.000000 1.000000 1.000000 1.000000 0.000000 0.000000 0.000000 0.000000 0.000000 0.000000 0.000000 214.480296 214.480972 155.538592 192.795918 0
0.014682 1.000000 0.000000 0.000000 1.000000 1.000000 1.000000 1.000000 0.000000 0.000000 0.000000 0.000000 0.000000 0.000000 0.000000 217.748147 217.749023 155.763048 194.552817 0
0.015390 1.000000 0.000000 0.000000 1.000000 1.000000 1.000000 1.000000 0.000000 0.000000 0.000000 0.000000 0.000000 0.000000 0.000000 220.954097 220.955170 155.979971 196.251056 0
0.016087 1.000000 0.000000 0.000000 1.000000 1.000000 1.000000 1.000000 0.000000 0.000000 0.000000 0.000000 0.000000 0.000000 0.000000 224.101612 224.102905 156.189939 197.895124 0
0.016775 1.000000 0.000000 0.000000 1.000000 1.000000 1.000000 1.000000 0.000000 0.000000 0.000000 0.000000 0.000000 0.000000 0.000000 227.193604 227.195129 156.393459 199.488942 0
0.017453 1.000000 0.000000 0.000000 1.000000 1.000000 1.000000 1.000000 0.000000 0.000000 0.000000 0.000000 0.000000 0.000000 0.000000 230.232538 230.234299 156.590974 201.035944 0
0.018123 1.000000 0.000000 0.000000 1.000000 1.000000 1.000000 1.000000 0.000000 0.000000 0.000000 0.000000 0.000000 0.000000 0.000000 233.220613 233.222626 156.782875 202.539169 0
0.018786 1.000000 0.000000 0.000000 1.000000 1.000000 1.000000 1.000000 0.000000 0.000000 0.000000 0.000000 0.000000 0.000000 0.000000 236.159691 236.162003 156.969510 204.001315 0
0.019441 1.000000 0.000000 0.000000 1.000000 1.000000 1.000000 1.000000 0.000000 0.000000 0.000000 0.000000 0.000000 0.000000 0.000000 239.051507 239.054169 157.151192 205.424816 0
0.020089 1.000000 0.000000 0.000000 1.000000 1.000000 1.000000 1.000000 0.000000 0.000000 0.000000 0.000000 0.000000 0.000000 0.000000 241.897554 241.900589 157.328202 206.811840 0
0.020731 1.000000 0.000000 0.000000 1.000000 1.000000 1.000000 1.000000 0.000000 0.000000 0.000000 0.000000 0.000000 0.000000 0.000000 244.699199 244.702576 157.500790 208.164353 0
0.021366 1.000000 0.000000 0.000000 1.000000 1.000000 1.000000 1.000000 0.000000 0.000000 0.000000 0.000000 0.000000 0.000000 0.000000 247.457669 247.461395 157.669189 209.484146 0
0.021995 1.000000 0.000000 0.000000 1.000000 1.000000 1.000000 1.000000 0.000000 0.000000 0.000000 0.000000 0.000000 0.000000 0.000000 250.174109 250.178207 157.833607 210.772851 0
0.022619 1.000000 0.000000 0.000000 1.000000 1.000000 1.000000 1.000000 0.000000 0.000000 0.000000 0.000000 0.000000 0.000000 0.000000 252.849601 252.854141 157.994236 212.031957 0
0.023238 1.000000 0.000000 0.000000 1.000000 1.000000 1.000000 1.000000 0.000000 0.000000 0.000000 0.000000 0.000000 0.000000 0.000000 255.485111 255.490051 158.151254 213.262836 0
0.023852 1.000000 0.000000 0.000000 1.000000 1.000000 1.000000 1.000000 0.000000 0.000000 0.000000 0.000000 0.000000 0.000000 0.000000 258.081521 258.086914 158.304819 214.466743 0
0.024460 1.000000 0.000000 0.000000 1.000000 1.000000 1.000000 1.000000 0.000000 0.000000 0.000000 0.000000 0.000000 0.000000 0.000000 260.639726 260.645599 158.455083 215.644842 0
0.025064 1.000000 0.000000 0.000000 1.000000 1.000000 1.000000 1.000000 0.000000 0.000000 0.000000 0.000000 0.000000 0.000000 0.000000 263.160630 263.166840 158.602183 216.798210 0
0.025664 1.000000 0.000000 0.000000 1.000000 1.000000 1.000000 1.000000 0.000000 0.000000 0.000000 0.000000 0.000000 0.000000 0.000000 265.644966 265.651642 158.746251 217.927862 0
0.026260 1.000000 0.000000 0.000000 1.000000 1.000000 1.000000 1.000000 0.000000 0.000000 0.000000 0.000000 0.000000 0.000000 0.000000 268.093520 268.100677 158.887403 219.034721 0
0.026851 1.000000 0.000000 0.000000 1.000000 1.000000 1.000000 1.000000 0.000000 0.000000 0.000000 0.000000 0.000000 0.000000 0.000000 270.506958 270.514496 159.025752 220.119656 0
0.027439 1.000000 0.000000 0.000000 1.000000 1.000000 1.000000 1.000000 0.000000 0.000000 0.000000 0.000000 0.000000 0.000000 0.000000 272.886048 272.894073 159.161403 221.183483 0
0.028023 1.000000 0.000000 0.042674 0.957326 1.000000 1.000000 1.000000 0.042674 0.000000 0.000000 0.000000 0.000000 0.000000 0.000000 275.231422 275.239929 159.294453 222.226962 0
0.028603 1.000000 0.000000 0.081036 0.918964 1.000000 1.000000 1.000000 0.081036 0.000000 0.000000 0.000000 0.000000 0.000000 0.000000 277.543701 277.552643 159.424994 223.250811 0
0.029180 1.000000 0.000000 0.112220 0.887780 1.000000 1.000000 1.000000 0.112220 0.000000 0.000000 0.000000 0.000000 0.000000 0.000000 279.823639 279.833130 159.553112 224.255705 0
0.029753 1.000000 0.000000 0.138319 0.861681 1.000000 1.000000 1.000000 0.138319 0.000000 0.000000 0.000000 0.000000 0.000000 0.000000 282.071703 282.081696 159.678889 225.242272 0
0.030323 1.000000 0.000000 0.161117 0.838883 1.000000 1.000000 1.000000 0.161117 0.000000 0.000000 0.000000 0.000000 0.000000 0.000000 284.288566 284.298981 159.802399 226.211105 0
0.030891 1.000000 0.000000 0.181025 0.818975 1.000000 1.000000 1.000000 0.181025 0.000000 0.000000 0.000000 0.000000 0.000000 0.000000 286.474751 286.485657 159.923718 227.162778 0
0.031455 1.000000 0.000000 0.198849 0.801151 1.000000 1.000000 1.000000 0.198849 0.000000 0.000000 0.000000 0.000000 0.000000 0.000000 288.630839 288.642273 160.042912 228.097824 0
0.032016 1.000000 0.000000 0.214811 0.785189 1.000000 1.000000 1.000000 0.214811 0.000000 0.000000 0.000000 0.000000 0.000000 0.000000 290.757427 290.769257 160.160046 229.016743 0
0.032574 1.000000 0.000000 0.229293 0.770707 1.000000 1.000000 1.000000 0.229293 0.000000 0.000000 0.000000 0.000000 0.000000 0.000000 292.854705 292.867035 160.275163 229.919911 0
0.033129 1.000000 0.000000 0.242677 0.757323 1.000000 1.000000 1.000000 0.242677 0.000000 0.000000 0.000000 0.000000 0.000000 0.000000 294.923155 294.936005 160.388319 230.807732 0
0.033682 1.000000 0.000000 0.254923 0.745077 1.000000 1.000000 1.000000 0.254923 0.000000 0.000000 0.000000 0.000000 0.000000 0.000000 296.963238 296.976471 160.499573 231.680656 0
0.034232 1.000000 0.000000 0.266167 0.733833 1.000000 1.000000 1.000000 0.266167 0.000000 0.000000 0.000000 0.000000 0.000000 0.000000 298.975603 298.989410 160.608980 232.539104 0
0.034780 1.000000 0.000000 0.276694 0.723306 1.000000 1.000000 1.000000 0.276694 0.000000 0.000000 0.000000 0.000000 0.000000 0.000000 300.960618 300.974976 160.716589 233.383481 0
0.035325 1.000000 0.000000 0.286474 0.713526 1.000000 1.000000 1.000000 0.286474 0.000000 0.000000 0.000000 0.000000 0.000000 0.000000 302.918761 302.933624 160.822450 234.214168 0
0.035867 1.000000 0.000000 0.295656 0.704344 1.000000 1.000000 1.000000 0.295656 0.000000 0.000000 0.000000 0.000000 0.000000 0.000000 304.850568 304.865936 160.926612 235.031537 0
0.036407 1.000000 0.000000 0.304075 0.695925 1.000000 1.000000 1.000000 0.304075 0.000000 0.000000 0.000000 0.000000 0.000000 0.000000 306.756497 306.772369 161.029117 235.835934 0
0.036945 1.000000 0.000000 0.312334 0.687666 1.000000 1.000000 1.000000 0.312334 0.000000 0.000000 0.000000 0.000000 0.000000 0.000000 308.637025 308.653259 161.130010 236.627697 0
0.037481 1.000000 0.000000 0.320085 0.679915 1.000000 1.000000 1.000000 0.320085 0.000000 0.000000 0.000000 0.000000 0.000000 0.000000 310.492564 310.509338 161.229332 237.407148 0
0.038014 1.000000 0.000000 0.327230 0.672770 1.000000 1.000000 1.000000 0.327230 0.000000 0.000000 0.000000 0.000000 0.000000 0.000000 312.323596 312.340851 161.327121 238.174592 0
0.038546 1.000000 0.000000 0.334097 0.665903 1.000000 1.000000 1.000000 0.334097 0.000000 0.000000 0.000000 0.000000 0.000000 0.000000 314.130453 314.148132 161.423416 238.930326 0
0.039075 1.000000 0.000000 0.340765 0.659235 1.000000 1.000000 1.000000 0.340765 0.000000 0.000000 0.000000 0.000000 0.000000 0.000000 315.913653 315.931885 161.518253 239.674634 0
0.039602 1.000000 0.000000 0.346757 0.653243 1.000000 1.000000 1.000000 0.346757 0.000000 0.000000 0.000000 0.000000 0.000000 0.000000 317.673558 317.692200 161.611665 240.407782 0
0.040127 1.000000 0.000000 0.352614 0.647386 1.000000 1.000000 1.000000 0.352614 0.000000 0.000000 0.000000 0.000000 0.000000 0.000000 319.410560 319.429718 161.703687 241.130032 0
0.040651 1.000000 0.000000 0.358375 0.641625 1.000000 1.000000 1.000000 0.358375 0.000000 0.000000 0.000000 0.000000 0.000000 0.000000 321.124960 321.144592 161.794351 241.841634 0
0.041172 1.000000 0.000000 0.363937 0.636063 1.000000 1.000000 1.000000 0.363937 0.000000 0.000000 0.000000 0.000000 0.000000 0.000000 322.817255 322.837250 161.883687 242.542829 0
0.041692 1.000000 0.000000 0.368894 0.631106 1.000000 1.000000 1.000000 0.368894 0.000000 0.000000 0.000000 0.000000 0.000000 0.000000 324.487816 324.508301 161.971725 243.233853 0
0.042210 1.000000 0.000000 0.373891 0.626109 1.000000 1.000000 1.000000 0.373891 0.000000 0.000000 0.000000 0.000000 0.000000 0.000000 326.136918 326.157776 162.058494 243.914926 0
0.042726 1.000000 0.000000 0.378697 0.621303 1.000000 1.000000 1.000000 0.378697 0.000000 0.000000 0.000000 0.000000 0.000000 0.000000 327.764985 327.786346 162.144021 244.586263 0
0.043241 1.000000 0.000000 0.383304 0.616696 1.000000 1.000000 1.000000 0.383304 0.000000 0.000000 0.000000 0.000000 0.000000 0.000000 329.372255 329.393982 162.228332 245.248071 0
0.043754 1.000000 0.000000 0.387577 0.612423 1.000000 1.000000 1.000000 0.387577 0.000000 0.000000 0.000000 0.000000 0.000000 0.000000 330.959216 330.981445 162.311454 245.900554 0
0.044265 1.000000 0.000000 0.391898 0.608102 1.000000 1.000000 1.000000 0.391898 0.000000 0.000000 0.000000 0.000000 0.000000 0.000000 332.526067 332.548737 162.393411 246.543904 0
0.044775 1.000000 0.000000 0.395932 0.604068 1.000000 1.000000 1.000000 0.395932 0.000000 0.000000 0.000000 0.000000 0.000000 0.000000 334.073230 334.096375 162.474227 247.178309 0
0.045283 1.000000 0.000000 0.399823 0.600177 1.000000 1.000000 1.000000 0.399823 0.000000 0.000000 0.000000 0.000000 0.000000 0.000000 335.601012 335.624573 162.553925 247.803950 0
0.045790 1.000000 0.000000 0.403714 0.596286 1.000000 1.000000 1.000000 0.403714 0.000000 0.000000 0.000000 0.000000 0.000000 0.000000 337.109610 337.133575 162.632528 248.421003 0
0.046295 1.000000 0.000000 0.407399 0.592601 1.000000 1.000000 1.000000 0.407399 0.000000 0.000000 0.000000 0.000000 0.000000 0.000000 338.599438 338.623871 162.710058 249.029638 0
0.046799 1.000000 0.000000 0.410828 0.589172 1.000000 1.000000 1.000000 0.410828 0.000000 0.000000 0.000000 0.000000 0.000000 0.000000 340.070751 340.095490 162.786534 249.630014 0
0.047301 1.000000 0.000000 0.414114 0.585886 1.000000 1.000000 1.000000 0.414114 0.000000 0.000000 0.000000 0.000000 0.000000 0.000000 341.523834 341.549103 162.861978 250.222295 0
0.047802 1.000000 0.000000 0.417647 0.582353 1.000000 1.000000 1.000000 0.417647 0.000000 0.000000 0.000000 0.000000 0.000000 0.000000 342.959007 342.984589 162.936409 250.806632 0
0.048302 1.000000 0.000000 0.420735 0.579265 1.000000 1.000000 1.000000 0.420735 0.000000 0.000000 0.000000 0.000000 0.000000 0.000000 344.376529 344.402557 163.009846 251.383179 0
0.048800 1.000000 0.000000 0.423814 0.576186 1.000000 1.000000 1.000000 0.423814 0.000000 0.000000 0.000000 0.000000 0.000000 0.000000 345.776643 345.803040 163.082308 251.952074 0
0.049297 1.000000 0.000000 0.426965 0.573035 1.000000 1.000000 1.000000 0.426965 0.000000 0.000000 0.000000 0.000000 0.000000 0.000000 347.159640 347.186310 163.153813 252.513462 0
0.049793 1.000000 0.000000 0.429806 0.570194 1.000000 1.000000 1.000000 0.429806 0.000000 0.000000 0.000000 0.000000 0.000000 0.000000 348.525821 348.552948 163.224378 253.067481 0
0.050287 1.000000 0.000000 0.432686 0.567314 1.000000 1.000000 1.000000 0.432686 0.000000 0.000000 0.000000 0.000000 0.000000 0.000000 349.875386 349.902985 163.294020 253.614263 0
0.050781 1.000000 0.000000 0.435551 0.564449 1.000000 1.000000 1.000000 0.435551 0.000000 0.000000 0.000000 0.000000 0.000000 0.000000 351.208538 351.236603 163.362756 254.153936 0
0.051273 1.000000 0.000000 0.438193 0.561807 1.000000 1.000000 1.000000 0.438193 0.000000 0.000000 0.000000 0.000000 0.000000 0.000000 352.525646 352.554047 163.430601 254.686621 0
0.051764 1.000000 0.000000 0.440835 0.559165 1.000000 1.000000 1.000000 0.440835 0.000000 0.000000 0.000000 0.000000 0.000000 0.000000 353.826842 353.855652 163.497572 255.212448 0
0.052254 1.000000 0.000000 0.443293 0.556707 1.000000 1.000000 1.000000 0.443293 0.000000 0.000000 0.000000 0.000000 0.000000 0.000000 355.112456 355.141541 163.563683 255.731532 0
0.052742 1.000000 0.000000 0.445768 0.554232 1.000000 1.000000 1.000000 0.445768 0.000000 0.000000 0.000000 0.000000 0.000000 0.000000 356.382605 356.412140 163.628949 256.243986 0
0.053230 1.000000 0.000000 0.448227 0.551773 1.000000 1.000000 1.000000 0.448227 0.000000 0.000000 0.000000 0.000000 0.000000 0.000000 357.637589 357.667419 163.693384 256.749922 0
0.053716 1.000000 0.000000 0.450431 0.549569 1.000000 1.000000 1.000000 0.450431 0.000000 0.000000 0.000000 0.000000 0.000000 0.000000 358.877593 358.907837 163.757002 257.249451 0
0.054202 1.000000 0.000000 0.452635 0.547365 1.000000 1.000000 1.000000 0.452635 0.000000 0.000000 0.000000 0.000000 0.000000 0.000000 360.102880 360.133484 163.819817 257.742678 0
0.054686 1.000000 0.000000 0.454951 0.545049 1.000000 1.000000 1.000000 0.454951 0.000000 0.000000 0.000000 0.000000 0.000000 0.000000 361.313619 361.344513 163.881843 258.229714 0
0.055169 1.000000 0.000000 0.457099 0.542901 1.000000 1.000000 1.000000 0.457099 0.000000 0.000000 0.000000 0.000000 0.000000 0.000000 362.510049 362.541351 163.943091 258.710650 0
0.055652 1.000000 0.000000 0.458993 0.541007 1.000000 1.000000 1.000000 0.458993 0.000000 0.000000 0.000000 0.000000 0.000000 0.000000 363.692431 363.723938 164.003575 259.185588 0
0.056133 1.000000 0.000000 0.461284 0.538716 1.000000 1.000000 1.000000 0.461284 0.000000 0.000000 0.000000 0.000000 0.000000 0.000000 364.860817 364.892792 164.063306 259.654623 0
0.056614 1.000000 0.000000 0.463019 0.536981 1.000000 1.000000 1.000000 0.463019 0.000000 0.000000 0.000000 0.000000 0.000000 0.000000 366.015528 366.047852 164.122297 260.117850 0
0.057093 1.000000 0.000000 0.464961 0.535039 1.000000 1.000000 1.000000 0.464961 0.000000 0.000000 0.000000 0.000000 0.000000 0.000000 367.156665 367.189331 164.180559 260.575362 0
0.057572 1.000000 0.000000 0.466918 0.533082 1.000000 1.000000 1.000000 0.466918 0.000000 0.000000 0.000000 0.000000 0.000000 0.000000 368.284514 368.317627 164.238105 261.027248 0
0.061925 1.000000 0.000000 0.482912 0.517088 1.000000 1.000000 1.000000 0.482912 0.000000 0.000000 0.000000 0.000000 0.000000 0.000000 378.051465 378.089264 164.833644 265.268675 0
0.066158 1.000000 0.000000 0.496654 0.503346 1.000000 1.000000 1.000000 0.496654 0.000000 0.000000 0.000000 0.000000 0.000000 0.000000 386.735300 386.775879 165.293182 268.860838 0
0.070321 1.000000 0.000000 0.507921 0.492079 1.000000 1.000000 1.000000 0.507921 0.000000 0.000000 0.000000 0.000000 0.000000 0.000000 394.555189 394.598267 165.701988 272.059229 0
0.074429 1.000000 0.000000 0.517207 0.482793 1.000000 1.000000 1.000000 0.517207 0.000000 0.000000 0.000000 0.000000 0.000000 0.000000 401.625395 401.670715 166.068250 274.925754 0
0.078490 1.000000 0.000000 0.525101 0.474899 1.000000 1.000000 1.000000 0.525101 0.000000 0.000000 0.000000 0.000000 0.000000 0.000000 408.033160 408.080536 166.397431 277.502630 0
0.082510 1.000000 0.000000 0.532032 0.467968 1.000000 1.000000 1.000000 0.532032 0.000000 0.000000 0.000000 0.000000 0.000000 0.000000 413.846557 413.895782 166.693781 279.822913 0
0.086494 1.000000 0.000000 0.537856 0.462144 1.000000 1.000000 1.000000 0.537856 0.000000 0.000000 0.000000 0.000000 0.000000 0.000000 419.121861 419.172791 166.960798 281.913849 0
0.090448 1.000000 0.000000 0.542813 0.457187 1.000000 1.000000 1.000000 0.542813 0.000000 0.000000 0.000000 0.000000 0.000000 0.000000 423.907695 423.960266 167.201432 283.798487 0
0.094376 1.000000 0.000000 0.547230 0.452770 1.000000 1.000000 1.000000 0.547230 0.000000 0.000000 0.000000 0.000000 0.000000 0.000000 428.246988 428.300995 167.418222 285.496642 0
0.098280 1.000000 0.000000 0.550763 0.449237 1.000000 1.000000 1.000000 0.550763 0.000000 0.000000 0.000000 0.000000 0.000000 0.000000 432.178134 432.233429 167.613370 287.025530 0
0.102164 1.000000 0.000000 0.554240 0.445760 1.000000 1.000000 1.000000 0.554240 0.000000 0.000000 0.000000 0.000000 0.000000 0.000000 435.735538 435.792114 167.788810 288.400268 0
0.106031 1.000000 0.000000 0.557264 0.442736 1.000000 1.000000 1.000000 0.557264 0.000000 0.000000 0.000000 0.000000 0.000000 0.000000 438.950208 439.007874 167.946250 289.634210 0
0.109884 1.000000 0.000000 0.559866 0.440134 1.000000 1.000000 1.000000 0.559866 0.000000 0.000000 0.000000 0.000000 0.000000 0.000000 441.850064 441.908752 168.087209 290.739223 0
0.113723 1.000000 0.000000 0.561950 0.438050 1.000000 1.000000 1.000000 0.561950 0.000000 0.000000 0.000000 0.000000 0.000000 0.000000 444.460335 444.519928 168.213042 291.725912 0
0.117552 1.000000 0.000000 0.563916 0.436084 1.000000 1.000000 1.000000 0.563916 0.000000 0.000000 0.000000 0.000000 0.000000 0.000000 446.803867 446.864288 168.324967 292.603798 0
0.121372 1.000000 0.000000 0.565531 0.434469 1.000000 1.000000 1.000000 0.565531 0.000000 0.000000 0.000000 0.000000 0.000000 0.000000 448.901390 448.962616 168.424079 293.381453 0
0.125185 1.000000 0.000000 0.566932 0.433068 1.000000 1.000000 1.000000 0.566932 0.000000 0.000000 0.000000 0.000000 0.000000 0.000000 450.771701 450.833649 168.511370 294.066631 0
0.128992 1.000000 0.000000 0.567982 0.432018 1.000000 1.000000 1.000000 0.567982 0.000000 0.000000 0.000000 0.000000 0.000000 0.000000 452.431916 452.494476 168.587740 294.666368 0
0.132795 1.000000 0.000000 0.569072 0.430928 1.000000 1.000000 1.000000 0.569072 0.000000 0.000000 0.000000 0.000000 0.000000 0.000000 453.897693 453.960815 168.654007 295.187068 0
0.136594 1.000000 0.000000 0.569995 0.430005 1.000000 1.000000 1.000000 0.569995 0.000000 0.000000 0.000000 0.000000 0.000000 0.000000 455.183299 455.246979 168.710916 295.634563 0
0.140392 1.000000 0.000000 0.570672 0.429328 1.000000 1.000000 1.000000 0.570672 0.000000 0.000000 0.000000 0.000000 0.000000 0.000000 456.301876 456.366028 168.759150 296.014191 0
0.144188 1.000000 0.000000 0.571252 0.428748 1.000000 1.000000 1.000000 0.571252 0.000000 0.000000 0.000000 0.000000 0.000000 0.000000 457.265352 457.329895 168.799334 296.330835 0
0.147985 1.000000 0.000000 0.571762 0.428238 1.000000 1.000000 1.000000 0.571762 0.000000 0.000000 0.000000 0.000000 0.000000 0.000000 458.084755 458.149658 168.832041 296.588985 0
0.151783 1.000000 0.000000 0.572096 0.427904 1.000000 1.000000 1.000000 0.572096 0.000000 0.000000 0.000000 0.000000 0.000000 0.000000 458.770244 458.835480 168.857798 296.792768 0
0.155582 1.000000 0.000000 0.572263 0.427737 1.000000 1.000000 1.000000 0.572263 0.000000 0.000000 0.000000 0.000000 0.000000 0.000000 459.331162 459.396637 168.877092 296.945983 0
0.159384 1.000000 0.000000 0.572319 0.427681 1.000000 1.000000 1.000000 0.572319 0.000000 0.000000 0.000000 0.000000 0.000000 0.000000 459.776135 459.841888 168.890370 297.052137 0
0.163190 1.000000 0.000000 0.572319 0.427681 1.000000 1.000000 1.000000 0.572319 0.000000 0.000000 0.000000 0.000000 0.000000 0.000000 460.113143 460.179138 168.898046 297.114464 0
0.166999 1.000000 0.000000 0.572319 0.427681 1.000000 1.000000 1.000000 0.572319 0.000000 0.000000 0.000000 0.000000 0.000000 0.000000 460.349549 460.415741 168.900503 297.135965 0
0.170814 1.000000 0.000000 0.572319 0.427681 1.000000 1.000000 1.000000 0.572319 0.000000 0.000000 0.000000 0.000000 0.000000 0.000000 460.492187 460.558502 168.898097 297.119412 0
0.174633 1.000000 0.000000 0.572319 0.427681 1.000000 1.000000 1.000000 0.572319 0.000000 0.000000 0.000000 0.000000 0.000000 0.000000 460.547408 460.613831 168.891153 297.067368 0
0.178459 1.000000 0.000000 0.572319 0.427681 1.000000 1.000000 1.000000 0.572319 0.000000 0.000000 0.000000 0.000000 0.000000 0.000000 460.521115 460.587677 168.879979 296.982225 0
0.182291 1.000000 0.000000 0.572319 0.427681 1.000000 1.000000 1.000000 0.572319 0.000000 0.000000 0.000000 0.000000 0.000000 0.000000 460.418705 460.485321 168.864857 296.866194 0
0.186130 1.000000 0.000000 0.572319 0.427681 1.000000 1.000000 1.000000 0.572319 0.000000 0.000000 0.000000 0.000000 0.000000 0.000000 460.245216 460.311920 168.846049 296.721335 0
0.189977 1.000000 0.000000 0.572319 0.427681 1.000000 1.000000 1.000000 0.572319 0.000000 0.000000 0.000000 0.000000 0.000000 0.000000 460.005415 460.072113 168.823801 296.549559 0
0.193831 1.000000 0.000000 0.572319 0.427681 1.000000 1.000000 1.000000 0.572319 0.000000 0.000000 0.000000 0.000000 0.000000 0.000000 459.703683 459.770416 168.798341 296.352650 0
0.197694 1.000000 0.000000 0.572319 0.427681 1.000000 1.000000 1.000000 0.572319 0.000000 0.000000 0.000000 0.000000 0.000000 0.000000 459.344110 459.410828 168.769880 296.132268 0
0.201566 1.000000 0.000000 0.572319 0.427681 1.000000 1.000000 1.000000 0.572319 0.000000 0.000000 0.000000 0.000000 0.000000 0.000000 458.930525 458.997253 168.738616 295.889960 0
0.205447 1.000000 0.000000 0.572319 0.427681 1.000000 1.000000 1.000000 0.572319 0.000000 0.000000 0.000000 0.000000 0.000000 0.000000 458.466474 458.533173 168.704733 295.627169 0
0.209338 1.000000 0.000000 0.572319 0.427681 1.000000 1.000000 1.000000 0.572319 0.000000 0.000000 0.000000 0.000000 0.000000 0.000000 457.955259 458.021942 168.668404 295.345238 0
0.213238 1.000000 0.000000 0.572319 0.427681 1.000000 1.000000 1.000000 0.572319 0.000000 0.000000 0.000000 0.000000 0.000000 0.000000 457.399946 457.466522 168.629789 295.045420 0
0.217149 1.000000 0.000000 0.572319 0.427681 1.000000 1.000000 1.000000 0.572319 0.000000 0.000000 0.000000 0.000000 0.000000 0.000000 456.803488 456.869965 168.589038 294.728894 0
0.221071 1.000000 0.000000 0.572319 0.427681 1.000000 1.000000 1.000000 0.572319 0.000000 0.000000 0.000000 0.000000 0.000000 0.000000 456.168529 456.234955 168.546290 294.396749 0
0.225003 1.000000 0.000000 0.572319 0.427681 1.000000 1.000000 1.000000 0.572319 0.000000 0.000000 0.000000 0.000000 0.000000 0.000000 455.497620 455.563965 168.501676 294.050011 0
0.228947 1.000000 0.000000 0.572319 0.427681 1.000000 1.000000 1.000000 0.572319 0.000000 0.000000 0.000000 0.000000 0.000000 0.000000 454.793102 454.859344 168.455319 293.689634 0
0.232903 1.000000 0.000000 0.572319 0.427681 1.000000 1.000000 1.000000 0.572319 0.000000 0.000000 0.000000 0.000000 0.000000 0.000000 454.057195 454.123291 168.407333 293.316512 0
0.236870 1.000000 0.000000 0.572319 0.427681 1.000000 1.000000 1.000000 0.572319 0.000000 0.000000 0.000000 0.000000 0.000000 0.000000 453.291944 453.357910 168.357824 292.931481 0
0.240850 1.000000 0.000000 0.572319 0.427681 1.000000 1.000000 1.000000 0.572319 0.000000 0.000000 0.000000 0.000000 0.000000 0.000000 452.499261 452.565125 168.306893 292.535322 0
0.244842 1.000000 0.000000 0.572319 0.427681 1.000000 1.000000 1.000000 0.572319 0.000000 0.000000 0.000000 0.000000 0.000000 0.000000 451.680966 451.746704 168.254632 292.128768 0
0.248846 1.000000 0.000000 0.572319 0.427681 1.000000 1.000000 1.000000 0.572319 0.000000 0.000000 0.000000 0.000000 0.000000 0.000000 450.838730 450.904327 168.201130 291.712498 0
0.252864 1.000000 0.000000 0.572319 0.427681 1.000000 1.000000 1.000000 0.572319 0.000000 0.000000 0.000000 0.000000 0.000000 0.000000 449.974154 450.039581 168.146467 291.287155 0
0.256895 1.000000 0.000000 0.572319 0.427681 1.000000 1.000000 1.000000 0.572319 0.000000 0.000000 0.000000 0.000000 0.000000 0.000000 449.088696 449.153961 168.090721 290.853337 0
0.260939 1.000000 0.000000 0.572319 0.427681 1.000000 1.000000 1.000000 0.572319 0.000000 0.000000 0.000000 0.000000 0.000000 0.000000 448.183739 448.248779 168.033963 290.411605 0
0.264997 1.000000 0.000000 0.572319 0.427681 1.000000 1.000000 1.000000 0.572319 0.000000 0.000000 0.000000 0.000000 0.000000 0.000000 447.260564 447.325439 167.976260 289.962481 0
0.269068 1.000000 0.000000 0.572319 0.427681 1.000000 1.000000 1.000000 0.572319 0.000000 0.000000 0.000000 0.000000 0.000000 0.000000 446.320377 446.385071 167.917674 289.506455 0
0.273154 1.000000 0.000000 0.572319 0.427681 1.000000 1.000000 1.000000 0.572319 0.000000 0.000000 0.000000 0.000000 0.000000 0.000000 445.364325 445.428833 167.858265 289.043986 0
0.277254 1.000000 0.000000 0.572319 0.427681 1.000000 1.000000 1.000000 0.572319 0.000000 0.000000 0.000000 0.000000 0.000000 0.000000 444.393469 444.457764 167.798087 288.575508 0
0.281369 1.000000 0.000000 0.572319 0.427681 1.000000 1.000000 1.000000 0.572319 0.000000 0.000000 0.000000 0.000000 0.000000 0.000000 443.408779 443.472931 167.737192 288.101416 0
0.285498 1.000000 0.000000 0.572319 0.427681 1.000000 1.000000 1.000000 0.572319 0.000000 0.000000 0.000000 0.000000 0.000000 0.000000 442.411202 442.475159 167.675627 287.622090 0
0.289643 1.000000 0.000000 0.572319 0.427681 1.000000 1.000000 1.000000 0.572319 0.000000 0.000000 0.000000 0.000000 0.000000 0.000000 441.401596 441.465363 167.613438 287.137879 0
0.293802 1.000000 0.000000 0.572319 0.427681 1.000000 1.000000 1.000000 0.572319 0.000000 0.000000 0.000000 0.000000 0.000000 0.000000 440.380771 440.444336 167.550666 286.649113 0
0.297977 1.000000 0.000000 0.572319 0.427681 1.000000 1.000000 1.000000 0.572319 0.000000 0.000000 0.000000 0.000000 0.000000 0.000000 439.349476 439.412811 167.487351 286.156102 0
0.302167 1.000000 0.000000 0.572319 0.427681 1.000000 1.000000 1.000000 0.572319 0.000000 0.000000 0.000000 0.000000 0.000000 0.000000 438.308433 438.371552 167.423529 285.659132 0
0.306374 1.000000 0.000000 0.572319 0.427681 1.000000 1.000000 1.000000 0.572319 0.000000 0.000000 0.000000 0.000000 0.000000 0.000000 437.258299 437.321167 167.359236 285.158471 0
0.310596 1.000000 0.000000 0.572319 0.427681 1.000000 1.000000 1.000000 0.572319 0.000000 0.000000 0.000000 0.000000 0.000000 0.000000 436.199710 436.262360 167.294503 284.654375 0
0.314834 1.000000 0.000000 0.572319 0.427681 1.000000 1.000000 1.000000 0.572319 0.000000 0.000000 0.000000 0.000000 0.000000 0.000000 435.133231 435.195709 167.229361 284.147075 0
0.319088 1.000000 0.000000 0.572319 0.427681 1.000000 1.000000 1.000000 0.572319 0.000000 0.000000 0.000000 0.000000 0.000000 0.000000 434.059406 434.121643 167.163837 283.636795 0
0.323359 1.000000 0.000000 0.572319 0.427681 1.000000 1.000000 1.000000 0.572319 0.000000 0.000000 0.000000 0.000000 0.000000 0.000000 432.978740 433.040741 167.097959 283.123741 0
0.327646 1.000000 0.000000 0.572319 0.427681 1.000000 1.000000 1.000000 0.572319 0.000000 0.000000 0.000000 0.000000 0.000000 0.000000 431.891717 431.953491 167.031749 282.608102 0
0.331951 1.000000 0.000000 0.572319 0.427681 1.000000 1.000000 1.000000 0.572319 0.000000 0.000000 0.000000 0.000000 0.000000 0.000000 430.798756 430.860260 166.965233 282.090058 0
0.336272 1.000000 0.000000 0.572319 0.427681 1.000000 1.000000 1.000000 0.572319 0.000000 0.000000 0.000000 0.000000 0.000000 0.000000 429.700316 429.761627 166.898430 281.569779 0
0.340611 1.000000 0.000000 0.572319 0.427681 1.000000 1.000000 1.000000 0.572319 0.000000 0.000000 0.000000 0.000000 0.000000 0.000000 428.596752 428.657806 166.831361 281.047424 0
0.344967 1.000000 0.000000 0.572319 0.427681 1.000000 1.000000 1.000000 0.572319 0.000000 0.000000 0.000000 0.000000 0.000000 0.000000 427.488432 427.549286 166.764045 280.523137 0
0.349340 1.000000 0.000000 0.572319 0.427681 1.000000 1.000000 1.000000 0.572319 0.000000 0.000000 0.000000 0.000000 0.000000 0.000000 426.375690 426.436340 166.696499 279.997052 0
0.353731 1.000000 0.000000 0.572319 0.427681 1.000000 1.000000 1.000000 0.572319 0.000000 0.000000 0.000000 0.000000 0.000000 0.000000 425.258852 425.319275 166.628740 279.469301 0
0.358141 1.000000 0.000000 0.572319 0.427681 1.000000 1.000000 1.000000 0.572319 0.000000 0.000000 0.000000 0.000000 0.000000 0.000000 424.138178 424.198334 166.560783 278.940001 0
0.362568 1.000000 0.000000 0.572319 0.427681 1.000000 1.000000 1.000000 0.572319 0.000000 0.000000 0.000000 0.000000 0.000000 0.000000 423.013983 423.073914 166.492642 278.409266 0
0.367013 1.000000 0.000000 0.572319 0.427681 1.000000 1.000000 1.000000 0.572319 0.000000 0.000000 0.000000 0.000000 0.000000 0.000000 421.886513 421.946136 166.424330 277.877200 0
0.371477 1.000000 0.000000 0.572319 0.427681 1.000000 1.000000 1.000000 0.572319 0.000000 0.000000 0.000000 0.000000 0.000000 0.000000 420.755992 420.815399 166.355860 277.343899 0
0.375960 1.000000 0.000000 0.572319 0.427681 1.000000 1.000000 1.000000 0.572319 0.000000 0.000000 0.000000 0.000000 0.000000 0.000000 419.622661 419.681824 166.287244 276.809454 0
0.380461 1.000000 0.000000 0.572319 0.427681 1.000000 1.000000 1.000000 0.572319 0.000000 0.000000 0.000000 0.000000 0.000000 0.000000 418.486714 418.545624 166.218492 276.273947 0
0.384982 1.000000 0.000000 0.572319 0.427681 1.000000 1.000000 1.000000 0.572319 0.000000 0.000000 0.000000 0.000000 0.000000 0.000000 417.348355 417.407013 166.149614 275.737459 0
0.389522 1.000000 0.000000 0.572319 0.427681 1.000000 1.000000 1.000000 0.572319 0.000000 0.000000 0.000000 0.000000 0.000000 0.000000 416.207755 416.266144 166.080620 275.200063 0
0.394081 1.000000 0.000000 0.572319 0.427681 1.000000 1.000000 1.000000 0.572319 0.000000 0.000000 0.000000 0.000000 0.000000 0.000000 415.065097 415.123260 166.011518 274.661826 0
0.398659 1.000000 0.000000 0.572319 0.427681 1.000000 1.000000 1.000000 0.572319 0.000000 0.000000 0.000000 0.000000 0.000000 0.000000 413.920520 413.978455 165.942316 274.122813 0
0.403258 1.000000 0.000000 0.572319 0.427681 1.000000 1.000000 1.000000 0.572319 0.000000 0.000000 0.000000 0.000000 0.000000 0.000000 412.774173 412.831848 165.873023 273.583081 0
0.407876 1.000000 0.000000 0.572319 0.427681 1.000000 1.000000 1.000000 0.572319 0.000000 0.000000 0.000000 0.000000 0.000000 0.000000 411.626199 411.683655 165.803644 273.042688 0
0.412514 1.000000 0.000000 0.572319 0.427681 1.000000 1.000000 1.000000 0.572319 0.000000 0.000000 0.000000 0.000000 0.000000 0.000000 410.476731 410.533905 165.734188 272.501686 0
0.417173 1.000000 0.000000 0.572319 0.427681 1.000000 1.000000 1.000000 0.572319 0.000000 0.000000 0.000000 0.000000 0.000000 0.000000 409.325880 409.382782 165.664659 271.960120 0
0.421852 1.000000 0.000000 0.572319 0.427681 1.000000 1.000000 1.000000 0.572319 0.000000 0.000000 0.000000 0.000000 0.000000 0.000000 408.173722 408.230408 165.595063 271.418035 0
0.426552 1.000000 0.000000 0.572319 0.427681 1.000000 1.000000 1.000000 0.572319 0.000000 0.000000 0.000000 0.000000 0.000000 0.000000 407.020421 407.076843 165.525406 270.875474 0
0.431273 1.000000 0.000000 0.572319 0.427681 1.000000 1.000000 1.000000 0.572319 0.000000 0.000000 0.000000 0.000000 0.000000 0.000000 405.866037 405.922211 165.455693 270.332473 0
0.436015 1.000000 0.000000 0.572319 0.427681 1.000000 1.000000 1.000000 0.572319 0.000000 0.000000 0.000000 0.000000 0.000000 0.000000 404.710640 404.766571 165.385928 269.789069 0
0.440778 1.000000 0.000000 0.572319 0.427681 1.000000 1.000000 1.000000 0.572319 0.000000 0.000000 0.000000 0.000000 0.000000 0.000000 403.554340 403.610016 165.316115 269.245296 0
0.445562 1.000000 0.000000 0.572319 0.427681 1.000000 1.000000 1.000000 0.572319 0.000000 0.000000 0.000000 0.000000 0.000000 0.000000 402.397220 402.452637 165.246259 268.701182 0
0.450369 1.000000 0.000000 0.572319 0.427681 1.000000 1.000000 1.000000 0.572319 0.000000 0.000000 0.000000 0.000000 0.000000 0.000000 401.239325 401.294525 165.176363 268.156759 0
0.455197 1.000000 0.000000 0.572319 0.427681 1.000000 1.000000 1.000000 0.572319 0.000000 0.000000 0.000000 0.000000 0.000000 0.000000 400.080747 400.135712 165.106430 267.612053 0
0.460047 1.000000 0.000000 0.572319 0.427681 1.000000 1.000000 1.000000 0.572319 0.000000 0.000000 0.000000 0.000000 0.000000 0.000000 398.921520 398.976227 165.036465 267.067090 0
0.464920 1.000000 0.000000 0.572319 0.427681 1.000000 1.000000 1.000000 0.572319 0.000000 0.000000 0.000000 0.000000 0.000000 0.000000 397.761708 397.816132 164.966468 266.521891 0
0.469815 1.000000 0.000000 0.572319 0.427681 1.000000 1.000000 1.000000 0.572319 0.000000 0.000000 0.000000 0.000000 0.000000 0.000000 396.601370 396.655518 164.896445 265.976477 0
0.474733 1.000000 0.000000 0.572319 0.427681 1.000000 1.000000 1.000000 0.572319 0.000000 0.000000 0.000000 0.000000 0.000000 0.000000 395.440573 395.494507 164.826396 265.430869 0
0.984733 1.000000 0.000000 0.572319 0.427681 1.000000 1.000000 1.000000 0.572319 0.000000 0.000000 0.000000 0.000000 0.000000 0.000000 303.247424 303.281647 159.274263 222.170347 0
1.494733 1.000000 0.000000 0.572319 0.427681 1.000000 1.000000 1.000000 0.572319 0.000000 0.000000 0.000000 0.000000 0.000000 0.000000 243.610595 243.631531 155.665146 194.084963 0
2.004733 1.000000 0.000000 0.572319 0.427681 1.000000 1.000000 1.000000 0.572319 0.000000 0.000000 0.000000 0.000000 0.000000 0.000000 207.185357 207.198135 153.460760 176.930898 0
2.514733 1.000000 0.000000 0.572319 0.427681 1.000000 1.000000 1.000000 0.572319 0.000000 0.000000 0.000000 0.000000 0.000000 0.000000 184.937856 184.945663 152.114383 166.453682 0
3.024733 1.000000 0.000000 0.572319 0.427681 1.000000 1.000000 1.000000 0.572319 0.000000 0.000000 0.000000 0.000000 0.000000 0.000000 171.349711 171.354462 151.292055 160.054495 0
3.534733 1.000000 0.000000 0.572319 0.427681 1.000000 1.000000 1.000000 0.572319 0.000000 0.000000 0.000000 0.000000 0.000000 0.000000 163.050457 163.053375 150.789800 156.146052 0
4.044733 1.000000 0.000000 0.572319 0.427681 1.000000 1.000000 1.000000 0.572319 0.000000 0.000000 0.000000 0.000000 0.000000 0.000000 157.981505 157.983276 150.483037 153.758885 0
4.554733 1.000000 0.000000 0.572319 0.427681 1.000000 1.000000 1.000000 0.572319 0.000000 0.000000 0.000000 0.000000 0.000000 0.000000 154.885530 154.886612 150.295674 152.300870 0
5.064733 1.000000 0.000000 0.572319 0.427681 1.000000 1.000000 1.000000 0.572319 0.000000 0.000000 0.000000 0.000000 0.000000 0.000000 152.994594 152.995255 150.181238 151.410355 0
5.574733 1.000000 0.000000 0.572319 0.427681 1.000000 1.000000 1.000000 0.572319 0.000000 0.000000 0.000000 0.000000 0.000000 0.000000 151.839661 151.840073 150.111344 150.866451 0
6.084733 1.000000 0.000000 0.572319 0.427681 1.000000 1.000000 1.000000 0.572319 0.000000 0.000000 0.000000 0.000000 0.000000 0.000000 151.134256 151.134506 150.068654 150.534249 0
6.594733 1.000000 0.000000 0.572319 0.427681 1.000000 1.000000 1.000000 0.572319 0.000000 0.000000 0.000000 0.000000 0.000000 0.000000 150.703411 150.703568 150.042580 150.331347 0
7.104733 1.000000 0.000000 0.572319 0.427681 1.000000 1.000000 1.000000 0.572319 0.000000 0.000000 0.000000 0.000000 0.000000 0.000000 150.440259 150.440369 150.026655 150.207417 0
7.614733 1.000000 0.000000 0.572319 0.427681 1.000000 1.000000 1.000000 0.572319 0.000000 0.000000 0.000000 0.000000 0.000000 0.000000 150.279527 150.279587 150.016928 150.131722 0
8.124733 1.000000 0.000000 0.572319 0.427681 1.000000 1.000000 1.000000 0.572319 0.000000 0.000000 0.000000 0.000000 0.000000 0.000000 150.181350 150.181381 150.010986 150.085487 0
8.634733 1.000000 0.000000 0.572319 0.427681 1.000000 1.000000 1.000000 0.572319 0.000000 0.000000 0.000000 0.000000 0.000000 0.000000 150.121383 150.121414 150.007357 150.057245 0
9.144733 1.000000 0.000000 0.572319 0.427681 1.000000 1.000000 1.000000 0.572319 0.000000 0.000000 0.000000 0.000000 0.000000 0.000000 150.084751 150.084763 150.005140 150.039993 0
9.654733 1.000000 0.000000 0.572319 0.427681 1.000000 1.000000 1.000000 0.572319 0.000000 0.000000 0.000000 0.000000 0.000000 0.000000 150.062376 150.062393 150.003786 150.029455 0
10.164733 1.000000 0.000000 0.572319 0.427681 1.000000 1.000000 1.000000 0.572319 0.000000 0.000000 0.000000 0.000000 0.000000 0.000000 150.048702 150.048721 150.002958 150.023016 0
10.674733 1.000000 0.000000 0.572319 0.427681 1.000000 1.000000 1.000000 0.572319 0.000000 0.000000 0.000000 0.000000 0.000000 0.000000 150.040347 150.040359 150.002453 150.019081 0
