0.600000 1.000000 0.000000 0.000000 1.000000 1.000000 1.000000 1.000000 0.000000 0.000000 0.000000 0.000000 0.000000 0.000000 0.000000 150.000000 150.000000 150.000000 150.000000 0
0.602876 1.000000 0.000000 0.000000 1.000000 1.000000 1.000000 1.000000 0.000000 0.000000 0.000000 0.000000 0.000000 0.000000 0.000000 157.495388 157.495392 150.784858 155.887544 0
0.603299 1.000000 0.000000 0.000000 1.000000 1.000000 1.000000 1.000000 0.000000 0.000000 0.000000 0.000000 0.000000 0.000000 0.000000 158.596114 158.596115 150.892704 156.719437 0
0.603702 1.000000 0.000000 0.000000 1.000000 1.000000 1.000000 1.000000 0.000000 0.000000 0.000000 0.000000 0.000000 0.000000 0.000000 159.643075 159.643082 150.993079 157.495246 0
0.604089 1.000000 0.000000 0.000000 1.000000 1.000000 1.000000 1.000000 0.000000 0.000000 0.000000 0.000000 0.000000 0.000000 0.000000 160.647535 160.647537 151.087562 158.226675 0
0.604462 1.000000 0.000000 0.000000 1.000000 1.000000 1.000000 1.000000 0.000000 0.000000 0.000000 0.000000 0.000000 0.000000 0.000000 161.617029 161.617050 151.177221 158.921596 0
0.604825 1.000000 0.000000 0.000000 1.000000 1.000000 1.000000 1.000000 0.000000 0.000000 0.000000 0.000000 0.000000 0.000000 0.000000 162.556944 162.556961 151.262813 159.585613 0
0.605177 1.000000 0.000000 0.000000 1.000000 1.000000 1.000000 1.000000 0.000000 0.000000 0.000000 0.000000 0.000000 0.000000 0.000000 163.471263 163.471283 151.344894 160.222880 0
0.605521 1.000000 0.000000 0.000000 1.000000 1.000000 1.000000 1.000000 0.000000 0.000000 0.000000 0.000000 0.000000 0.000000 0.000000 164.363056 164.363083 151.423893 160.836623 0
0.605857 1.000000 0.000000 0.000000 1.000000 1.000000 1.000000 1.000000 0.000000 0.000000 0.000000 0.000000 0.000000 0.000000 0.000000 165.234804 165.234818 151.500157 161.429439 0
0.606187 1.000000 0.000000 0.000000 1.000000 1.000000 1.000000 1.000000 0.000000 0.000000 0.000000 0.000000 0.000000 0.000000 0.000000 166.088517 166.088547 151.573960 162.003402 0
0.607781 1.000000 0.000000 0.000000 1.000000 1.000000 1.000000 1.000000 0.000000 0.000000 0.000000 0.000000 0.000000 0.000000 0.000000 170.214349 170.214386 151.919380 164.692682 0
0.609265 1.000000 0.000000 0.000000 1.000000 1.000000 1.000000 1.000000 0.000000 0.000000 0.000000 0.000000 0.000000 0.000000 0.000000 174.048887 174.048950 152.225482 167.079028 0
0.610670 1.000000 0.000000 0.000000 1.000000 1.000000 1.000000 1.000000 0.000000 0.000000 0.000000 0.000000 0.000000 0.000000 0.000000 177.668001 177.668121 152.502813 169.243032 0
0.612012 1.000000 0.000000 0.000000 1.000000 1.000000 1.000000 1.000000 0.000000 0.000000 0.000000 0.000000 0.000000 0.000000 0.000000 181.116515 181.116730 152.757711 171.233319 0
0.613304 1.000000 0.000000 0.000000 1.000000 1.000000 1.000000 1.000000 0.000000 0.000000 0.000000 0.000000 0.000000 0.000000 0.000000 184.423221 184.423538 152.994381 173.082235 0
0.614554 1.000000 0.000000 0.000000 1.000000 1.000000 1.000000 1.000000 0.000000 0.000000 0.000000 0.000000 0.000000 0.000000 0.000000 187.607805 187.608276 153.215799 174.812725 0
0.615768 1.000000 0.000000 0.000000 1.000000 1.000000 1.000000 1.000000 0.000000 0.000000 0.000000 0.000000 0.000000 0.000000 0.000000 190.684183 190.684875 153.424173 176.441833 0
0.616950 1.000000 0.000000 0.000000 1.000000 1.000000 1.000000 1.000000 0.000000 0.000000 0.000000 0.000000 0.000000 0.000000 0.000000 193.662697 193.663589 153.621202 177.982697 0
0.618105 1.000000 0.000000 0.000000 1.000000 1.000000 1.000000 1.000000 0.000000 0.000000 0.000000 0.000000 0.000000 0.000000 0.000000 196.551227 196.552368 153.808227 179.445686 0
0.619236 1.000000 0.000000 0.000000 1.000000 1.000000 1.000000 1.000000 0.000000 0.000000 0.000000 0.000000 0.000000 0.000000 0.000000 199.355966 199.357422 153.986331 180.839208 0
0.620345 1.000000 0.000000 0.000000 1.000000 1.000000 1.000000 1.000000 0.000000 0.000000 0.000000 0.000000 0.000000 0.000000 0.000000 202.081988 202.083786 154.156409 182.170176 0
0.621434 1.000000 0.000000 0.000000 1.000000 1.000000 1.000000 1.000000 0.000000 0.000000 0.000000 0.000000 0.000000 0.000000 0.000000 204.733544 204.735687 154.319206 183.444396 0
0.622505 1.000000 0.000000 0.000000 1.000000 1.000000 1.000000 1.000000 0.000000 0.000000 0.000000 0.000000 0.000000 0.000000 0.000000 207.314229 207.316757 154.475356 184.666765 0
0.623559 1.000000 0.000000 0.000000 1.000000 1.000000 1.000000 1.000000 0.000000 0.000000 0.000000 0.000000 0.000000 0.000000 0.000000 209.827221 209.830139 154.625398 185.841493 0
0.624599 1.000000 0.000000 0.000000 1.000000 1.000000 1.000000 1.000000 0.000000 0.000000 0.000000 0.000000 0.000000 0.000000 0.000000 212.275379 212.278702 154.769804 186.972226 0
0.625624 1.000000 0.000000 0.000000 1.000000 1.000000 1.000000 1.000000 0.000000 0.000000 0.000000 0.000000 0.000000 0.000000 0.000000 214.661237 214.664978 154.908981 188.062144 0
0.626636 1.000000 0.000000 0.000000 1.000000 1.000000 1.000000 1.000000 0.000000 0.000000 0.000000 0.000000 0.000000 0.000000 0.000000 216.987165 216.991318 155.043291 189.114054 0
0.627636 1.000000 0.000000 0.000000 1.000000 1.000000 1.000000 1.000000 0.000000 0.000000 0.000000 0.000000 0.000000 0.000000 0.000000 219.255395 219.260056 155.173052 190.130437 0
0.628625 1.000000 0.000000 0.000000 1.000000 1.000000 1.000000 1.000000 0.000000 0.000000 0.000000 0.000000 0.000000 0.000000 0.000000 221.467887 221.472992 155.298548 191.113501 0
0.629603 1.000000 0.000000 0.000000 1.000000 1.000000 1.000000 1.000000 0.000000 0.000000 0.000000 0.000000 0.000000 0.000000 0.000000 223.626606 223.632172 155.420035 192.065234 0
0.630570 1.000000 0.000000 0.000000 1.000000 1.000000 1.000000 1.000000 0.000000 0.000000 0.000000 0.000000 0.000000 0.000000 0.000000 225.733354 225.739410 155.537741 192.987423 0
0.631529 1.000000 0.000000 0.000000 1.000000 1.000000 1.000000 1.000000 0.000000 0.000000 0.000000 0.000000 0.000000 0.000000 0.000000 227.789841 227.796326 155.651876 193.881689 0
0.632479 1.000000 0.000000 0.000000 1.000000 1.000000 1.000000 1.000000 0.000000 0.000000 0.000000 0.000000 0.000000 0.000000 0.000000 229.797688 229.804672 155.762627 194.749504 0
0.633420 1.000000 0.000000 0.000000 1.000000 1.000000 1.000000 1.000000 0.000000 0.000000 0.000000 0.000000 0.000000 0.000000 0.000000 231.758464 231.765915 155.870168 195.592215 0
0.634353 1.000000 0.000000 0.000000 1.000000 1.000000 1.000000 1.000000 0.000000 0.000000 0.000000 0.000000 0.000000 0.000000 0.000000 233.673632 233.681519 155.974656 196.411050 0
0.635278 1.000000 0.000000 0.000000 1.000000 1.000000 1.000000 1.000000 0.000000 0.000000 0.000000 0.000000 0.000000 0.000000 0.000000 235.544638 235.552994 156.076237 197.207148 0
0.636197 1.000000 0.000000 0.000000 1.000000 1.000000 1.000000 1.000000 0.000000 0.000000 0.000000 0.000000 0.000000 0.000000 0.000000 237.372788 237.381638 156.175044 197.981541 0
0.637108 1.000000 0.000000 0.000000 1.000000 1.000000 1.000000 1.000000 0.000000 0.000000 0.000000 0.000000 0.000000 0.000000 0.000000 239.159411 239.168701 156.271200 198.735200 0
0.638013 1.000000 0.000000 0.000000 1.000000 1.000000 1.000000 1.000000 0.000000 0.000000 0.000000 0.000000 0.000000 0.000000 0.000000 240.905742 240.915482 156.364820 199.469018 0
0.638911 1.000000 0.000000 0.000000 1.000000 1.000000 1.000000 1.000000 0.000000 0.000000 0.000000 0.000000 0.000000 0.000000 0.000000 242.613004 242.623184 156.456012 200.183829 0
0.639804 1.000000 0.000000 0.000000 1.000000 1.000000 1.000000 1.000000 0.000000 0.000000 0.000000 0.000000 0.000000 0.000000 0.000000 244.282327 244.292953 156.544875 200.880407 0
0.640691 1.000000 0.000000 0.000000 1.000000 1.000000 1.000000 1.000000 0.000000 0.000000 0.000000 0.000000 0.000000 0.000000 0.000000 245.914815 245.925873 156.631499 201.559475 0
0.641572 1.000000 0.000000 0.000000 1.000000 1.000000 1.000000 1.000000 0.000000 0.000000 0.000000 0.000000 0.000000 0.000000 0.000000 247.511508 247.523041 156.715973 202.221706 0
0.642448 1.000000 0.000000 0.000000 1.000000 1.000000 1.000000 1.000000 0.000000 0.000000 0.000000 0.000000 0.000000 0.000000 0.000000 249.073425 249.085358 156.798378 202.867740 0
0.643319 1.000000 0.000000 0.000000 1.000000 1.000000 1.000000 1.000000 0.000000 0.000000 0.000000 0.000000 0.000000 0.000000 0.000000 250.601556 250.613922 156.878790 203.498168 0
0.644186 1.000000 0.000000 0.000000 1.000000 1.000000 1.000000 1.000000 0.000000 0.000000 0.000000 0.000000 0.000000 0.000000 0.000000 252.096822 252.109573 156.957280 204.113551 0
0.645047 1.000000 0.000000 0.000000 1.000000 1.000000 1.000000 1.000000 0.000000 0.000000 0.000000 0.000000 0.000000 0.000000 0.000000 253.560167 253.573364 157.033917 204.714422 0
0.645904 1.000000 0.000000 0.000000 1.000000 1.000000 1.000000 1.000000 0.000000 0.000000 0.000000 0.000000 0.000000 0.000000 0.000000 254.992427 255.006027 157.108763 205.301275 0
0.646757 1.000000 0.000000 0.000000 1.000000 1.000000 1.000000 1.000000 0.000000 0.000000 0.000000 0.000000 0.000000 0.000000 0.000000 256.394457 256.408508 157.181880 205.874584 0
0.647605 1.000000 0.000000 0.000000 1.000000 1.000000 1.000000 1.000000 0.000000 0.000000 0.000000 0.000000 0.000000 0.000000 0.000000 257.767063 257.781464 157.253324 206.434791 0
0.648449 1.000000 0.000000 0.000000 1.000000 1.000000 1.000000 1.000000 0.000000 0.000000 0.000000 0.000000 0.000000 0.000000 0.000000 259.110971 259.125702 157.323149 206.982318 0
0.649290 1.000000 0.000000 0.000000 1.000000 1.000000 1.000000 1.000000 0.000000 0.000000 0.000000 0.000000 0.000000 0.000000 0.000000 260.427034 260.442169 157.391407 207.517570 0
0.650127 1.000000 0.000000 0.000000 1.000000 1.000000 1.000000 1.000000 0.000000 0.000000 0.000000 0.000000 0.000000 0.000000 0.000000 261.715926 261.731567 157.458146 208.040930 0
0.650960 1.000000 0.000000 0.000000 1.000000 1.000000 1.000000 1.000000 0.000000 0.000000 0.000000 0.000000 0.000000 0.000000 0.000000 262.978370 262.994324 157.523413 208.552757 0
0.651789 1.000000 0.000000 0.000000 1.000000 1.000000 1.000000 1.000000 0.000000 0.000000 0.000000 0.000000 0.000000 0.000000 0.000000 264.215018 264.231293 157.587254 209.053403 0
0.652616 1.000000 0.000000 0.000000 1.000000 1.000000 1.000000 1.000000 0.000000 0.000000 0.000000 0.000000 0.000000 0.000000 0.000000 265.426571 265.443207 157.649708 209.543194 0
0.653439 1.000000 0.000000 0.000000 1.000000 1.000000 1.000000 1.000000 0.000000 0.000000 0.000000 0.000000 0.000000 0.000000 0.000000 266.613586 266.630585 157.710817 210.022443 0
0.654258 1.000000 0.000000 0.000000 1.000000 1.000000 1.000000 1.000000 0.000000 0.000000 0.000000 0.000000 0.000000 0.000000 0.000000 267.776717 267.794067 157.770618 210.491450 0
0.655075 1.000000 0.000000 0.000000 1.000000 1.000000 1.000000 1.000000 0.000000 0.000000 0.000000 0.000000 0.000000 0.000000 0.000000 268.916579 268.934265 157.829149 210.950504 0
0.655889 1.000000 0.000000 0.000000 1.000000 1.000000 1.000000 1.000000 0.000000 0.000000 0.000000 0.000000 0.000000 0.000000 0.000000 270.033683 270.051636 157.886444 211.399875 0
0.656700 1.000000 0.000000 0.000000 1.000000 1.000000 1.000000 1.000000 0.000000 0.000000 0.000000 0.000000 0.000000 0.000000 0.000000 271.128625 271.146942 157.942538 211.839833 0
0.657508 1.000000 0.000000 0.000000 1.000000 1.000000 1.000000 1.000000 0.000000 0.000000 0.000000 0.000000 0.000000 0.000000 0.000000 272.201912 272.220581 157.997463 212.270626 0
0.658313 1.000000 0.000000 0.000955 0.999045 1.000000 1.000000 1.000000 0.000955 0.000000 0.000000 0.000000 0.000000 0.000000 0.000000 273.254028 273.273071 158.051248 212.692497 0
0.659115 1.000000 0.000000 0.011331 0.988669 1.000000 1.000000 1.000000 0.011331 0.000000 0.000000 0.000000 0.000000 0.000000 0.000000 274.285526 274.304901 158.103925 213.105677 0
0.659916 1.000000 0.000000 0.021174 0.978826 1.000000 1.000000 1.000000 0.021174 0.000000 0.000000 0.000000 0.000000 0.000000 0.000000 275.296916 275.316498 158.155521 213.510393 0
0.660713 1.000000 0.000000 0.030468 0.969532 1.000000 1.000000 1.000000 0.030468 0.000000 0.000000 0.000000 0.000000 0.000000 0.000000 276.288581 276.308533 158.206064 213.906855 0
0.661508 1.000000 0.000000 0.039133 0.960867 1.000000 1.000000 1.000000 0.039133 0.000000 0.000000 0.000000 0.000000 0.000000 0.000000 277.260989 277.281219 158.255581 214.295273 0
0.662301 1.000000 0.000000 0.047385 0.952615 1.000000 1.000000 1.000000 0.047385 0.000000 0.000000 0.000000 0.000000 0.000000 0.000000 278.214597 278.235107 158.304097 214.675847 0
0.663092 1.000000 0.000000 0.055390 0.944610 1.000000 1.000000 1.000000 0.055390 0.000000 0.000000 0.000000 0.000000 0.000000 0.000000 279.149857 279.170624 158.351636 215.048764 0
0.663880 1.000000 0.000000 0.062726 0.937274 1.000000 1.000000 1.000000 0.062726 0.000000 0.000000 0.000000 0.000000 0.000000 0.000000 280.067105 280.088196 158.398222 215.414209 0
0.664666 1.000000 0.000000 0.069840 0.930160 1.000000 1.000000 1.000000 0.069840 0.000000 0.000000 0.000000 0.000000 0.000000 0.000000 280.966841 280.988129 158.443877 215.772363 0
0.665450 1.000000 0.000000 0.076755 0.923245 1.000000 1.000000 1.000000 0.076755 0.000000 0.000000 0.000000 0.000000 0.000000 0.000000 281.849386 281.870972 158.488625 216.123399 0
0.666233 1.000000 0.000000 0.083303 0.916697 1.000000 1.000000 1.000000 0.083303 0.000000 0.000000 0.000000 0.000000 0.000000 0.000000 282.715137 282.736969 158.532484 216.467478 0
0.667013 1.000000 0.000000 0.089335 0.910665 1.000000 1.000000 1.000000 0.089335 0.000000 0.000000 0.000000 0.000000 0.000000 0.000000 283.564430 283.586578 158.575477 216.804763 0
0.667791 1.000000 0.000000 0.095518 0.904482 1.000000 1.000000 1.000000 0.095518 0.000000 0.000000 0.000000 0.000000 0.000000 0.000000 284.397689 284.420166 158.617622 217.135409 0
0.668567 1.000000 0.000000 0.101048 0.898952 1.000000 1.000000 1.000000 0.101048 0.000000 0.000000 0.000000 0.000000 0.000000 0.000000 285.215199 285.237823 158.658940 217.459564 0
0.669342 1.000000 0.000000 0.106467 0.893533 1.000000 1.000000 1.000000 0.106467 0.000000 0.000000 0.000000 0.000000 0.000000 0.000000 286.017286 286.040222 158.699449 217.777376 0
0.670114 1.000000 0.000000 0.111798 0.888202 1.000000 1.000000 1.000000 0.111798 0.000000 0.000000 0.000000 0.000000 0.000000 0.000000 286.804327 286.827454 158.739166 218.088982 0
0.670885 1.000000 0.000000 0.116787 0.883213 1.000000 1.000000 1.000000 0.116787 0.000000 0.000000 0.000000 0.000000 0.000000 0.000000 287.576558 287.599915 158.778108 218.394519 0
0.671655 1.000000 0.000000 0.121689 0.878311 1.000000 1.000000 1.000000 0.121689 0.000000 0.000000 0.000000 0.000000 0.000000 0.000000 288.334387 288.358002 158.816293 218.694119 0
0.672422 1.000000 0.000000 0.126336 0.873664 1.000000 1.000000 1.000000 0.126336 0.000000 0.000000 0.000000 0.000000 0.000000 0.000000 289.078001 289.101807 158.853737 218.987906 0
0.673189 1.000000 0.000000 0.130792 0.869208 1.000000 1.000000 1.000000 0.130792 0.000000 0.000000 0.000000 0.000000 0.000000 0.000000 289.807759 289.831879 158.890455 219.276006 0
0.673953 1.000000 0.000000 0.135089 0.864911 1.000000 1.000000 1.000000 0.135089 0.000000 0.000000 0.000000 0.000000 0.000000 0.000000 290.523881 290.548157 158.926463 219.558539 0
0.674716 1.000000 0.000000 0.139274 0.860726 1.000000 1.000000 1.000000 0.139274 0.000000 0.000000 0.000000 0.000000 0.000000 0.000000 291.226747 291.251221 158.961776 219.835620 0
0.675478 1.000000 0.000000 0.143476 0.856524 1.000000 1.000000 1.000000 0.143476 0.000000 0.000000 0.000000 0.000000 0.000000 0.000000 291.916558 291.941254 158.996407 220.107363 0
0.676238 1.000000 0.000000 0.147255 0.852745 1.000000 1.000000 1.000000 0.147255 0.000000 0.000000 0.000000 0.000000 0.000000 0.000000 292.593582 292.618500 159.030372 220.373876 0
0.676997 1.000000 0.000000 0.151114 0.848886 1.000000 1.000000 1.000000 0.151114 0.000000 0.000000 0.000000 0.000000 0.000000 0.000000 293.258018 293.283081 159.063683 220.635267 0
0.677754 1.000000 0.000000 0.154512 0.845488 1.000000 1.000000 1.000000 0.154512 0.000000 0.000000 0.000000 0.000000 0.000000 0.000000 293.910146 293.935516 159.096354 220.891638 0
0.678510 1.000000 0.000000 0.158260 0.841740 1.000000 1.000000 1.000000 0.158260 0.000000 0.000000 0.000000 0.000000 0.000000 0.000000 294.550267 294.575897 159.128397 221.143090 0
0.679265 1.000000 0.000000 0.161522 0.838478 1.000000 1.000000 1.000000 0.161522 0.000000 0.000000 0.000000 0.000000 0.000000 0.000000 295.178564 295.204315 159.159826 221.389721 0
0.680018 1.000000 0.000000 0.164825 0.835175 1.000000 1.000000 1.000000 0.164825 0.000000 0.000000 0.000000 0.000000 0.000000 0.000000 295.795245 295.821259 159.190652 221.631624 0
0.680770 1.000000 0.000000 0.167856 0.832144 1.000000 1.000000 1.000000 0.167856 0.000000 0.000000 0.000000 0.000000 0.000000 0.000000 296.400555 296.426697 159.220886 221.868895 0
0.681522 1.000000 0.000000 0.171015 0.828985 1.000000 1.000000 1.000000 0.171015 0.000000 0.000000 0.000000 0.000000 0.000000 0.000000 296.994692 297.020996 159.250541 222.101621 0
0.682271 1.000000 0.000000 0.174047 0.825953 1.000000 1.000000 1.000000 0.174047 0.000000 0.000000 0.000000 0.000000 0.000000 0.000000 297.577853 297.604401 159.279627 222.329888 0
0.683020 1.000000 0.000000 0.176943 0.823057 1.000000 1.000000 1.000000 0.176943 0.000000 0.000000 0.000000 0.000000 0.000000 0.000000 298.150348 298.177094 159.308156 222.553784 0
0.683768 1.000000 0.000000 0.179736 0.820264 1.000000 1.000000 1.000000 0.179736 0.000000 0.000000 0.000000 0.000000 0.000000 0.000000 298.712247 298.739136 159.336138 222.773390 0
0.684514 1.000000 0.000000 0.182434 0.817566 1.000000 1.000000 1.000000 0.182434 0.000000 0.000000 0.000000 0.000000 0.000000 0.000000 299.263783 299.290924 159.363583 222.988790 0
0.685260 1.000000 0.000000 0.184956 0.815044 1.000000 1.000000 1.000000 0.184956 0.000000 0.000000 0.000000 0.000000 0.000000 0.000000 299.805204 299.832428 159.390502 223.200059 0
0.686005 1.000000 0.000000 0.187662 0.812338 1.000000 1.000000 1.000000 0.187662 0.000000 0.000000 0.000000 0.000000 0.000000 0.000000 300.336680 300.364105 159.416904 223.407280 0
0.686748 1.000000 0.000000 0.190160 0.809840 1.000000 1.000000 1.000000 0.190160 0.000000 0.000000 0.000000 0.000000 0.000000 0.000000 300.858238 300.885742 159.442798 223.610520 0
0.693784 1.000000 0.000000 0.210276 0.789724 1.000000 1.000000 1.000000 0.210276 0.000000 0.000000 0.000000 0.000000 0.000000 0.000000 305.375926 305.406281 159.720432 225.595404 0
0.700694 1.000000 0.000000 0.226787 0.773213 1.000000 1.000000 1.000000 0.226787 0.000000 0.000000 0.000000 0.000000 0.000000 0.000000 309.137372 309.169037 159.916891 227.132246 0
0.707539 1.000000 0.000000 0.239367 0.760633 1.000000 1.000000 1.000000 0.239367 0.000000 0.000000 0.000000 0.000000 0.000000 0.000000 312.297972 312.330658 160.077648 228.391155 0
0.714336 1.000000 0.000000 0.249720 0.750280 1.000000 1.000000 1.000000 0.249720 0.000000 0.000000 0.000000 0.000000 0.000000 0.000000 314.948758 314.982330 160.209117 229.421372 0
0.721098 1.000000 0.000000 0.257494 0.742506 1.000000 1.000000 1.000000 0.257494 0.000000 0.000000 0.000000 0.000000 0.000000 0.000000 317.152959 317.187347 160.315761 230.257595 0
0.727835 1.000000 0.000000 0.263652 0.736348 1.000000 1.000000 1.000000 0.263652 0.000000 0.000000 0.000000 0.000000 0.000000 0.000000 318.963594 318.998596 160.401076 230.927078 0
0.734557 1.000000 0.000000 0.268395 0.731605 1.000000 1.000000 1.000000 0.268395 0.000000 0.000000 0.000000 0.000000 0.000000 0.000000 320.427610 320.463196 160.467915 231.452100 0
0.741269 1.000000 0.000000 0.271824 0.728176 1.000000 1.000000 1.000000 0.271824 0.000000 0.000000 0.000000 0.000000 0.000000 0.000000 321.586574 321.622650 160.518659 231.851274 0
0.747979 1.000000 0.000000 0.274458 0.725542 1.000000 1.000000 1.000000 0.274458 0.000000 0.000000 0.000000 0.000000 0.000000 0.000000 322.477081 322.513550 160.555326 232.140364 0
0.754691 1.000000 0.000000 0.276273 0.723727 1.000000 1.000000 1.000000 0.276273 0.000000 0.000000 0.000000 0.000000 0.000000 0.000000 323.131137 323.167938 160.579640 232.332848 0
0.761410 1.000000 0.000000 0.277148 0.722852 1.000000 1.000000 1.000000 0.277148 0.000000 0.000000 0.000000 0.000000 0.000000 0.000000 323.576699 323.613739 160.593086 232.440343 0
0.768140 1.000000 0.000000 0.277450 0.722550 1.000000 1.000000 1.000000 0.277450 0.000000 0.000000 0.000000 0.000000 0.000000 0.000000 323.838236 323.875458 160.596953 232.472921 0
0.774886 1.000000 0.000000 0.277458 0.722542 1.000000 1.000000 1.000000 0.277458 0.000000 0.000000 0.000000 0.000000 0.000000 0.000000 323.937186 323.974548 160.592361 232.439350 0
0.781649 1.000000 0.000000 0.277458 0.722542 1.000000 1.000000 1.000000 0.277458 0.000000 0.000000 0.000000 0.000000 0.000000 0.000000 323.892291 323.929779 160.580291 232.347296 0
0.788434 1.000000 0.000000 0.277458 0.722542 1.000000 1.000000 1.000000 0.277458 0.000000 0.000000 0.000000 0.000000 0.000000 0.000000 323.720075 323.757629 160.561603 232.203486 0
0.795242 1.000000 0.000000 0.277458 0.722542 1.000000 1.000000 1.000000 0.277458 0.000000 0.000000 0.000000 0.000000 0.000000 0.000000 323.435034 323.472595 160.537053 232.013833 0
0.802076 1.000000 0.000000 0.277458 0.722542 1.000000 1.000000 1.000000 0.277458 0.000000 0.000000 0.000000 0.000000 0.000000 0.000000 323.050025 323.087585 160.507308 231.783554 0
0.808939 1.000000 0.000000 0.277458 0.722542 1.000000 1.000000 1.000000 0.277458 0.000000 0.000000 0.000000 0.000000 0.000000 0.000000 322.576398 322.613953 160.472957 231.517251 0
0.815832 1.000000 0.000000 0.277458 0.722542 1.000000 1.000000 1.000000 0.277458 0.000000 0.000000 0.000000 0.000000 0.000000 0.000000 322.024112 322.061584 160.434520 231.218994 0
0.822758 1.000000 0.000000 0.277458 0.722542 1.000000 1.000000 1.000000 0.277458 0.000000 0.000000 0.000000 0.000000 0.000000 0.000000 321.402031 321.439392 160.392457 230.892384 0
0.829718 1.000000 0.000000 0.277458 0.722542 1.000000 1.000000 1.000000 0.277458 0.000000 0.000000 0.000000 0.000000 0.000000 0.000000 320.718035 320.755310 160.347177 230.540622 0
0.836714 1.000000 0.000000 0.277458 0.722542 1.000000 1.000000 1.000000 0.277458 0.000000 0.000000 0.000000 0.000000 0.000000 0.000000 319.979117 320.016235 160.299044 230.166542 0
0.843747 1.000000 0.000000 0.277458 0.722542 1.000000 1.000000 1.000000 0.277458 0.000000 0.000000 0.000000 0.000000 0.000000 0.000000 319.191457 319.228485 160.248380 229.772664 0
0.850820 1.000000 0.000000 0.277458 0.722542 1.000000 1.000000 1.000000 0.277458 0.000000 0.000000 0.000000 0.000000 0.000000 0.000000 318.360599 318.397461 160.195470 229.361231 0
0.857932 1.000000 0.000000 0.277458 0.722542 1.000000 1.000000 1.000000 0.277458 0.000000 0.000000 0.000000 0.000000 0.000000 0.000000 317.491407 317.528107 160.140569 228.934228 0
0.865087 1.000000 0.000000 0.277458 0.722542 1.000000 1.000000 1.000000 0.277458 0.000000 0.000000 0.000000 0.000000 0.000000 0.000000 316.588249 316.624786 160.083903 228.493428 0
0.872284 1.000000 0.000000 0.277458 0.722542 1.000000 1.000000 1.000000 0.277458 0.000000 0.000000 0.000000 0.000000 0.000000 0.000000 315.654986 315.691315 160.025675 228.040405 0
0.879525 1.000000 0.000000 0.277458 0.722542 1.000000 1.000000 1.000000 0.277458 0.000000 0.000000 0.000000 0.000000 0.000000 0.000000 314.695097 314.731201 159.966062 227.576555 0
0.886812 1.000000 0.000000 0.277458 0.722542 1.000000 1.000000 1.000000 0.277458 0.000000 0.000000 0.000000 0.000000 0.000000 0.000000 313.711614 313.747589 159.905224 227.103129 0
0.894144 1.000000 0.000000 0.277458 0.722542 1.000000 1.000000 1.000000 0.277458 0.000000 0.000000 0.000000 0.000000 0.000000 0.000000 312.707286 312.743042 159.843303 226.621231 0
0.901525 1.000000 0.000000 0.277458 0.722542 1.000000 1.000000 1.000000 0.277458 0.000000 0.000000 0.000000 0.000000 0.000000 0.000000 311.684510 311.720093 159.780424 226.131846 0
0.908954 1.000000 0.000000 0.277458 0.722542 1.000000 1.000000 1.000000 0.277458 0.000000 0.000000 0.000000 0.000000 0.000000 0.000000 310.645456 310.680756 159.716699 225.635848 0
0.916432 1.000000 0.000000 0.277458 0.722542 1.000000 1.000000 1.000000 0.277458 0.000000 0.000000 0.000000 0.000000 0.000000 0.000000 309.592040 309.627167 159.652228 225.134018 0
0.923962 1.000000 0.000000 0.277458 0.722542 1.000000 1.000000 1.000000 0.277458 0.000000 0.000000 0.000000 0.000000 0.000000 0.000000 308.525944 308.560791 159.587099 224.627045 0
0.931543 1.000000 0.000000 0.277458 0.722542 1.000000 1.000000 1.000000 0.277458 0.000000 0.000000 0.000000 0.000000 0.000000 0.000000 307.448709 307.483337 159.521391 224.115541 0
0.939176 1.000000 0.000000 0.277458 0.722542 1.000000 1.000000 1.000000 0.277458 0.000000 0.000000 0.000000 0.000000 0.000000 0.000000 306.361645 306.396057 159.455173 223.600051 0
0.946863 1.000000 0.000000 0.277458 0.722542 1.000000 1.000000 1.000000 0.277458 0.000000 0.000000 0.000000 0.000000 0.000000 0.000000 305.265969 305.300171 159.388506 223.081060 0
0.954605 1.000000 0.000000 0.277458 0.722542 1.000000 1.000000 1.000000 0.277458 0.000000 0.000000 0.000000 0.000000 0.000000 0.000000 304.162694 304.196686 159.321446 222.558991 0
0.962403 1.000000 0.000000 0.277458 0.722542 1.000000 1.000000 1.000000 0.277458 0.000000 0.000000 0.000000 0.000000 0.000000 0.000000 303.052782 303.086487 159.254041 222.034227 0
0.970257 1.000000 0.000000 0.277458 0.722542 1.000000 1.000000 1.000000 0.277458 0.000000 0.000000 0.000000 0.000000 0.000000 0.000000 301.937052 301.970490 159.186334 221.507103 0
0.978169 1.000000 0.000000 0.277458 0.722542 1.000000 1.000000 1.000000 0.277458 0.000000 0.000000 0.000000 0.000000 0.000000 0.000000 300.816250 300.849457 159.118363 220.977916 0
0.986139 1.000000 0.000000 0.277458 0.722542 1.000000 1.000000 1.000000 0.277458 0.000000 0.000000 0.000000 0.000000 0.000000 0.000000 299.690992 299.723969 159.050162 220.446929 0
0.994169 1.000000 0.000000 0.277458 0.722542 1.000000 1.000000 1.000000 0.277458 0.000000 0.000000 0.000000 0.000000 0.000000 0.000000 298.561845 298.594604 158.981759 219.914367 0
1.002260 1.000000 0.000000 0.277458 0.722542 1.000000 1.000000 1.000000 0.277458 0.000000 0.000000 0.000000 0.000000 0.000000 0.000000 297.429354 297.461853 158.913181 219.380444 0
1.010413 1.000000 0.000000 0.277458 0.722542 1.000000 1.000000 1.000000 0.277458 0.000000 0.000000 0.000000 0.000000 0.000000 0.000000 296.293920 296.326141 158.844452 218.845333 0
1.018628 1.000000 0.000000 0.277458 0.722542 1.000000 1.000000 1.000000 0.277458 0.000000 0.000000 0.000000 0.000000 0.000000 0.000000 295.155953 295.187927 158.775591 218.309197 0
1.026907 1.000000 0.000000 0.277458 0.722542 1.000000 1.000000 1.000000 0.277458 0.000000 0.000000 0.000000 0.000000 0.000000 0.000000 294.015797 294.047577 158.706617 217.772177 0
1.035251 1.000000 0.000000 0.277458 0.722542 1.000000 1.000000 1.000000 0.277458 0.000000 0.000000 0.000000 0.000000 0.000000 0.000000 292.873761 292.905273 158.637544 217.234393 0
1.043661 1.000000 0.000000 0.277458 0.722542 1.000000 1.000000 1.000000 0.277458 0.000000 0.000000 0.000000 0.000000 0.000000 0.000000 291.730097 291.761353 158.568388 216.695954 0
1.052138 1.000000 0.000000 0.277458 0.722542 1.000000 1.000000 1.000000 0.277458 0.000000 0.000000 0.000000 0.000000 0.000000 0.000000 290.585035 290.616058 158.499160 216.156954 0
1.060683 1.000000 0.000000 0.277458 0.722542 1.000000 1.000000 1.000000 0.277458 0.000000 0.000000 0.000000 0.000000 0.000000 0.000000 289.438801 289.469574 158.429871 215.617480 0
1.069297 1.000000 0.000000 0.277458 0.722542 1.000000 1.000000 1.000000 0.277458 0.000000 0.000000 0.000000 0.000000 0.000000 0.000000 288.291568 288.322083 158.360530 215.077604 0
1.077982 1.000000 0.000000 0.277458 0.722542 1.000000 1.000000 1.000000 0.277458 0.000000 0.000000 0.000000 0.000000 0.000000 0.000000 287.143475 287.173737 158.291146 214.537387 0
1.086739 1.000000 0.000000 0.277458 0.722542 1.000000 1.000000 1.000000 0.277458 0.000000 0.000000 0.000000 0.000000 0.000000 0.000000 285.994695 286.024658 158.221725 213.996888 0
1.095569 1.000000 0.000000 0.277458 0.722542 1.000000 1.000000 1.000000 0.277458 0.000000 0.000000 0.000000 0.000000 0.000000 0.000000 284.845300 284.875031 158.152273 213.456154 0
1.104473 1.000000 0.000000 0.277458 0.722542 1.000000 1.000000 1.000000 0.277458 0.000000 0.000000 0.000000 0.000000 0.000000 0.000000 283.695438 283.724884 158.082798 212.915228 0
1.113453 1.000000 0.000000 0.277458 0.722542 1.000000 1.000000 1.000000 0.277458 0.000000 0.000000 0.000000 0.000000 0.000000 0.000000 282.545183 282.574402 158.013302 212.374149 0
1.122510 1.000000 0.000000 0.277458 0.722542 1.000000 1.000000 1.000000 0.277458 0.000000 0.000000 0.000000 0.000000 0.000000 0.000000 281.394606 281.423553 157.943790 211.832947 0
1.131645 1.000000 0.000000 0.277458 0.722542 1.000000 1.000000 1.000000 0.277458 0.000000 0.000000 0.000000 0.000000 0.000000 0.000000 280.243795 280.272522 157.874266 211.291650 0
1.140859 1.000000 0.000000 0.277458 0.722542 1.000000 1.000000 1.000000 0.277458 0.000000 0.000000 0.000000 0.000000 0.000000 0.000000 279.092801 279.121216 157.804733 210.750288 0
1.150155 1.000000 0.000000 0.277458 0.722542 1.000000 1.000000 1.000000 0.277458 0.000000 0.000000 0.000000 0.000000 0.000000 0.000000 277.941680 277.969910 157.735193 210.208877 0
1.159533 1.000000 0.000000 0.277458 0.722542 1.000000 1.000000 1.000000 0.277458 0.000000 0.000000 0.000000 0.000000 0.000000 0.000000 276.790475 276.818451 157.665650 209.667435 0
1.168995 1.000000 0.000000 0.277458 0.722542 1.000000 1.000000 1.000000 0.277458 0.000000 0.000000 0.000000 0.000000 0.000000 0.000000 275.639223 275.666931 157.596104 209.125979 0
1.178542 1.000000 0.000000 0.277458 0.722542 1.000000 1.000000 1.000000 0.277458 0.000000 0.000000 0.000000 0.000000 0.000000 0.000000 274.487959 274.515411 157.526559 208.584526 0
1.188177 1.000000 0.000000 0.277458 0.722542 1.000000 1.000000 1.000000 0.277458 0.000000 0.000000 0.000000 0.000000 0.000000 0.000000 273.336719 273.363892 157.457015 208.043088 0
1.197900 1.000000 0.000000 0.277458 0.722542 1.000000 1.000000 1.000000 0.277458 0.000000 0.000000 0.000000 0.000000 0.000000 0.000000 272.185517 272.212494 157.387473 207.501669 0
1.207714 1.000000 0.000000 0.277458 0.722542 1.000000 1.000000 1.000000 0.277458 0.000000 0.000000 0.000000 0.000000 0.000000 0.000000 271.034396 271.061066 157.317936 206.960286 0
1.217620 1.000000 0.000000 0.277458 0.722542 1.000000 1.000000 1.000000 0.277458 0.000000 0.000000 0.000000 0.000000 0.000000 0.000000 269.883353 269.909790 157.248404 206.418943 0
1.227620 1.000000 0.000000 0.277458 0.722542 1.000000 1.000000 1.000000 0.277458 0.000000 0.000000 0.000000 0.000000 0.000000 0.000000 268.732415 268.758606 157.178877 205.877645 0
1.237715 1.000000 0.000000 0.277458 0.722542 1.000000 1.000000 1.000000 0.277458 0.000000 0.000000 0.000000 0.000000 0.000000 0.000000 267.581588 267.607513 157.109356 205.336400 0
1.247909 1.000000 0.000000 0.277458 0.722542 1.000000 1.000000 1.000000 0.277458 0.000000 0.000000 0.000000 0.000000 0.000000 0.000000 266.430878 266.456573 157.039842 204.795207 0
1.258201 1.000000 0.000000 0.277458 0.722542 1.000000 1.000000 1.000000 0.277458 0.000000 0.000000 0.000000 0.000000 0.000000 0.000000 265.280321 265.305725 156.970337 204.254082 0
1.268595 1.000000 0.000000 0.277458 0.722542 1.000000 1.000000 1.000000 0.277458 0.000000 0.000000 0.000000 0.000000 0.000000 0.000000 264.129912 264.155090 156.900839 203.713020 0
1.279093 1.000000 0.000000 0.277458 0.722542 1.000000 1.000000 1.000000 0.277458 0.000000 0.000000 0.000000 0.000000 0.000000 0.000000 262.979657 263.004578 156.831350 203.172028 0
1.289696 1.000000 0.000000 0.277458 0.722542 1.000000 1.000000 1.000000 0.277458 0.000000 0.000000 0.000000 0.000000 0.000000 0.000000 261.829568 261.854218 156.761870 202.631107 0
1.300407 1.000000 0.000000 0.277458 0.722542 1.000000 1.000000 1.000000 0.277458 0.000000 0.000000 0.000000 0.000000 0.000000 0.000000 260.679628 260.704071 156.692398 202.090258 0
1.311228 1.000000 0.000000 0.277458 0.722542 1.000000 1.000000 1.000000 0.277458 0.000000 0.000000 0.000000 0.000000 0.000000 0.000000 259.529880 259.554016 156.622937 201.549488 0
1.322161 1.000000 0.000000 0.277458 0.722542 1.000000 1.000000 1.000000 0.277458 0.000000 0.000000 0.000000 0.000000 0.000000 0.000000 258.380301 258.404205 156.553484 201.008791 0
1.333209 1.000000 0.000000 0.277458 0.722542 1.000000 1.000000 1.000000 0.277458 0.000000 0.000000 0.000000 0.000000 0.000000 0.000000 257.230912 257.254578 156.484042 200.468179 0
1.344373 1.000000 0.000000 0.277458 0.722542 1.000000 1.000000 1.000000 0.277458 0.000000 0.000000 0.000000 0.000000 0.000000 0.000000 256.081694 256.105103 156.414610 199.927644 0
1.355658 1.000000 0.000000 0.277458 0.722542 1.000000 1.000000 1.000000 0.277458 0.000000 0.000000 0.000000 0.000000 0.000000 0.000000 254.932669 254.955811 156.345188 199.387191 0
1.367065 1.000000 0.000000 0.277458 0.722542 1.000000 1.000000 1.000000 0.277458 0.000000 0.000000 0.000000 0.000000 0.000000 0.000000 253.783837 253.806717 156.275777 198.846821 0
1.378597 1.000000 0.000000 0.277458 0.722542 1.000000 1.000000 1.000000 0.277458 0.000000 0.000000 0.000000 0.000000 0.000000 0.000000 252.635197 252.657837 156.206375 198.306534 0
1.390256 1.000000 0.000000 0.277458 0.722542 1.000000 1.000000 1.000000 0.277458 0.000000 0.000000 0.000000 0.000000 0.000000 0.000000 251.486745 251.509125 156.136985 197.766331 0
1.402046 1.000000 0.000000 0.277458 0.722542 1.000000 1.000000 1.000000 0.277458 0.000000 0.000000 0.000000 0.000000 0.000000 0.000000 250.338491 250.360626 156.067604 197.226212 0
1.413970 1.000000 0.000000 0.277458 0.722542 1.000000 1.000000 1.000000 0.277458 0.000000 0.000000 0.000000 0.000000 0.000000 0.000000 249.190432 249.212326 155.998235 196.686178 0
1.426030 1.000000 0.000000 0.277458 0.722542 1.000000 1.000000 1.000000 0.277458 0.000000 0.000000 0.000000 0.000000 0.000000 0.000000 248.042574 248.064194 155.928876 196.146233 0
1.438230 1.000000 0.000000 0.277458 0.722542 1.000000 1.000000 1.000000 0.277458 0.000000 0.000000 0.000000 0.000000 0.000000 0.000000 246.894917 246.916290 155.859529 195.606376 0
1.450574 1.000000 0.000000 0.277458 0.722542 1.000000 1.000000 1.000000 0.277458 0.000000 0.000000 0.000000 0.000000 0.000000 0.000000 245.747458 245.768570 155.790192 195.066604 0
1.463063 1.000000 0.000000 0.277458 0.722542 1.000000 1.000000 1.000000 0.277458 0.000000 0.000000 0.000000 0.000000 0.000000 0.000000 244.600198 244.621078 155.720866 194.526920 0
1.475704 1.000000 0.000000 0.277458 0.722542 1.000000 1.000000 1.000000 0.277458 0.000000 0.000000 0.000000 0.000000 0.000000 0.000000 243.453144 243.473755 155.651551 193.987323 0
1.488497 1.000000 0.000000 0.277458 0.722542 1.000000 1.000000 1.000000 0.277458 0.000000 0.000000 0.000000 0.000000 0.000000 0.000000 242.306291 242.326675 155.582247 193.447815 0
1.501449 1.000000 0.000000 0.277458 0.722542 1.000000 1.000000 1.000000 0.277458 0.000000 0.000000 0.000000 0.000000 0.000000 0.000000 241.159639 241.179764 155.512954 192.908395 0
1.514562 1.000000 0.000000 0.277458 0.722542 1.000000 1.000000 1.000000 0.277458 0.000000 0.000000 0.000000 0.000000 0.000000 0.000000 240.013186 240.033066 155.443671 192.369060 0
1.527841 1.000000 0.000000 0.277458 0.722542 1.000000 1.000000 1.000000 0.277458 0.000000 0.000000 0.000000 0.000000 0.000000 0.000000 238.866947 238.886566 155.374401 191.829819 0
1.541290 1.000000 0.000000 0.277458 0.722542 1.000000 1.000000 1.000000 0.277458 0.000000 0.000000 0.000000 0.000000 0.000000 0.000000 237.720906 237.740265 155.305141 191.290664 0
1.554913 1.000000 0.000000 0.277458 0.722542 1.000000 1.000000 1.000000 0.277458 0.000000 0.000000 0.000000 0.000000 0.000000 0.000000 236.575077 236.594177 155.235893 190.751602 0
1.568715 1.000000 0.000000 0.277458 0.722542 1.000000 1.000000 1.000000 0.277458 0.000000 0.000000 0.000000 0.000000 0.000000 0.000000 235.429454 235.448303 155.166656 190.212629 0
1.582701 1.000000 0.000000 0.277458 0.722542 1.000000 1.000000 1.000000 0.277458 0.000000 0.000000 0.000000 0.000000 0.000000 0.000000 234.284027 234.302628 155.097429 189.673742 0
1.596876 1.000000 0.000000 0.277458 0.722542 1.000000 1.000000 1.000000 0.277458 0.000000 0.000000 0.000000 0.000000 0.000000 0.000000 233.138820 233.157181 155.028215 189.134950 0
2.106876 1.000000 0.000000 0.277458 0.722542 1.000000 1.000000 1.000000 0.277458 0.000000 0.000000 0.000000 0.000000 0.000000 0.000000 201.810652 201.822235 153.135496 174.399763 0
2.616876 1.000000 0.000000 0.277458 0.722542 1.000000 1.000000 1.000000 0.277458 0.000000 0.000000 0.000000 0.000000 0.000000 0.000000 181.655368 181.662445 151.915733 164.907830 0
3.126876 1.000000 0.000000 0.277458 0.722542 1.000000 1.000000 1.000000 0.277458 0.000000 0.000000 0.000000 0.000000 0.000000 0.000000 169.344861 169.349197 151.170725 159.110333 0
3.636876 1.000000 0.000000 0.277458 0.722542 1.000000 1.000000 1.000000 0.277458 0.000000 0.000000 0.000000 0.000000 0.000000 0.000000 161.825951 161.828598 150.715695 155.569385 0
4.146876 1.000000 0.000000 0.277458 0.722542 1.000000 1.000000 1.000000 0.277458 0.000000 0.000000 0.000000 0.000000 0.000000 0.000000 157.233611 157.235229 150.437775 153.406673 0
4.656876 1.000000 0.000000 0.277458 0.722542 1.000000 1.000000 1.000000 0.277458 0.000000 0.000000 0.000000 0.000000 0.000000 0.000000 154.428737 154.429718 150.268030 152.085748 0
5.166876 1.000000 0.000000 0.277458 0.722542 1.000000 1.000000 1.000000 0.277458 0.000000 0.000000 0.000000 0.000000 0.000000 0.000000 152.715597 152.716187 150.164354 151.278964 0
5.676876 1.000000 0.000000 0.277458 0.722542 1.000000 1.000000 1.000000 0.277458 0.000000 0.000000 0.000000 0.000000 0.000000 0.000000 151.669256 151.669632 150.101031 150.786201 0
6.186876 1.000000 0.000000 0.277458 0.722542 1.000000 1.000000 1.000000 0.277458 0.000000 0.000000 0.000000 0.000000 0.000000 0.000000 151.030178 151.030396 150.062355 150.485234 0
6.696876 1.000000 0.000000 0.277458 0.722542 1.000000 1.000000 1.000000 0.277458 0.000000 0.000000 0.000000 0.000000 0.000000 0.000000 150.639842 150.639984 150.038733 150.301409 0
7.206876 1.000000 0.000000 0.277458 0.722542 1.000000 1.000000 1.000000 0.277458 0.000000 0.000000 0.000000 0.000000 0.000000 0.000000 150.401431 150.401520 150.024305 150.189132 0
7.716876 1.000000 0.000000 0.277458 0.722542 1.000000 1.000000 1.000000 0.277458 0.000000 0.000000 0.000000 0.000000 0.000000 0.000000 150.255811 150.255875 150.015492 150.120554 0
8.226876 1.000000 0.000000 0.277458 0.722542 1.000000 1.000000 1.000000 0.277458 0.000000 0.000000 0.000000 0.000000 0.000000 0.000000 150.166863 150.166885 150.010109 150.078664 0
8.736876 1.000000 0.000000 0.277458 0.722542 1.000000 1.000000 1.000000 0.277458 0.000000 0.000000 0.000000 0.000000 0.000000 0.000000 150.112534 150.112564 150.006821 150.053078 0
9.246876 1.000000 0.000000 0.277458 0.722542 1.000000 1.000000 1.000000 0.277458 0.000000 0.000000 0.000000 0.000000 0.000000 0.000000 150.079346 150.079361 150.004813 150.037448 0
9.756876 1.000000 0.000000 0.277458 0.722542 1.000000 1.000000 1.000000 0.277458 0.000000 0.000000 0.000000 0.000000 0.000000 0.000000 150.059073 150.059097 150.003586 150.027900 0
10.266876 1.000000 0.000000 0.277458 0.722542 1.000000 1.000000 1.000000 0.277458 0.000000 0.000000 0.000000 0.000000 0.000000 0.000000 150.046685 150.046707 150.002836 150.022066 0
10.776876 1.000000 0.000000 0.277458 0.722542 1.000000 1.000000 1.000000 0.277458 0.000000 0.000000 0.000000 0.000000 0.000000 0.000000 150.039116 150.039139 150.002378 150.018501 0
