0.300000 1.000000 0.000000 0.000000 1.000000 1.000000 1.000000 1.000000 0.000000 0.000000 0.000000 0.000000 0.000000 0.000000 0.000000 150.000000 150.000000 150.000000 150.000000 0
0.302974 1.000000 0.000000 0.000000 1.000000 1.000000 1.000000 1.000000 0.000000 0.000000 0.000000 0.000000 0.000000 0.000000 0.000000 160.358378 160.358383 151.287549 159.085286 0
0.303534 1.000000 0.000000 0.000000 1.000000 1.000000 1.000000 1.000000 0.000000 0.000000 0.000000 0.000000 0.000000 0.000000 0.000000 162.304912 162.304916 151.504187 160.749215 0
0.304074 1.000000 0.000000 0.000000 1.000000 1.000000 1.000000 1.000000 0.000000 0.000000 0.000000 0.000000 0.000000 0.000000 0.000000 164.180912 164.180908 151.711315 162.338219 0
0.304597 1.000000 0.000000 0.000000 1.000000 1.000000 1.000000 1.000000 0.000000 0.000000 0.000000 0.000000 0.000000 0.000000 0.000000 165.995100 165.995102 151.909469 163.861864 0
0.305105 1.000000 0.000000 0.000000 1.000000 1.000000 1.000000 1.000000 0.000000 0.000000 0.000000 0.000000 0.000000 0.000000 0.000000 167.757226 167.757233 152.100084 165.330401 0
0.305600 1.000000 0.000000 0.000000 1.000000 1.000000 1.000000 1.000000 0.000000 0.000000 0.000000 0.000000 0.000000 0.000000 0.000000 169.474666 169.474670 152.284257 166.751562 0
0.306085 1.000000 0.000000 0.000000 1.000000 1.000000 1.000000 1.000000 0.000000 0.000000 0.000000 0.000000 0.000000 0.000000 0.000000 171.153011 171.153015 152.462822 168.131264 0
0.306559 1.000000 0.000000 0.000000 1.000000 1.000000 1.000000 1.000000 0.000000 0.000000 0.000000 0.000000 0.000000 0.000000 0.000000 172.796723 172.796722 152.636435 169.474177 0
0.307025 1.000000 0.000000 0.000000 1.000000 1.000000 1.000000 1.000000 0.000000 0.000000 0.000000 0.000000 0.000000 0.000000 0.000000 174.409358 174.409363 152.805618 170.784066 0
0.307483 1.000000 0.000000 0.000000 1.000000 1.000000 1.000000 1.000000 0.000000 0.000000 0.000000 0.000000 0.000000 0.000000 0.000000 175.993851 175.993866 152.970801 172.064027 0
0.309717 1.000000 0.000000 0.000000 1.000000 1.000000 1.000000 1.000000 0.000000 0.000000 0.000000 0.000000 0.000000 0.000000 0.000000 183.715367 183.715378 153.762297 178.208666 0
0.311821 1.000000 0.000000 0.000000 1.000000 1.000000 1.000000 1.000000 0.000000 0.000000 0.000000 0.000000 0.000000 0.000000 0.000000 190.972617 190.972610 154.488227 183.856904 0
0.313829 1.000000 0.000000 0.000000 1.000000 1.000000 1.000000 1.000000 0.000000 0.000000 0.000000 0.000000 0.000000 0.000000 0.000000 197.882753 197.882751 155.165262 189.132716 0
0.315760 1.000000 0.000000 0.000000 1.000000 1.000000 1.000000 1.000000 0.000000 0.000000 0.000000 0.000000 0.000000 0.000000 0.000000 204.516314 204.516312 155.803450 194.111350 0
0.317628 1.000000 0.000000 0.000000 1.000000 1.000000 1.000000 1.000000 0.000000 0.000000 0.000000 0.000000 0.000000 0.000000 0.000000 210.922276 210.922272 156.409688 198.844738 0
0.319443 1.000000 0.000000 0.000000 1.000000 1.000000 1.000000 1.000000 0.000000 0.000000 0.000000 0.000000 0.000000 0.000000 0.000000 217.135898 217.135895 156.988907 203.370238 0
0.321213 1.000000 0.000000 0.000000 1.000000 1.000000 1.000000 1.000000 0.000000 0.000000 0.000000 0.000000 0.000000 0.000000 0.000000 223.183544 223.183548 157.544790 207.715856 0
0.322943 1.000000 0.000000 0.000000 1.000000 1.000000 1.000000 1.000000 0.000000 0.000000 0.000000 0.000000 0.000000 0.000000 0.000000 229.085566 229.085587 158.080189 211.903323 0
0.324638 1.000000 0.000000 0.000000 1.000000 1.000000 1.000000 1.000000 0.000000 0.000000 0.000000 0.000000 0.000000 0.000000 0.000000 234.858251 234.858261 158.597373 215.949970 0
0.326302 1.000000 0.000000 0.000000 1.000000 1.000000 1.000000 1.000000 0.000000 0.000000 0.000000 0.000000 0.000000 0.000000 0.000000 240.514838 240.514832 159.098186 219.869917 0
0.327937 1.000000 0.000000 0.000000 1.000000 1.000000 1.000000 1.000000 0.000000 0.000000 0.000000 0.000000 0.000000 0.000000 0.000000 246.066276 246.066269 159.584154 223.674858 0
0.329547 1.000000 0.000000 0.000000 1.000000 1.000000 1.000000 1.000000 0.000000 0.000000 0.000000 0.000000 0.000000 0.000000 0.000000 251.521733 251.521729 160.056560 227.374639 0
0.331133 1.000000 0.000000 0.000000 1.000000 1.000000 1.000000 1.000000 0.000000 0.000000 0.000000 0.000000 0.000000 0.000000 0.000000 256.888952 256.888947 160.516495 230.977651 0
0.332697 1.000000 0.000000 0.000000 1.000000 1.000000 1.000000 1.000000 0.000000 0.000000 0.000000 0.000000 0.000000 0.000000 0.000000 262.174677 262.174713 160.964894 234.491088 0
0.334241 1.000000 0.000000 0.000000 1.000000 1.000000 1.000000 1.000000 0.000000 0.000000 0.000000 0.000000 0.000000 0.000000 0.000000 267.384959 267.384979 161.402579 237.921280 0
0.335767 1.000000 0.000000 0.000000 1.000000 1.000000 1.000000 1.000000 0.000000 0.000000 0.000000 0.000000 0.000000 0.000000 0.000000 272.524706 272.524750 161.830264 241.273729 0
0.337275 1.000000 0.000000 0.388484 0.611516 1.000000 1.000000 1.000000 0.388484 0.000000 0.000000 0.000000 0.000000 0.000000 0.000000 277.598462 277.598480 162.248581 244.553317 0
0.338767 1.000000 0.000000 0.460401 0.539599 1.000000 1.000000 1.000000 0.460401 0.000000 0.000000 0.000000 0.000000 0.000000 0.000000 282.610137 282.610168 162.658093 247.764385 0
0.340244 1.000000 0.000000 0.502550 0.497450 1.000000 1.000000 1.000000 0.502550 0.000000 0.000000 0.000000 0.000000 0.000000 0.000000 287.563324 287.563416 163.059301 250.910809 0
0.341707 1.000000 0.000000 0.532143 0.467857 1.000000 1.000000 1.000000 0.532143 0.000000 0.000000 0.000000 0.000000 0.000000 0.000000 292.461093 292.461151 163.452658 253.996088 0
0.343156 1.000000 0.000000 0.554940 0.445060 1.000000 1.000000 1.000000 0.554940 0.000000 0.000000 0.000000 0.000000 0.000000 0.000000 297.305915 297.305969 163.838572 257.023376 0
0.344592 1.000000 0.000000 0.573552 0.426448 1.000000 1.000000 1.000000 0.573552 0.000000 0.000000 0.000000 0.000000 0.000000 0.000000 302.100595 302.100647 164.217413 259.995544 0
0.346016 1.000000 0.000000 0.588694 0.411306 1.000000 1.000000 1.000000 0.588694 0.000000 0.000000 0.000000 0.000000 0.000000 0.000000 306.847876 306.847992 164.589520 262.915207 0
0.347428 1.000000 0.000000 0.601768 0.398232 1.000000 1.000000 1.000000 0.601768 0.000000 0.000000 0.000000 0.000000 0.000000 0.000000 311.550142 311.550293 164.955201 265.784760 0
0.348830 1.000000 0.000000 0.613179 0.386821 1.000000 1.000000 1.000000 0.613179 0.000000 0.000000 0.000000 0.000000 0.000000 0.000000 316.209395 316.209595 165.314741 268.606404 0
0.350221 1.000000 0.000000 0.623046 0.376954 1.000000 1.000000 1.000000 0.623046 0.000000 0.000000 0.000000 0.000000 0.000000 0.000000 320.827521 320.827728 165.668400 271.382163 0
0.351602 1.000000 0.000000 0.631584 0.368416 1.000000 1.000000 1.000000 0.631584 0.000000 0.000000 0.000000 0.000000 0.000000 0.000000 325.406400 325.406677 166.016420 274.113907 0
0.352973 1.000000 0.000000 0.640098 0.359902 1.000000 1.000000 1.000000 0.640098 0.000000 0.000000 0.000000 0.000000 0.000000 0.000000 329.947393 329.947662 166.359024 276.803372 0
0.354335 1.000000 0.000000 0.647267 0.352733 1.000000 1.000000 1.000000 0.647267 0.000000 0.000000 0.000000 0.000000 0.000000 0.000000 334.451409 334.451660 166.696420 279.452169 0
0.355689 1.000000 0.000000 0.653704 0.346296 1.000000 1.000000 1.000000 0.653704 0.000000 0.000000 0.000000 0.000000 0.000000 0.000000 338.919580 338.919861 167.028801 282.061796 0
0.357034 1.000000 0.000000 0.659633 0.340367 1.000000 1.000000 1.000000 0.659633 0.000000 0.000000 0.000000 0.000000 0.000000 0.000000 343.353233 343.353607 167.356347 284.633662 0
0.358371 1.000000 0.000000 0.665346 0.334654 1.000000 1.000000 1.000000 0.665346 0.000000 0.000000 0.000000 0.000000 0.000000 0.000000 347.753425 347.753845 167.679228 287.169070 0
0.359700 1.000000 0.000000 0.670478 0.329522 1.000000 1.000000 1.000000 0.670478 0.000000 0.000000 0.000000 0.000000 0.000000 0.000000 352.121297 352.121704 167.997602 289.669256 0
0.361022 1.000000 0.000000 0.675443 0.324557 1.000000 1.000000 1.000000 0.675443 0.000000 0.000000 0.000000 0.000000 0.000000 0.000000 356.457681 356.458130 168.311615 292.135363 0
0.362337 1.000000 0.000000 0.679804 0.320196 1.000000 1.000000 1.000000 0.679804 0.000000 0.000000 0.000000 0.000000 0.000000 0.000000 360.763550 360.764191 168.621409 294.568484 0
0.363644 1.000000 0.000000 0.683950 0.316050 1.000000 1.000000 1.000000 0.683950 0.000000 0.000000 0.000000 0.000000 0.000000 0.000000 365.039731 365.040558 168.927115 296.969643 0
0.364945 1.000000 0.000000 0.687729 0.312271 1.000000 1.000000 1.000000 0.687729 0.000000 0.000000 0.000000 0.000000 0.000000 0.000000 369.286954 369.287750 169.228858 299.339805 0
0.366239 1.000000 0.000000 0.691429 0.308571 1.000000 1.000000 1.000000 0.691429 0.000000 0.000000 0.000000 0.000000 0.000000 0.000000 373.505926 373.506927 169.526752 301.679875 0
0.367527 1.000000 0.000000 0.694891 0.305109 1.000000 1.000000 1.000000 0.694891 0.000000 0.000000 0.000000 0.000000 0.000000 0.000000 377.697317 377.698364 169.820912 303.990727 0
0.368809 1.000000 0.000000 0.698209 0.301791 1.000000 1.000000 1.000000 0.698209 0.000000 0.000000 0.000000 0.000000 0.000000 0.000000 381.861753 381.862976 170.111440 306.273169 0
0.370085 1.000000 0.000000 0.701479 0.298521 1.000000 1.000000 1.000000 0.701479 0.000000 0.000000 0.000000 0.000000 0.000000 0.000000 385.999817 386.001160 170.398437 308.527987 0
0.371355 1.000000 0.000000 0.704535 0.295465 1.000000 1.000000 1.000000 0.704535 0.000000 0.000000 0.000000 0.000000 0.000000 0.000000 390.112018 390.113525 170.681999 310.755916 0
0.372620 1.000000 0.000000 0.707296 0.292704 1.000000 1.000000 1.000000 0.707296 0.000000 0.000000 0.000000 0.000000 0.000000 0.000000 394.198828 394.200531 170.962214 312.957657 0
0.373879 1.000000 0.000000 0.709635 0.290365 1.000000 1.000000 1.000000 0.709635 0.000000 0.000000 0.000000 0.000000 0.000000 0.000000 398.260741 398.262634 171.239169 315.133881 0
0.375133 1.000000 0.000000 0.712285 0.287715 1.000000 1.000000 1.000000 0.712285 0.000000 0.000000 0.000000 0.000000 0.000000 0.000000 402.298343 402.300385 171.512946 317.285226 0
0.376382 1.000000 0.000000 0.714863 0.285137 1.000000 1.000000 1.000000 0.714863 0.000000 0.000000 0.000000 0.000000 0.000000 0.000000 406.311833 406.314148 171.783623 319.412299 0
0.377626 1.000000 0.000000 0.717035 0.282965 1.000000 1.000000 1.000000 0.717035 0.000000 0.000000 0.000000 0.000000 0.000000 0.000000 410.301792 410.304321 172.051273 321.515677 0
0.378865 1.000000 0.000000 0.719295 0.280705 1.000000 1.000000 1.000000 0.719295 0.000000 0.000000 0.000000 0.000000 0.000000 0.000000 414.268467 414.271149 172.315970 323.595924 0
0.380100 1.000000 0.000000 0.721499 0.278501 1.000000 1.000000 1.000000 0.721499 0.000000 0.000000 0.000000 0.000000 0.000000 0.000000 418.212231 418.215149 172.577780 325.653564 0
0.381330 1.000000 0.000000 0.723529 0.276471 1.000000 1.000000 1.000000 0.723529 0.000000 0.000000 0.000000 0.000000 0.000000 0.000000 422.133481 422.136566 172.836770 327.689113 0
0.382555 1.000000 0.000000 0.725645 0.274355 1.000000 1.000000 1.000000 0.725645 0.000000 0.000000 0.000000 0.000000 0.000000 0.000000 426.032397 426.035706 173.093001 329.703059 0
0.383777 1.000000 0.000000 0.727364 0.272636 1.000000 1.000000 1.000000 0.727364 0.000000 0.000000 0.000000 0.000000 0.000000 0.000000 429.909382 429.912903 173.346535 331.695872 0
0.384994 1.000000 0.000000 0.729043 0.270957 1.000000 1.000000 1.000000 0.729043 0.000000 0.000000 0.000000 0.000000 0.000000 0.000000 433.764735 433.768463 173.597430 333.668007 0
0.386206 1.000000 0.000000 0.730889 0.269111 1.000000 1.000000 1.000000 0.730889 0.000000 0.000000 0.000000 0.000000 0.000000 0.000000 437.598515 437.602631 173.845739 335.619888 0
0.387415 1.000000 0.000000 0.732592 0.267408 1.000000 1.000000 1.000000 0.732592 0.000000 0.000000 0.000000 0.000000 0.000000 0.000000 441.411283 441.415741 174.091517 337.551933 0
0.388620 1.000000 0.000000 0.734127 0.265873 1.000000 1.000000 1.000000 0.734127 0.000000 0.000000 0.000000 0.000000 0.000000 0.000000 445.202945 445.207672 174.334814 339.464543 0
0.389821 1.000000 0.000000 0.735791 0.264209 1.000000 1.000000 1.000000 0.735791 0.000000 0.000000 0.000000 0.000000 0.000000 0.000000 448.973842 448.978851 174.575681 341.358106 0
0.391019 1.000000 0.000000 0.737398 0.262602 1.000000 1.000000 1.000000 0.737398 0.000000 0.000000 0.000000 0.000000 0.000000 0.000000 452.724431 452.729919 174.814166 343.232991 0
0.392212 1.000000 0.000000 0.738862 0.261138 1.000000 1.000000 1.000000 0.738862 0.000000 0.000000 0.000000 0.000000 0.000000 0.000000 456.454600 456.460297 175.050313 345.089560 0
0.393403 1.000000 0.000000 0.740294 0.259706 1.000000 1.000000 1.000000 0.740294 0.000000 0.000000 0.000000 0.000000 0.000000 0.000000 460.164631 460.170715 175.284168 346.928161 0
0.394589 1.000000 0.000000 0.741623 0.258377 1.000000 1.000000 1.000000 0.741623 0.000000 0.000000 0.000000 0.000000 0.000000 0.000000 463.854886 463.861176 175.515773 348.749121 0
0.395773 1.000000 0.000000 0.742904 0.257096 1.000000 1.000000 1.000000 0.742904 0.000000 0.000000 0.000000 0.000000 0.000000 0.000000 467.525343 467.532227 175.745170 350.552767 0
0.396952 1.000000 0.000000 0.744193 0.255807 1.000000 1.000000 1.000000 0.744193 0.000000 0.000000 0.000000 0.000000 0.000000 0.000000 471.176159 471.183319 175.972397 352.339409 0
0.398129 1.000000 0.000000 0.745490 0.254510 1.000000 1.000000 1.000000 0.745490 0.000000 0.000000 0.000000 0.000000 0.000000 0.000000 474.807706 474.815186 176.197495 354.109352 0
0.399303 1.000000 0.000000 0.746748 0.253252 1.000000 1.000000 1.000000 0.746748 0.000000 0.000000 0.000000 0.000000 0.000000 0.000000 478.419936 478.427734 176.420500 355.862884 0
0.400473 1.000000 0.000000 0.748005 0.251995 1.000000 1.000000 1.000000 0.748005 0.000000 0.000000 0.000000 0.000000 0.000000 0.000000 482.013096 482.021362 176.641448 357.600288 0
0.401640 1.000000 0.000000 0.749143 0.250857 1.000000 1.000000 1.000000 0.749143 0.000000 0.000000 0.000000 0.000000 0.000000 0.000000 485.587296 485.595917 176.860375 359.321837 0
0.402804 1.000000 0.000000 0.750257 0.249743 1.000000 1.000000 1.000000 0.750257 0.000000 0.000000 0.000000 0.000000 0.000000 0.000000 489.142698 489.151611 177.077314 361.027798 0
0.403966 1.000000 0.000000 0.751323 0.248677 1.000000 1.000000 1.000000 0.751323 0.000000 0.000000 0.000000 0.000000 0.000000 0.000000 492.679340 492.688660 177.292298 362.718425 0
0.405124 1.000000 0.000000 0.752381 0.247619 1.000000 1.000000 1.000000 0.752381 0.000000 0.000000 0.000000 0.000000 0.000000 0.000000 496.197539 496.207397 177.505358 364.393970 0
0.406280 1.000000 0.000000 0.753368 0.246632 1.000000 1.000000 1.000000 0.753368 0.000000 0.000000 0.000000 0.000000 0.000000 0.000000 499.697240 499.707520 177.716528 366.054676 0
0.407433 1.000000 0.000000 0.754458 0.245542 1.000000 1.000000 1.000000 0.754458 0.000000 0.000000 0.000000 0.000000 0.000000 0.000000 503.178746 503.189362 177.925835 367.700774 0
0.408583 1.000000 0.000000 0.755477 0.244523 1.000000 1.000000 1.000000 0.755477 0.000000 0.000000 0.000000 0.000000 0.000000 0.000000 506.641950 506.652924 178.133309 369.332492 0
0.409730 1.000000 0.000000 0.756264 0.243736 1.000000 1.000000 1.000000 0.756264 0.000000 0.000000 0.000000 0.000000 0.000000 0.000000 510.087063 510.098663 178.338979 370.950054 0
0.410875 1.000000 0.000000 0.757187 0.242813 1.000000 1.000000 1.000000 0.757187 0.000000 0.000000 0.000000 0.000000 0.000000 0.000000 513.510823 513.523132 178.542869 372.553655 0
0.412017 1.000000 0.000000 0.758150 0.241850 1.000000 1.000000 1.000000 0.758150 0.000000 0.000000 0.000000 0.000000 0.000000 0.000000 516.899736 516.912476 178.744928 374.142883 0
0.413157 1.000000 0.000000 0.759049 0.240951 1.000000 1.000000 1.000000 0.759049 0.000000 0.000000 0.000000 0.000000 0.000000 0.000000 520.271178 520.284302 178.945170 375.717849 0
0.414294 1.000000 0.000000 0.759909 0.240091 1.000000 1.000000 1.000000 0.759909 0.000000 0.000000 0.000000 0.000000 0.000000 0.000000 523.625201 523.638733 179.143643 377.278929 0
0.415429 1.000000 0.000000 0.760824 0.239176 1.000000 1.000000 1.000000 0.760824 0.000000 0.000000 0.000000 0.000000 0.000000 0.000000 526.955885 526.969421 179.340378 378.826378 0
0.416561 1.000000 0.000000 0.761619 0.238381 1.000000 1.000000 1.000000 0.761619 0.000000 0.000000 0.000000 0.000000 0.000000 0.000000 530.257399 530.272034 179.535347 380.359950 0
0.417691 1.000000 0.000000 0.762471 0.237529 1.000000 1.000000 1.000000 0.762471 0.000000 0.000000 0.000000 0.000000 0.000000 0.000000 533.541758 533.556763 179.728579 381.879887 0
0.418819 1.000000 0.000000 0.763267 0.236733 1.000000 1.000000 1.000000 0.763267 0.000000 0.000000 0.000000 0.000000 0.000000 0.000000 536.809455 536.824890 179.920118 383.386540 0
0.419945 1.000000 0.000000 0.764030 0.235970 1.000000 1.000000 1.000000 0.764030 0.000000 0.000000 0.000000 0.000000 0.000000 0.000000 540.053692 540.069519 180.109994 384.880134 0
0.421068 1.000000 0.000000 0.764906 0.235094 1.000000 1.000000 1.000000 0.764906 0.000000 0.000000 0.000000 0.000000 0.000000 0.000000 543.271271 543.287476 180.298186 386.360502 0
0.422189 1.000000 0.000000 0.765534 0.234466 1.000000 1.000000 1.000000 0.765534 0.000000 0.000000 0.000000 0.000000 0.000000 0.000000 546.472313 546.488953 180.484725 387.827898 0
0.423308 1.000000 0.000000 0.766274 0.233726 1.000000 1.000000 1.000000 0.766274 0.000000 0.000000 0.000000 0.000000 0.000000 0.000000 549.656955 549.674072 180.669652 389.282624 0
0.424425 1.000000 0.000000 0.767070 0.232930 1.000000 1.000000 1.000000 0.767070 0.000000 0.000000 0.000000 0.000000 0.000000 0.000000 552.819883 552.837585 180.852993 390.724905 0
0.425539 1.000000 0.000000 0.767651 0.232349 1.000000 1.000000 1.000000 0.767651 0.000000 0.000000 0.000000 0.000000 0.000000 0.000000 555.956827 555.975220 181.034736 392.154636 0
0.426652 1.000000 0.000000 0.768256 0.231744 1.000000 1.000000 1.000000 0.768256 0.000000 0.000000 0.000000 0.000000 0.000000 0.000000 559.077848 559.096375 181.214909 393.572028 0
0.427763 1.000000 0.000000 0.768980 0.231020 1.000000 1.000000 1.000000 0.768980 0.000000 0.000000 0.000000 0.000000 0.000000 0.000000 562.182948 562.201904 181.393545 394.977360 0
0.436308 1.000000 0.000000 0.775934 0.224066 1.000000 1.000000 1.000000 0.775934 0.000000 0.000000 0.000000 0.000000 0.000000 0.000000 585.596213 585.620605 183.046078 406.080477 0
0.444503 1.000000 0.000000 0.780725 0.219275 1.000000 1.000000 1.000000 0.780725 0.000000 0.000000 0.000000 0.000000 0.000000 0.000000 607.306834 607.335510 184.300605 415.889135 0
0.452559 1.000000 0.000000 0.784743 0.215257 1.000000 1.000000 1.000000 0.784743 0.000000 0.000000 0.000000 0.000000 0.000000 0.000000 627.950168 627.983276 185.467493 425.025446 0
0.460503 1.000000 0.000000 0.788061 0.211939 1.000000 1.000000 1.000000 0.788061 0.000000 0.000000 0.000000 0.000000 0.000000 0.000000 647.627663 647.665100 186.560501 433.588167 0
0.468350 1.000000 0.000000 0.790910 0.209090 1.000000 1.000000 1.000000 0.790910 0.000000 0.000000 0.000000 0.000000 0.000000 0.000000 666.426727 666.468750 187.587924 441.639974 0
0.476112 1.000000 0.000000 0.793607 0.206393 1.000000 1.000000 1.000000 0.793607 0.000000 0.000000 0.000000 0.000000 0.000000 0.000000 684.397596 684.444153 188.556066 449.229295 0
0.483798 1.000000 0.000000 0.795867 0.204133 1.000000 1.000000 1.000000 0.795867 0.000000 0.000000 0.000000 0.000000 0.000000 0.000000 701.595955 701.646973 189.470027 456.395592 0
0.491416 1.000000 0.000000 0.797880 0.202120 1.000000 1.000000 1.000000 0.797880 0.000000 0.000000 0.000000 0.000000 0.000000 0.000000 718.068723 718.124207 190.334142 463.172507 0
0.498973 1.000000 0.000000 0.799647 0.200353 1.000000 1.000000 1.000000 0.799647 0.000000 0.000000 0.000000 0.000000 0.000000 0.000000 733.850573 733.910339 191.152130 469.588966 0
0.506475 1.000000 0.000000 0.801278 0.198722 1.000000 1.000000 1.000000 0.801278 0.000000 0.000000 0.000000 0.000000 0.000000 0.000000 748.977750 749.041809 191.927229 475.670163 0
0.513927 1.000000 0.000000 0.802623 0.197377 1.000000 1.000000 1.000000 0.802623 0.000000 0.000000 0.000000 0.000000 0.000000 0.000000 763.484295 763.552551 192.662296 481.438354 0
0.521334 1.000000 0.000000 0.803952 0.196048 1.000000 1.000000 1.000000 0.793074 0.010877 0.000000 0.000000 0.000000 0.000000 0.000000 777.398469 777.470764 193.359863 486.913270 0
0.528700 1.000000 0.000000 0.805288 0.194712 1.000000 1.000000 1.000000 0.762089 0.043199 0.000000 0.000000 0.000000 0.000000 0.000000 790.746234 790.822754 194.022189 492.112527 0
0.536029 1.000000 0.000000 0.806315 0.193685 1.000000 1.000000 1.000000 0.736180 0.070134 0.000000 0.000000 0.000000 0.000000 0.000000 803.551420 803.632019 194.651306 497.051957 0
0.543324 1.000000 0.000000 0.807182 0.192818 1.000000 1.000000 1.000000 0.714441 0.092741 0.000000 0.000000 0.000000 0.000000 0.000000 815.836163 815.920654 195.249039 501.745810 0
0.550589 1.000000 0.000000 0.808193 0.191807 1.000000 1.000000 1.000000 0.695822 0.112371 0.000000 0.000000 0.000000 0.000000 0.000000 827.621076 827.709473 195.817048 506.207038 0
0.557826 1.000000 0.000000 0.809156 0.190844 1.000000 1.000000 1.000000 0.679923 0.129232 0.000000 0.000000 0.000000 0.000000 0.000000 838.925355 839.017456 196.356840 510.447397 0
0.565038 1.000000 0.000000 0.810086 0.189914 1.000000 1.000000 1.000000 0.665688 0.144399 0.000000 0.000000 0.000000 0.000000 0.000000 849.767063 849.862793 196.869790 514.477636 0
0.572227 1.000000 0.000000 0.810834 0.189166 1.000000 1.000000 1.000000 0.653084 0.157751 0.000000 0.000000 0.000000 0.000000 0.000000 860.161670 860.260925 197.357164 518.307631 0
0.579397 1.000000 0.000000 0.811503 0.188497 1.000000 1.000000 1.000000 0.642063 0.169440 0.000000 0.000000 0.000000 0.000000 0.000000 870.124512 870.227295 197.820125 521.946470 0
0.586548 1.000000 0.000000 0.812012 0.187988 1.000000 1.000000 1.000000 0.631703 0.168485 0.011824 0.000000 0.000000 0.000000 0.000000 879.672562 879.778809 198.259745 525.402530 0
0.593683 1.000000 0.000000 0.812521 0.187479 1.000000 1.000000 1.000000 0.622544 0.162199 0.027778 0.000000 0.000000 0.000000 0.000000 888.819952 888.929321 198.677016 528.683564 0
0.600804 1.000000 0.000000 0.813062 0.186938 1.000000 1.000000 1.000000 0.614205 0.157027 0.041831 0.000000 0.000000 0.000000 0.000000 897.577639 897.690308 199.072860 531.796778 0
0.607912 1.000000 0.000000 0.813452 0.186548 1.000000 1.000000 1.000000 0.606725 0.152244 0.054483 0.000000 0.000000 0.000000 0.000000 905.959355 906.075256 199.448138 534.748906 0
0.615010 1.000000 0.000000 0.813826 0.186174 1.000000 1.000000 1.000000 0.599850 0.148067 0.065909 0.000000 0.000000 0.000000 0.000000 913.979115 914.098145 199.803649 537.546187 0
0.622098 1.000000 0.000000 0.814176 0.185824 1.000000 1.000000 1.000000 0.593397 0.144494 0.076285 0.000000 0.000000 0.000000 0.000000 921.644421 921.766357 200.140141 540.194471 0
0.629179 1.000000 0.000000 0.814590 0.185410 1.000000 1.000000 1.000000 0.587732 0.141399 0.085460 0.000000 0.000000 0.000000 0.000000 928.969319 929.094055 200.458316 542.699258 0
0.636253 1.000000 0.000000 0.814916 0.185084 1.000000 1.000000 1.000000 0.582496 0.138383 0.094038 0.000000 0.000000 0.000000 0.000000 935.963210 936.090759 200.758828 545.065665 0
0.643322 1.000000 0.000000 0.815290 0.184710 1.000000 1.000000 1.000000 0.577905 0.135606 0.101780 0.000000 0.000000 0.000000 0.000000 942.635691 942.765808 201.042303 547.298580 0
0.650388 1.000000 0.000000 0.815561 0.184439 1.000000 1.000000 1.000000 0.573393 0.133338 0.108830 0.000000 0.000000 0.000000 0.000000 948.997251 949.130066 201.309320 549.402541 0
0.657451 1.000000 0.000000 0.815784 0.184216 1.000000 1.000000 1.000000 0.569327 0.131110 0.115347 0.000000 0.000000 0.000000 0.000000 955.055626 955.190918 201.560432 551.381878 0
0.664512 1.000000 0.000000 0.815879 0.184121 1.000000 1.000000 1.000000 0.565380 0.129240 0.121259 0.000000 0.000000 0.000000 0.000000 960.820406 960.958069 201.796158 553.240647 0
0.671574 1.000000 0.000000 0.816054 0.183946 1.000000 1.000000 1.000000 0.561712 0.127545 0.126797 0.000000 0.000000 0.000000 0.000000 966.300163 966.440125 202.016990 554.982704 0
0.678636 1.000000 0.000000 0.816166 0.183834 1.000000 1.000000 1.000000 0.558736 0.125755 0.131675 0.000000 0.000000 0.000000 0.000000 971.501637 971.644043 202.223396 556.611709 0
0.685701 1.000000 0.000000 0.816277 0.183723 1.000000 1.000000 1.000000 0.555967 0.123941 0.131906 0.004464 0.000000 0.000000 0.000000 976.434823 976.579407 202.415824 558.131166 0
0.692768 1.000000 0.000000 0.816389 0.183611 1.000000 1.000000 1.000000 0.553086 0.122859 0.129741 0.010702 0.000000 0.000000 0.000000 981.103962 981.250549 202.594691 559.544351 0
0.699840 1.000000 0.000000 0.816428 0.183572 1.000000 1.000000 1.000000 0.550548 0.121458 0.128023 0.016400 0.000000 0.000000 0.000000 985.518429 985.667175 202.760398 560.854400 0
0.706917 1.000000 0.000000 0.816484 0.183516 1.000000 1.000000 1.000000 0.548256 0.120408 0.126169 0.021651 0.000000 0.000000 0.000000 989.685249 989.836060 202.913329 562.064324 0
0.713999 1.000000 0.000000 0.816516 0.183484 1.000000 1.000000 1.000000 0.546187 0.119023 0.124911 0.026394 0.000000 0.000000 0.000000 993.608712 993.761353 203.053849 563.176972 0
0.721089 1.000000 0.000000 0.816524 0.183476 1.000000 1.000000 1.000000 0.544309 0.118220 0.123193 0.030802 0.000000 0.000000 0.000000 997.296927 997.451416 203.182303 564.195060 0
0.728186 1.000000 0.000000 0.816524 0.183476 1.000000 1.000000 1.000000 0.542511 0.117201 0.122031 0.034781 0.000000 0.000000 0.000000 1000.756136 1000.912354 203.299029 565.121223 0
0.735292 1.000000 0.000000 0.816524 0.183476 1.000000 1.000000 1.000000 0.540840 0.116397 0.120869 0.038417 0.000000 0.000000 0.000000 1003.991506 1004.149414 203.404345 565.957956 0
0.742407 1.000000 0.000000 0.816524 0.183476 1.000000 1.000000 1.000000 0.539527 0.115610 0.119660 0.041727 0.000000 0.000000 0.000000 1007.007953 1007.167419 203.498554 566.707637 0
0.749533 1.000000 0.000000 0.816524 0.183476 1.000000 1.000000 1.000000 0.538421 0.114718 0.118681 0.044703 0.000000 0.000000 0.000000 1009.812049 1009.973145 203.581947 567.372547 0
0.756670 1.000000 0.000000 0.816524 0.183476 1.000000 1.000000 1.000000 0.537411 0.113931 0.117798 0.047385 0.000000 0.000000 0.000000 1012.408956 1012.571594 203.654807 567.954898 0
0.763819 1.000000 0.000000 0.816524 0.183476 1.000000 1.000000 1.000000 0.536456 0.113374 0.116795 0.049899 0.000000 0.000000 0.000000 1014.803642 1014.967651 203.717403 568.456799 0
0.770981 1.000000 0.000000 0.816524 0.183476 1.000000 1.000000 1.000000 0.535700 0.112864 0.115872 0.052088 0.000000 0.000000 0.000000 1017.000425 1017.165710 203.769991 568.880268 0
0.778156 1.000000 0.000000 0.816524 0.183476 1.000000 1.000000 1.000000 0.534968 0.112451 0.115021 0.054085 0.000000 0.000000 0.000000 1019.004072 1019.170715 203.812822 569.227257 0
0.785346 1.000000 0.000000 0.816524 0.183476 1.000000 1.000000 1.000000 0.534530 0.111711 0.114472 0.055812 0.000000 0.000000 0.000000 1020.819563 1020.987427 203.846136 569.499645 0
0.792551 1.000000 0.000000 0.816524 0.183476 1.000000 1.000000 1.000000 0.534132 0.111313 0.113756 0.057323 0.000000 0.000000 0.000000 1022.451199 1022.620239 203.870160 569.699229 0
0.799772 1.000000 0.000000 0.816524 0.183476 1.000000 1.000000 1.000000 0.533870 0.110859 0.113063 0.058732 0.000000 0.000000 0.000000 1023.903174 1024.073608 203.885117 569.827747 0
0.807009 1.000000 0.000000 0.816524 0.183476 1.000000 1.000000 1.000000 0.533687 0.110485 0.112562 0.059790 0.000000 0.000000 0.000000 1025.179711 1025.351196 203.891221 569.886872 0
0.814264 1.000000 0.000000 0.816524 0.183476 1.000000 1.000000 1.000000 0.533655 0.110143 0.112061 0.060665 0.000000 0.000000 0.000000 1026.284548 1026.456909 203.888680 569.878236 0
0.821538 1.000000 0.000000 0.816524 0.183476 1.000000 1.000000 1.000000 0.533655 0.109928 0.111543 0.061397 0.000000 0.000000 0.000000 1027.221655 1027.395142 203.877690 569.803386 0
0.828830 1.000000 0.000000 0.816524 0.183476 1.000000 1.000000 1.000000 0.533655 0.109777 0.111114 0.061978 0.000000 0.000000 0.000000 1027.994762 1028.169067 203.858444 569.663829 0
0.836142 1.000000 0.000000 0.816524 0.183476 1.000000 1.000000 1.000000 0.533655 0.109737 0.110756 0.062376 0.000000 0.000000 0.000000 1028.607506 1028.782837 203.831130 569.461032 0
0.843474 1.000000 0.000000 0.816524 0.183476 1.000000 1.000000 1.000000 0.533655 0.109737 0.110509 0.062623 0.000000 0.000000 0.000000 1029.063213 1029.239502 203.795925 569.196395 0
0.850827 1.000000 0.000000 0.816524 0.183476 1.000000 1.000000 1.000000 0.533655 0.109737 0.110453 0.062679 0.000000 0.000000 0.000000 1029.365321 1029.541992 203.753003 568.871276 0
0.858202 1.000000 0.000000 0.816524 0.183476 1.000000 1.000000 1.000000 0.533655 0.109737 0.110453 0.062679 0.000000 0.000000 0.000000 1029.517211 1029.694580 203.702534 568.487008 0
0.865600 1.000000 0.000000 0.816524 0.183476 1.000000 1.000000 1.000000 0.533655 0.109737 0.110453 0.062679 0.000000 0.000000 0.000000 1029.521945 1029.700195 203.644680 568.044858 0
0.873021 1.000000 0.000000 0.816524 0.183476 1.000000 1.000000 1.000000 0.533655 0.109737 0.110453 0.062679 0.000000 0.000000 0.000000 1029.382640 1029.561523 203.579596 567.546047 0
0.880466 1.000000 0.000000 0.816524 0.183476 1.000000 1.000000 1.000000 0.533655 0.109737 0.110453 0.062679 0.000000 0.000000 0.000000 1029.102400 1029.281738 203.507437 566.991789 0
0.887935 1.000000 0.000000 0.816524 0.183476 1.000000 1.000000 1.000000 0.533655 0.109737 0.110453 0.062679 0.000000 0.000000 0.000000 1028.683923 1028.863892 203.428350 566.383242 0
0.895431 1.000000 0.000000 0.816524 0.183476 1.000000 1.000000 1.000000 0.533655 0.109737 0.110453 0.062679 0.000000 0.000000 0.000000 1028.130058 1028.310669 203.342480 565.721531 0
0.902952 1.000000 0.000000 0.816524 0.183476 1.000000 1.000000 1.000000 0.533655 0.109737 0.110453 0.062679 0.000000 0.000000 0.000000 1027.443792 1027.624756 203.249965 565.007747 0
0.910500 1.000000 0.000000 0.816524 0.183476 1.000000 1.000000 1.000000 0.533655 0.109737 0.110453 0.062679 0.000000 0.000000 0.000000 1026.627801 1026.809082 203.150940 564.242945 0
0.918076 1.000000 0.000000 0.816524 0.183476 1.000000 1.000000 1.000000 0.533655 0.109737 0.110453 0.062679 0.000000 0.000000 0.000000 1025.684527 1025.866211 203.045537 563.428169 0
0.925681 1.000000 0.000000 0.816524 0.183476 1.000000 1.000000 1.000000 0.533655 0.109737 0.110453 0.062679 0.000000 0.000000 0.000000 1024.616662 1024.798828 202.933885 562.564418 0
0.933315 1.000000 0.000000 0.816524 0.183476 1.000000 1.000000 1.000000 0.533655 0.109737 0.110453 0.062679 0.000000 0.000000 0.000000 1023.426348 1023.608704 202.816107 561.652664 0
0.940978 1.000000 0.000000 0.816524 0.183476 1.000000 1.000000 1.000000 0.533655 0.109737 0.110453 0.062679 0.000000 0.000000 0.000000 1022.116154 1022.298767 202.692322 560.693845 0
0.948672 1.000000 0.000000 0.816524 0.183476 1.000000 1.000000 1.000000 0.533655 0.109737 0.110453 0.062679 0.000000 0.000000 0.000000 1020.688387 1020.871155 202.562647 559.688869 0
0.956398 1.000000 0.000000 0.816524 0.183476 1.000000 1.000000 1.000000 0.533655 0.109737 0.110453 0.062679 0.000000 0.000000 0.000000 1019.145260 1019.328369 202.427196 558.638635 0
0.964156 1.000000 0.000000 0.816524 0.183476 1.000000 1.000000 1.000000 0.533655 0.109737 0.110453 0.062679 0.000000 0.000000 0.000000 1017.488920 1017.672119 202.286080 557.544016 0
0.971947 1.000000 0.000000 0.816524 0.183476 1.000000 1.000000 1.000000 0.533655 0.109737 0.110453 0.062679 0.000000 0.000000 0.000000 1015.721160 1015.904541 202.139408 556.405859 0
0.979771 1.000000 0.000000 0.816524 0.183476 1.000000 1.000000 1.000000 0.533655 0.109737 0.110453 0.062679 0.000000 0.000000 0.000000 1013.844616 1014.028015 201.987283 555.224980 0
0.987630 1.000000 0.000000 0.816524 0.183476 1.000000 1.000000 1.000000 0.533655 0.109737 0.110453 0.062679 0.000000 0.000000 0.000000 1011.861721 1012.045105 201.829807 554.002178 0
0.995525 1.000000 0.000000 0.816524 0.183476 1.000000 1.000000 1.000000 0.533655 0.109737 0.110453 0.062679 0.000000 0.000000 0.000000 1009.774052 1009.957336 201.667081 552.738242 0
1.003455 1.000000 0.000000 0.816524 0.183476 1.000000 1.000000 1.000000 0.533655 0.109737 0.110453 0.062679 0.000000 0.000000 0.000000 1007.583408 1007.766785 201.499205 551.433960 0
1.011423 1.000000 0.000000 0.816524 0.183476 1.000000 1.000000 1.000000 0.533655 0.109737 0.110453 0.062679 0.000000 0.000000 0.000000 1005.291503 1005.474915 201.326270 550.090048 0
1.019428 1.000000 0.000000 0.816524 0.183476 1.000000 1.000000 1.000000 0.533655 0.109737 0.110453 0.062679 0.000000 0.000000 0.000000 1002.899754 1003.083191 201.148366 548.707209 0
1.027471 1.000000 0.000000 0.816524 0.183476 1.000000 1.000000 1.000000 0.533655 0.109737 0.110453 0.062679 0.000000 0.000000 0.000000 1000.410619 1000.593689 200.965585 547.286164 0
1.035555 1.000000 0.000000 0.816524 0.183476 1.000000 1.000000 1.000000 0.533655 0.109737 0.110453 0.062679 0.000000 0.000000 0.000000 997.826654 998.009644 200.778016 545.827611 0
1.043678 1.000000 0.000000 0.816524 0.183476 1.000000 1.000000 1.000000 0.533655 0.109737 0.110453 0.062679 0.000000 0.000000 0.000000 995.148721 995.331604 200.585745 544.332226 0
1.051843 1.000000 0.000000 0.816524 0.183476 1.000000 1.000000 1.000000 0.533655 0.109737 0.110453 0.062679 0.000000 0.000000 0.000000 992.378310 992.560852 200.388853 542.800644 0
1.060049 1.000000 0.000000 0.816524 0.183476 1.000000 1.000000 1.000000 0.533655 0.109737 0.110453 0.062679 0.000000 0.000000 0.000000 989.516092 989.698486 200.187423 541.233522 0
1.068299 1.000000 0.000000 0.816524 0.183476 1.000000 1.000000 1.000000 0.533655 0.109737 0.110453 0.062679 0.000000 0.000000 0.000000 986.565604 986.747620 199.981537 539.631493 0
1.076592 1.000000 0.000000 0.816524 0.183476 1.000000 1.000000 1.000000 0.533655 0.109737 0.110453 0.062679 0.000000 0.000000 0.000000 983.528187 983.709961 199.771271 537.995163 0
1.084930 1.000000 0.000000 0.816524 0.183476 1.000000 1.000000 1.000000 0.533655 0.109737 0.110453 0.062679 0.000000 0.000000 0.000000 980.404683 980.586182 199.556699 536.325103 0
1.093314 1.000000 0.000000 0.816524 0.183476 1.000000 1.000000 1.000000 0.533655 0.109737 0.110453 0.062679 0.000000 0.000000 0.000000 977.195660 977.377014 199.337895 534.621904 0
1.101745 1.000000 0.000000 0.816524 0.183476 1.000000 1.000000 1.000000 0.533655 0.109737 0.110453 0.062679 0.000000 0.000000 0.000000 973.903407 974.084229 199.114934 532.886150 0
1.110223 1.000000 0.000000 0.816524 0.183476 1.000000 1.000000 1.000000 0.533655 0.109737 0.110453 0.062679 0.000000 0.000000 0.000000 970.530807 970.711243 198.887888 531.118405 0
1.118749 1.000000 0.000000 0.816524 0.183476 1.000000 1.000000 1.000000 0.533655 0.109737 0.110453 0.062679 0.000000 0.000000 0.000000 967.077965 967.257935 198.656826 529.319210 0
1.127325 1.000000 0.000000 0.816524 0.183476 1.000000 1.000000 1.000000 0.533655 0.109737 0.110453 0.062679 0.000000 0.000000 0.000000 963.544639 963.724121 198.421815 527.489100 0
1.135952 1.000000 0.000000 0.816524 0.183476 1.000000 1.000000 1.000000 0.533655 0.109737 0.110453 0.062679 0.000000 0.000000 0.000000 959.934864 960.113892 198.182921 525.628580 0
1.144630 1.000000 0.000000 0.816524 0.183476 1.000000 1.000000 1.000000 0.533655 0.109737 0.110453 0.062679 0.000000 0.000000 0.000000 956.249410 956.427979 197.940210 523.738176 0
1.153361 1.000000 0.000000 0.816524 0.183476 1.000000 1.000000 1.000000 0.533655 0.109737 0.110453 0.062679 0.000000 0.000000 0.000000 952.488351 952.666260 197.693745 521.818373 0
1.162146 1.000000 0.000000 0.816524 0.183476 1.000000 1.000000 1.000000 0.533655 0.109737 0.110453 0.062679 0.000000 0.000000 0.000000 948.652082 948.829468 197.443587 519.869664 0
1.170985 1.000000 0.000000 0.816524 0.183476 1.000000 1.000000 1.000000 0.533655 0.109737 0.110453 0.062679 0.000000 0.000000 0.000000 944.745306 944.922058 197.189802 517.892562 0
1.179881 1.000000 0.000000 0.816524 0.183476 1.000000 1.000000 1.000000 0.533655 0.109737 0.110453 0.062679 0.000000 0.000000 0.000000 940.767113 940.943359 196.932447 515.887507 0
1.188833 1.000000 0.000000 0.816524 0.183476 1.000000 1.000000 1.000000 0.533655 0.109737 0.110453 0.062679 0.000000 0.000000 0.000000 936.716798 936.892334 196.671579 513.854958 0
1.698833 1.000000 0.000000 0.816524 0.183476 1.000000 1.000000 1.000000 0.533655 0.109737 0.110453 0.062679 0.000000 0.000000 0.000000 695.566316 695.697937 182.098696 400.005366 0
2.208833 1.000000 0.000000 0.816524 0.183476 1.000000 1.000000 1.000000 0.533655 0.109737 0.110453 0.062679 0.000000 0.000000 0.000000 493.570225 493.653625 170.173229 307.135656 0
2.718833 1.000000 0.000000 0.816524 0.183476 1.000000 1.000000 1.000000 0.533655 0.109737 0.110453 0.062679 0.000000 0.000000 0.000000 361.521309 361.572723 162.410633 246.672504 0
3.228833 1.000000 0.000000 0.816524 0.183476 1.000000 1.000000 1.000000 0.533655 0.109737 0.110453 0.062679 0.000000 0.000000 0.000000 279.551284 279.582825 157.599408 209.195896 0
3.738833 1.000000 0.000000 0.816524 0.183476 1.000000 1.000000 1.000000 0.533655 0.109737 0.110453 0.062679 0.000000 0.000000 0.000000 229.240040 229.259323 154.647957 186.205490 0
4.248833 1.000000 0.000000 0.816524 0.183476 1.000000 1.000000 1.000000 0.533655 0.109737 0.110453 0.062679 0.000000 0.000000 0.000000 198.465880 198.477676 152.842913 172.144995 0
4.758833 1.000000 0.000000 0.816524 0.183476 1.000000 1.000000 1.000000 0.533655 0.109737 0.110453 0.062679 0.000000 0.000000 0.000000 179.661488 179.668716 151.740004 163.553803 0
5.268833 1.000000 0.000000 0.816524 0.183476 1.000000 1.000000 1.000000 0.533655 0.109737 0.110453 0.062679 0.000000 0.000000 0.000000 168.174735 168.179169 151.066296 158.305905 0
5.778833 1.000000 0.000000 0.816524 0.183476 1.000000 1.000000 1.000000 0.533655 0.109737 0.110453 0.062679 0.000000 0.000000 0.000000 161.158650 161.161377 150.654798 155.100514 0
6.288833 1.000000 0.000000 0.816524 0.183476 1.000000 1.000000 1.000000 0.533655 0.109737 0.110453 0.062679 0.000000 0.000000 0.000000 156.873355 156.875031 150.403463 153.142722 0
6.798833 1.000000 0.000000 0.816524 0.183476 1.000000 1.000000 1.000000 0.533655 0.109737 0.110453 0.062679 0.000000 0.000000 0.000000 154.255992 154.257019 150.249953 151.946947 0
7.308833 1.000000 0.000000 0.816524 0.183476 1.000000 1.000000 1.000000 0.533655 0.109737 0.110453 0.062679 0.000000 0.000000 0.000000 152.657362 152.658005 150.156193 151.216592 0
7.818833 1.000000 0.000000 0.816524 0.183476 1.000000 1.000000 1.000000 0.533655 0.109737 0.110453 0.062679 0.000000 0.000000 0.000000 151.680946 151.681351 150.098926 150.770504 0
8.328833 1.000000 0.000000 0.816524 0.183476 1.000000 1.000000 1.000000 0.533655 0.109737 0.110453 0.062679 0.000000 0.000000 0.000000 151.084560 151.084824 150.063947 150.498036 0
8.838833 1.000000 0.000000 0.816524 0.183476 1.000000 1.000000 1.000000 0.533655 0.109737 0.110453 0.062679 0.000000 0.000000 0.000000 150.720280 150.720459 150.042582 150.331610 0
9.348833 1.000000 0.000000 0.816524 0.183476 1.000000 1.000000 1.000000 0.533655 0.109737 0.110453 0.062679 0.000000 0.000000 0.000000 150.497770 150.497879 150.029531 150.229952 0
9.858833 1.000000 0.000000 0.816524 0.183476 1.000000 1.000000 1.000000 0.533655 0.109737 0.110453 0.062679 0.000000 0.000000 0.000000 150.361844 150.361938 150.021559 150.167851 0
10.368833 1.000000 0.000000 0.816524 0.183476 1.000000 1.000000 1.000000 0.533655 0.109737 0.110453 0.062679 0.000000 0.000000 0.000000 150.278797 150.278870 150.016688 150.129910 0
10.878833 1.000000 0.000000 0.816524 0.183476 1.000000 1.000000 1.000000 0.533655 0.109737 0.110453 0.062679 0.000000 0.000000 0.000000 150.228058 150.228119 150.013712 150.106728 0
