2.500000 1.000000 0.000000 0.000000 1.000000 1.000000 1.000000 1.000000 0.000000 0.000000 0.000000 0.000000 0.000000 0.000000 0.000000 150.000000 150.000000 150.000000 150.000000 0
2.507099 1.000000 0.000000 0.000000 1.000000 1.000000 1.000000 1.000000 0.000000 0.000000 0.000000 0.000000 0.000000 0.000000 0.000000 152.944540 152.944534 150.394248 152.647368 0
2.511565 1.000000 0.000000 0.000000 1.000000 1.000000 1.000000 1.000000 0.000000 0.000000 0.000000 0.000000 0.000000 0.000000 0.000000 154.785670 154.785675 150.603996 154.234212 0
2.515654 1.000000 0.000000 0.000000 1.000000 1.000000 1.000000 1.000000 0.000000 0.000000 0.000000 0.000000 0.000000 0.000000 0.000000 156.464263 156.464264 150.789576 155.650840 0
2.519491 1.000000 0.000000 0.000000 1.000000 1.000000 1.000000 1.000000 0.000000 0.000000 0.000000 0.000000 0.000000 0.000000 0.000000 158.033609 158.033615 150.959401 156.953343 0
2.523144 1.000000 0.000000 0.000000 1.000000 1.000000 1.000000 1.000000 0.000000 0.000000 0.000000 0.000000 0.000000 0.000000 0.000000 159.522149 159.522156 151.117721 158.171354 0
2.526652 1.000000 0.000000 0.000000 1.000000 1.000000 1.000000 1.000000 0.000000 0.000000 0.000000 0.000000 0.000000 0.000000 0.000000 160.946979 160.946976 151.267041 159.322688 0
2.530044 1.000000 0.000000 0.000000 1.000000 1.000000 1.000000 1.000000 0.000000 0.000000 0.000000 0.000000 0.000000 0.000000 0.000000 162.319487 162.319489 151.409008 160.419216 0
2.533336 1.000000 0.000000 0.000000 1.000000 1.000000 1.000000 1.000000 0.000000 0.000000 0.000000 0.000000 0.000000 0.000000 0.000000 163.647760 163.647766 151.544785 161.469371 0
2.536544 1.000000 0.000000 0.000000 1.000000 1.000000 1.000000 1.000000 0.000000 0.000000 0.000000 0.000000 0.000000 0.000000 0.000000 164.937855 164.937851 151.675234 162.479468 0
2.539679 1.000000 0.000000 0.000000 1.000000 1.000000 1.000000 1.000000 0.000000 0.000000 0.000000 0.000000 0.000000 0.000000 0.000000 166.194385 166.194382 151.801016 163.454370 0
2.554779 1.000000 0.000000 0.000000 1.000000 1.000000 1.000000 1.000000 0.000000 0.000000 0.000000 0.000000 0.000000 0.000000 0.000000 172.195117 172.195114 152.386020 167.998144 0
2.568821 1.000000 0.000000 0.000000 1.000000 1.000000 1.000000 1.000000 0.000000 0.000000 0.000000 0.000000 0.000000 0.000000 0.000000 177.696951 177.696945 152.902159 172.016885 0
2.582133 1.000000 0.000000 0.000000 1.000000 1.000000 1.000000 1.000000 0.000000 0.000000 0.000000 0.000000 0.000000 0.000000 0.000000 182.844175 182.844193 153.369532 175.661750 0
2.594900 1.000000 0.000000 0.000000 1.000000 1.000000 1.000000 1.000000 0.000000 0.000000 0.000000 0.000000 0.000000 0.000000 0.000000 187.718625 187.718628 153.799477 179.018619 0
2.607238 1.000000 0.000000 0.000000 1.000000 1.000000 1.000000 1.000000 0.000000 0.000000 0.000000 0.000000 0.000000 0.000000 0.000000 192.372718 192.372726 154.199232 182.142561 0
2.619227 1.000000 0.000000 0.000000 1.000000 1.000000 1.000000 1.000000 0.000000 0.000000 0.000000 0.000000 0.000000 0.000000 0.000000 196.842481 196.842499 154.573790 185.071715 0
2.630927 1.000000 0.000000 0.000000 1.000000 1.000000 1.000000 1.000000 0.000000 0.000000 0.000000 0.000000 0.000000 0.000000 0.000000 201.154406 201.154404 154.926791 187.833952 0
2.642381 1.000000 0.000000 0.000000 1.000000 1.000000 1.000000 1.000000 0.000000 0.000000 0.000000 0.000000 0.000000 0.000000 0.000000 205.328253 205.328278 155.260999 190.450480 0
2.653623 1.000000 0.000000 0.000000 1.000000 1.000000 1.000000 1.000000 0.000000 0.000000 0.000000 0.000000 0.000000 0.000000 0.000000 209.379419 209.379456 155.578556 192.937794 0
2.664676 1.000000 0.000000 0.000000 1.000000 1.000000 1.000000 1.000000 0.000000 0.000000 0.000000 0.000000 0.000000 0.000000 0.000000 213.319749 213.319809 155.881107 195.308567 0
2.675562 1.000000 0.000000 0.000000 1.000000 1.000000 1.000000 1.000000 0.000000 0.000000 0.000000 0.000000 0.000000 0.000000 0.000000 217.159476 217.159531 156.170094 197.573856 0
2.686302 1.000000 0.000000 0.000000 1.000000 1.000000 1.000000 1.000000 0.000000 0.000000 0.000000 0.000000 0.000000 0.000000 0.000000 220.906653 220.906738 156.446724 199.742978 0
2.696909 1.000000 0.000000 0.000000 1.000000 1.000000 1.000000 1.000000 0.000000 0.000000 0.000000 0.000000 0.000000 0.000000 0.000000 224.568355 224.568481 156.712018 201.823813 0
2.707399 1.000000 0.000000 0.000000 1.000000 1.000000 1.000000 1.000000 0.000000 0.000000 0.000000 0.000000 0.000000 0.000000 0.000000 228.150680 228.150879 156.966846 203.823096 0
2.717782 1.000000 0.000000 0.000000 1.000000 1.000000 1.000000 1.000000 0.000000 0.000000 0.000000 0.000000 0.000000 0.000000 0.000000 231.658499 231.658783 157.211961 205.746653 0
2.728070 1.000000 0.000000 0.000000 1.000000 1.000000 1.000000 1.000000 0.000000 0.000000 0.000000 0.000000 0.000000 0.000000 0.000000 235.096075 235.096466 157.448016 207.599551 0
2.738269 1.000000 0.000000 0.000000 1.000000 1.000000 1.000000 1.000000 0.000000 0.000000 0.000000 0.000000 0.000000 0.000000 0.000000 238.467010 238.467529 157.675590 209.386256 0
2.748389 1.000000 0.000000 0.000000 1.000000 1.000000 1.000000 1.000000 0.000000 0.000000 0.000000 0.000000 0.000000 0.000000 0.000000 241.774441 241.775055 157.895190 211.110722 0
2.758437 1.000000 0.000000 0.000000 1.000000 1.000000 1.000000 1.000000 0.000000 0.000000 0.000000 0.000000 0.000000 0.000000 0.000000 245.021042 245.021820 158.107272 212.776474 0
2.768417 1.000000 0.000000 0.000000 1.000000 1.000000 1.000000 1.000000 0.000000 0.000000 0.000000 0.000000 0.000000 0.000000 0.000000 248.209083 248.210083 158.312242 214.386671 0
2.778337 1.000000 0.000000 0.000000 1.000000 1.000000 1.000000 1.000000 0.000000 0.000000 0.000000 0.000000 0.000000 0.000000 0.000000 251.340574 251.341797 158.510468 215.944165 0
2.788201 1.000000 0.000000 0.000000 1.000000 1.000000 1.000000 1.000000 0.000000 0.000000 0.000000 0.000000 0.000000 0.000000 0.000000 254.417287 254.418732 158.702282 217.451534 0
2.798013 1.000000 0.000000 0.000000 1.000000 1.000000 1.000000 1.000000 0.000000 0.000000 0.000000 0.000000 0.000000 0.000000 0.000000 257.440741 257.442383 158.887983 218.911119 0
2.807778 1.000000 0.000000 0.000000 1.000000 1.000000 1.000000 1.000000 0.000000 0.000000 0.000000 0.000000 0.000000 0.000000 0.000000 260.412190 260.414124 159.067849 220.325062 0
2.817500 1.000000 0.000000 0.000000 1.000000 1.000000 1.000000 1.000000 0.000000 0.000000 0.000000 0.000000 0.000000 0.000000 0.000000 263.332956 263.335175 159.242132 221.695331 0
2.827181 1.000000 0.000000 0.000000 1.000000 1.000000 1.000000 1.000000 0.000000 0.000000 0.000000 0.000000 0.000000 0.000000 0.000000 266.204024 266.206665 159.411064 223.023736 0
2.836826 1.000000 0.000000 0.000000 1.000000 1.000000 1.000000 1.000000 0.000000 0.000000 0.000000 0.000000 0.000000 0.000000 0.000000 269.026349 269.029297 159.574859 224.311940 0
2.846437 1.000000 0.000000 0.000000 1.000000 1.000000 1.000000 1.000000 0.000000 0.000000 0.000000 0.000000 0.000000 0.000000 0.000000 271.800835 271.804138 159.733716 225.561490 0
2.856017 1.000000 0.000000 0.056193 0.943807 1.000000 1.000000 1.000000 0.056193 0.000000 0.000000 0.000000 0.000000 0.000000 0.000000 274.528228 274.531860 159.887818 226.773819 0
2.865568 1.000000 0.000000 0.123662 0.876338 1.000000 1.000000 1.000000 0.123662 0.000000 0.000000 0.000000 0.000000 0.000000 0.000000 277.209201 277.213257 160.037337 227.950258 0
2.875094 1.000000 0.000000 0.167244 0.832756 1.000000 1.000000 1.000000 0.167244 0.000000 0.000000 0.000000 0.000000 0.000000 0.000000 279.844369 279.848785 160.182432 229.092049 0
2.884595 1.000000 0.000000 0.200115 0.799885 1.000000 1.000000 1.000000 0.200115 0.000000 0.000000 0.000000 0.000000 0.000000 0.000000 282.434359 282.439240 160.323252 230.200353 0
2.894075 1.000000 0.000000 0.226310 0.773690 1.000000 1.000000 1.000000 0.226310 0.000000 0.000000 0.000000 0.000000 0.000000 0.000000 284.979636 284.984985 160.459936 231.276259 0
2.903536 1.000000 0.000000 0.247762 0.752238 1.000000 1.000000 1.000000 0.247762 0.000000 0.000000 0.000000 0.000000 0.000000 0.000000 287.480754 287.486450 160.592614 232.320781 0
2.912978 1.000000 0.000000 0.266111 0.733889 1.000000 1.000000 1.000000 0.266111 0.000000 0.000000 0.000000 0.000000 0.000000 0.000000 289.938205 289.944489 160.721412 233.334888 0
2.922404 1.000000 0.000000 0.281914 0.718086 1.000000 1.000000 1.000000 0.281914 0.000000 0.000000 0.000000 0.000000 0.000000 0.000000 292.352369 292.359192 160.846443 234.319481 0
2.931816 1.000000 0.000000 0.295903 0.704097 1.000000 1.000000 1.000000 0.295903 0.000000 0.000000 0.000000 0.000000 0.000000 0.000000 294.723748 294.730988 160.967817 235.275409 0
2.941215 1.000000 0.000000 0.308221 0.691779 1.000000 1.000000 1.000000 0.308221 0.000000 0.000000 0.000000 0.000000 0.000000 0.000000 297.052663 297.060394 161.085637 236.203477 0
2.950602 1.000000 0.000000 0.319376 0.680624 1.000000 1.000000 1.000000 0.319376 0.000000 0.000000 0.000000 0.000000 0.000000 0.000000 299.339534 299.347809 161.200001 237.104449 0
2.959980 1.000000 0.000000 0.329299 0.670701 1.000000 1.000000 1.000000 0.329299 0.000000 0.000000 0.000000 0.000000 0.000000 0.000000 301.584704 301.593414 161.311002 237.979048 0
2.969349 1.000000 0.000000 0.338283 0.661717 1.000000 1.000000 1.000000 0.338283 0.000000 0.000000 0.000000 0.000000 0.000000 0.000000 303.788546 303.797821 161.418726 238.827958 0
2.978711 1.000000 0.000000 0.346359 0.653641 1.000000 1.000000 1.000000 0.346359 0.000000 0.000000 0.000000 0.000000 0.000000 0.000000 305.951378 305.961243 161.523258 239.651830 0
2.988067 1.000000 0.000000 0.354054 0.645946 1.000000 1.000000 1.000000 0.354054 0.000000 0.000000 0.000000 0.000000 0.000000 0.000000 308.073596 308.084076 161.624677 240.451283 0
2.997418 1.000000 0.000000 0.360881 0.639119 1.000000 1.000000 1.000000 0.360881 0.000000 0.000000 0.000000 0.000000 0.000000 0.000000 310.155495 310.166504 161.723058 241.226911 0
3.006766 1.000000 0.000000 0.367390 0.632610 1.000000 1.000000 1.000000 0.367390 0.000000 0.000000 0.000000 0.000000 0.000000 0.000000 312.197337 312.208893 161.818472 241.979269 0
3.016111 1.000000 0.000000 0.373111 0.626889 1.000000 1.000000 1.000000 0.373111 0.000000 0.000000 0.000000 0.000000 0.000000 0.000000 314.199523 314.211670 161.910990 242.708904 0
3.025454 1.000000 0.000000 0.378594 0.621406 1.000000 1.000000 1.000000 0.378594 0.000000 0.000000 0.000000 0.000000 0.000000 0.000000 316.162282 316.174988 162.000676 243.416316 0
3.034797 1.000000 0.000000 0.383638 0.616362 1.000000 1.000000 1.000000 0.383638 0.000000 0.000000 0.000000 0.000000 0.000000 0.000000 318.086015 318.099304 162.087594 244.102006 0
3.044141 1.000000 0.000000 0.388190 0.611810 1.000000 1.000000 1.000000 0.388190 0.000000 0.000000 0.000000 0.000000 0.000000 0.000000 319.970884 319.984680 162.171801 244.766437 0
3.053486 1.000000 0.000000 0.392582 0.607418 1.000000 1.000000 1.000000 0.392582 0.000000 0.000000 0.000000 0.000000 0.000000 0.000000 321.817261 321.831604 162.253358 245.410065 0
3.062833 1.000000 0.000000 0.396728 0.603272 1.000000 1.000000 1.000000 0.396728 0.000000 0.000000 0.000000 0.000000 0.000000 0.000000 323.625546 323.640564 162.332319 246.033317 0
3.072184 1.000000 0.000000 0.400317 0.599683 1.000000 1.000000 1.000000 0.400317 0.000000 0.000000 0.000000 0.000000 0.000000 0.000000 325.395880 325.411499 162.408737 246.636609 0
3.081539 1.000000 0.000000 0.404152 0.595848 1.000000 1.000000 1.000000 0.404152 0.000000 0.000000 0.000000 0.000000 0.000000 0.000000 327.128579 327.144897 162.482662 247.220340 0
3.090899 1.000000 0.000000 0.407391 0.592609 1.000000 1.000000 1.000000 0.407391 0.000000 0.000000 0.000000 0.000000 0.000000 0.000000 328.823916 328.840851 162.554144 247.784889 0
3.100265 1.000000 0.000000 0.410494 0.589506 1.000000 1.000000 1.000000 0.410494 0.000000 0.000000 0.000000 0.000000 0.000000 0.000000 330.482264 330.499695 162.623230 248.330630 0
3.109638 1.000000 0.000000 0.413104 0.586896 1.000000 1.000000 1.000000 0.413104 0.000000 0.000000 0.000000 0.000000 0.000000 0.000000 332.103843 332.121826 162.689965 248.857916 0
3.119018 1.000000 0.000000 0.415929 0.584071 1.000000 1.000000 1.000000 0.415929 0.000000 0.000000 0.000000 0.000000 0.000000 0.000000 333.688949 333.707520 162.754392 249.367083 0
3.128407 1.000000 0.000000 0.418610 0.581390 1.000000 1.000000 1.000000 0.418610 0.000000 0.000000 0.000000 0.000000 0.000000 0.000000 335.237907 335.257172 162.816553 249.858464 0
3.137805 1.000000 0.000000 0.420918 0.579082 1.000000 1.000000 1.000000 0.420918 0.000000 0.000000 0.000000 0.000000 0.000000 0.000000 336.750934 336.770782 162.876491 250.332379 0
3.147212 1.000000 0.000000 0.423209 0.576791 1.000000 1.000000 1.000000 0.423209 0.000000 0.000000 0.000000 0.000000 0.000000 0.000000 338.228259 338.248688 162.934241 250.789131 0
3.156630 1.000000 0.000000 0.425191 0.574809 1.000000 1.000000 1.000000 0.425191 0.000000 0.000000 0.000000 0.000000 0.000000 0.000000 339.670291 339.691223 162.989845 251.229019 0
3.166059 1.000000 0.000000 0.427276 0.572724 1.000000 1.000000 1.000000 0.427276 0.000000 0.000000 0.000000 0.000000 0.000000 0.000000 341.077233 341.098694 163.043337 251.652326 0
3.175501 1.000000 0.000000 0.428931 0.571069 1.000000 1.000000 1.000000 0.428931 0.000000 0.000000 0.000000 0.000000 0.000000 0.000000 342.449368 342.471405 163.094753 252.059327 0
3.184955 1.000000 0.000000 0.430705 0.569295 1.000000 1.000000 1.000000 0.430705 0.000000 0.000000 0.000000 0.000000 0.000000 0.000000 343.786927 343.809479 163.144127 252.450295 0
3.194422 1.000000 0.000000 0.432384 0.567616 1.000000 1.000000 1.000000 0.432384 0.000000 0.000000 0.000000 0.000000 0.000000 0.000000 345.090231 345.113464 163.191492 252.825490 0
3.203903 1.000000 0.000000 0.433832 0.566168 1.000000 1.000000 1.000000 0.433832 0.000000 0.000000 0.000000 0.000000 0.000000 0.000000 346.359544 346.383362 163.236880 253.185154 0
3.213399 1.000000 0.000000 0.435241 0.564759 1.000000 1.000000 1.000000 0.435241 0.000000 0.000000 0.000000 0.000000 0.000000 0.000000 347.595086 347.619385 163.280322 253.529539 0
3.222910 1.000000 0.000000 0.436402 0.563598 1.000000 1.000000 1.000000 0.436402 0.000000 0.000000 0.000000 0.000000 0.000000 0.000000 348.797173 348.821960 163.321849 253.858879 0
3.232437 1.000000 0.000000 0.437699 0.562301 1.000000 1.000000 1.000000 0.437699 0.000000 0.000000 0.000000 0.000000 0.000000 0.000000 349.966080 349.991425 163.361490 254.173403 0
3.241981 1.000000 0.000000 0.438702 0.561298 1.000000 1.000000 1.000000 0.438702 0.000000 0.000000 0.000000 0.000000 0.000000 0.000000 351.102045 351.127930 163.399273 254.473335 0
3.251543 1.000000 0.000000 0.439840 0.560160 1.000000 1.000000 1.000000 0.439840 0.000000 0.000000 0.000000 0.000000 0.000000 0.000000 352.205361 352.231720 163.435225 254.758886 0
3.261122 1.000000 0.000000 0.440675 0.559325 1.000000 1.000000 1.000000 0.440675 0.000000 0.000000 0.000000 0.000000 0.000000 0.000000 353.276230 353.303253 163.469373 255.030263 0
3.270719 1.000000 0.000000 0.441344 0.558656 1.000000 1.000000 1.000000 0.441344 0.000000 0.000000 0.000000 0.000000 0.000000 0.000000 354.314920 354.342377 163.501742 255.287674 0
3.280336 1.000000 0.000000 0.442108 0.557892 1.000000 1.000000 1.000000 0.442108 0.000000 0.000000 0.000000 0.000000 0.000000 0.000000 355.321743 355.349701 163.532359 255.531318 0
3.289972 1.000000 0.000000 0.442824 0.557176 1.000000 1.000000 1.000000 0.442824 0.000000 0.000000 0.000000 0.000000 0.000000 0.000000 356.296866 356.325317 163.561248 255.761387 0
3.299629 1.000000 0.000000 0.443444 0.556556 1.000000 1.000000 1.000000 0.443444 0.000000 0.000000 0.000000 0.000000 0.000000 0.000000 357.240585 357.269562 163.588433 255.978066 0
3.309307 1.000000 0.000000 0.443890 0.556110 1.000000 1.000000 1.000000 0.443890 0.000000 0.000000 0.000000 0.000000 0.000000 0.000000 358.153133 358.182587 163.613936 256.181539 0
3.319007 1.000000 0.000000 0.444368 0.555632 1.000000 1.000000 1.000000 0.444368 0.000000 0.000000 0.000000 0.000000 0.000000 0.000000 359.034847 359.064728 163.637781 256.371984 0
3.328729 1.000000 0.000000 0.444805 0.555195 1.000000 1.000000 1.000000 0.444805 0.000000 0.000000 0.000000 0.000000 0.000000 0.000000 359.885889 359.916351 163.659990 256.549573 0
3.338474 1.000000 0.000000 0.445155 0.554845 1.000000 1.000000 1.000000 0.445155 0.000000 0.000000 0.000000 0.000000 0.000000 0.000000 360.706514 360.737457 163.680584 256.714473 0
3.348242 1.000000 0.000000 0.445458 0.554542 1.000000 1.000000 1.000000 0.445458 0.000000 0.000000 0.000000 0.000000 0.000000 0.000000 361.496993 361.528442 163.699583 256.866847 0
3.358034 1.000000 0.000000 0.445760 0.554240 1.000000 1.000000 1.000000 0.445760 0.000000 0.000000 0.000000 0.000000 0.000000 0.000000 362.257561 362.289337 163.717008 257.006858 0
3.367851 1.000000 0.000000 0.445903 0.554097 1.000000 1.000000 1.000000 0.445903 0.000000 0.000000 0.000000 0.000000 0.000000 0.000000 362.988435 363.020660 163.732880 257.134662 0
3.377693 1.000000 0.000000 0.446007 0.553993 1.000000 1.000000 1.000000 0.446007 0.000000 0.000000 0.000000 0.000000 0.000000 0.000000 363.689897 363.722595 163.747217 257.250409 0
3.387562 1.000000 0.000000 0.446062 0.553938 1.000000 1.000000 1.000000 0.446062 0.000000 0.000000 0.000000 0.000000 0.000000 0.000000 364.362151 364.395294 163.760039 257.354247 0
3.397456 1.000000 0.000000 0.446078 0.553922 1.000000 1.000000 1.000000 0.446078 0.000000 0.000000 0.000000 0.000000 0.000000 0.000000 365.005407 365.038879 163.771363 257.446322 0
3.407378 1.000000 0.000000 0.446078 0.553922 1.000000 1.000000 1.000000 0.446078 0.000000 0.000000 0.000000 0.000000 0.000000 0.000000 365.619907 365.653900 163.781208 257.526775 0
3.417328 1.000000 0.000000 0.446078 0.553922 1.000000 1.000000 1.000000 0.446078 0.000000 0.000000 0.000000 0.000000 0.000000 0.000000 366.205931 366.240387 163.789592 257.595746 0
3.427306 1.000000 0.000000 0.446078 0.553922 1.000000 1.000000 1.000000 0.446078 0.000000 0.000000 0.000000 0.000000 0.000000 0.000000 366.763622 366.798523 163.796530 257.653369 0
3.437313 1.000000 0.000000 0.446078 0.553922 1.000000 1.000000 1.000000 0.446078 0.000000 0.000000 0.000000 0.000000 0.000000 0.000000 367.293297 367.328491 163.802042 257.699775 0
3.531967 1.000000 0.000000 0.446078 0.553922 1.000000 1.000000 1.000000 0.446078 0.000000 0.000000 0.000000 0.000000 0.000000 0.000000 370.953397 370.993896 163.873395 257.955563 0
3.628902 1.000000 0.000000 0.446078 0.553922 1.000000 1.000000 1.000000 0.446078 0.000000 0.000000 0.000000 0.000000 0.000000 0.000000 372.377729 372.421021 163.765927 257.154552 0
3.729507 1.000000 0.000000 0.446078 0.553922 1.000000 1.000000 1.000000 0.446078 0.000000 0.000000 0.000000 0.000000 0.000000 0.000000 371.765806 371.811127 163.553184 255.530905 0
3.834534 1.000000 0.000000 0.446078 0.553922 1.000000 1.000000 1.000000 0.446078 0.000000 0.000000 0.000000 0.000000 0.000000 0.000000 369.258379 369.305084 163.245031 253.160025 0
3.944752 1.000000 0.000000 0.446078 0.553922 1.000000 1.000000 1.000000 0.446078 0.000000 0.000000 0.000000 0.000000 0.000000 0.000000 364.965135 365.012634 162.848692 250.098042 0
4.061083 1.000000 0.000000 0.446078 0.553922 1.000000 1.000000 1.000000 0.446078 0.000000 0.000000 0.000000 0.000000 0.000000 0.000000 358.975054 359.022705 162.369951 246.390126 0
4.184643 1.000000 0.000000 0.446078 0.553922 1.000000 1.000000 1.000000 0.446078 0.000000 0.000000 0.000000 0.000000 0.000000 0.000000 351.365332 351.412598 161.813595 242.073730 0
4.316812 1.000000 0.000000 0.446078 0.553922 1.000000 1.000000 1.000000 0.446078 0.000000 0.000000 0.000000 0.000000 0.000000 0.000000 342.204771 342.250977 161.183643 237.180342 0
4.459350 1.000000 0.000000 0.446078 0.553922 1.000000 1.000000 1.000000 0.446078 0.000000 0.000000 0.000000 0.000000 0.000000 0.000000 331.554484 331.599152 160.483476 231.736455 0
4.614553 1.000000 0.000000 0.446078 0.553922 1.000000 1.000000 1.000000 0.446078 0.000000 0.000000 0.000000 0.000000 0.000000 0.000000 319.467525 319.510132 159.715906 225.764150 0
4.785517 1.000000 0.000000 0.446078 0.553922 1.000000 1.000000 1.000000 0.446078 0.000000 0.000000 0.000000 0.000000 0.000000 0.000000 305.988198 306.028168 158.883222 219.281372 0
4.976573 1.000000 0.000000 0.446078 0.553922 1.000000 1.000000 1.000000 0.446078 0.000000 0.000000 0.000000 0.000000 0.000000 0.000000 291.151132 291.187958 157.987184 212.301950 0
5.194065 1.000000 0.000000 0.446078 0.553922 1.000000 1.000000 1.000000 0.446078 0.000000 0.000000 0.000000 0.000000 0.000000 0.000000 274.979590 275.012787 157.028985 204.835253 0
5.447842 1.000000 0.000000 0.446078 0.553922 1.000000 1.000000 1.000000 0.446078 0.000000 0.000000 0.000000 0.000000 0.000000 0.000000 257.483449 257.512512 156.009183 196.885688 0
5.754462 1.000000 0.000000 0.446078 0.553922 1.000000 1.000000 1.000000 0.446078 0.000000 0.000000 0.000000 0.000000 0.000000 0.000000 238.655510 238.679855 154.927569 188.451605 0
6.145167 1.000000 0.000000 0.446078 0.553922 1.000000 1.000000 1.000000 0.446078 0.000000 0.000000 0.000000 0.000000 0.000000 0.000000 218.465983 218.485107 153.782963 179.523750 0
6.644049 1.000000 0.000000 0.446078 0.553922 1.000000 1.000000 1.000000 0.446078 0.000000 0.000000 0.000000 0.000000 0.000000 0.000000 198.428312 198.442032 152.660259 170.764782 0
7.154049 1.000000 0.000000 0.446078 0.553922 1.000000 1.000000 1.000000 0.446078 0.000000 0.000000 0.000000 0.000000 0.000000 0.000000 183.498399 183.508011 151.831732 164.299404 0
7.664049 1.000000 0.000000 0.446078 0.553922 1.000000 1.000000 1.000000 0.446078 0.000000 0.000000 0.000000 0.000000 0.000000 0.000000 172.926073 172.932724 151.249549 159.755411 0
8.174049 1.000000 0.000000 0.446078 0.553922 1.000000 1.000000 1.000000 0.446078 0.000000 0.000000 0.000000 0.000000 0.000000 0.000000 165.582841 165.587372 150.847598 156.617639 0
8.684049 1.000000 0.000000 0.446078 0.553922 1.000000 1.000000 1.000000 0.446078 0.000000 0.000000 0.000000 0.000000 0.000000 0.000000 160.558102 160.561172 150.573853 154.480418 0
9.194049 1.000000 0.000000 0.446078 0.553922 1.000000 1.000000 1.000000 0.446078 0.000000 0.000000 0.000000 0.000000 0.000000 0.000000 157.160379 157.162476 150.389452 153.040589 0
9.704049 1.000000 0.000000 0.446078 0.553922 1.000000 1.000000 1.000000 0.446078 0.000000 0.000000 0.000000 0.000000 0.000000 0.000000 154.884878 154.886292 150.266345 152.079265 0
10.214049 1.000000 0.000000 0.446078 0.553922 1.000000 1.000000 1.000000 0.446078 0.000000 0.000000 0.000000 0.000000 0.000000 0.000000 153.373061 153.374039 150.184769 151.442208 0
10.724049 1.000000 0.000000 0.446078 0.553922 1.000000 1.000000 1.000000 0.446078 0.000000 0.000000 0.000000 0.000000 0.000000 0.000000 152.375353 152.376007 150.131054 151.022702 0
