0.400000 1.000000 0.000000 0.000000 1.000000 1.000000 1.000000 1.000000 0.000000 0.000000 0.000000 0.000000 0.000000 0.000000 0.000000 150.000000 150.000000 150.000000 150.000000 0
0.403631 1.000000 0.000000 0.000000 1.000000 1.000000 1.000000 1.000000 0.000000 0.000000 0.000000 0.000000 0.000000 0.000000 0.000000 161.476850 161.476852 151.752972 160.646855 0
0.404962 1.000000 0.000000 0.000000 1.000000 1.000000 1.000000 1.000000 0.000000 0.000000 0.000000 0.000000 0.000000 0.000000 0.000000 165.673329 165.673325 152.247475 164.440609 0
0.406254 1.000000 0.000000 0.000000 1.000000 1.000000 1.000000 1.000000 0.000000 0.000000 0.000000 0.000000 0.000000 0.000000 0.000000 169.738254 169.738251 152.725355 168.094123 0
0.407510 1.000000 0.000000 0.000000 1.000000 1.000000 1.000000 1.000000 0.000000 0.000000 0.000000 0.000000 0.000000 0.000000 0.000000 173.685991 173.685989 153.185303 171.622915 0
0.408736 1.000000 0.000000 0.000000 1.000000 1.000000 1.000000 1.000000 0.000000 0.000000 0.000000 0.000000 0.000000 0.000000 0.000000 177.536709 177.536713 153.630443 175.048268 0
0.409938 1.000000 0.000000 0.000000 1.000000 1.000000 1.000000 1.000000 0.000000 0.000000 0.000000 0.000000 0.000000 0.000000 0.000000 181.305124 181.305130 154.063164 178.385713 0
0.411119 1.000000 0.000000 0.000000 1.000000 1.000000 1.000000 1.000000 0.000000 0.000000 0.000000 0.000000 0.000000 0.000000 0.000000 185.002057 185.002060 154.485204 181.646701 0
0.412280 1.000000 0.000000 0.000000 1.000000 1.000000 1.000000 1.000000 0.000000 0.000000 0.000000 0.000000 0.000000 0.000000 0.000000 188.635779 188.635773 154.897873 184.840004 0
0.413425 1.000000 0.000000 0.000000 1.000000 1.000000 1.000000 1.000000 0.000000 0.000000 0.000000 0.000000 0.000000 0.000000 0.000000 192.212828 192.212830 155.302196 187.972576 0
0.414554 1.000000 0.000000 0.000000 1.000000 1.000000 1.000000 1.000000 0.000000 0.000000 0.000000 0.000000 0.000000 0.000000 0.000000 195.738529 195.738525 155.698995 191.050048 0
0.420121 1.000000 0.000000 0.000000 1.000000 1.000000 1.000000 1.000000 0.000000 0.000000 0.000000 0.000000 0.000000 0.000000 0.000000 213.059934 213.059937 157.626781 206.035991 0
0.425438 1.000000 0.000000 0.000000 1.000000 1.000000 1.000000 1.000000 0.000000 0.000000 0.000000 0.000000 0.000000 0.000000 0.000000 229.518645 229.518646 159.430238 220.092157 0
0.430569 1.000000 0.000000 0.000000 1.000000 1.000000 1.000000 1.000000 0.000000 0.000000 0.000000 0.000000 0.000000 0.000000 0.000000 245.320885 245.320877 161.139766 233.438569 0
0.435553 1.000000 0.000000 0.000000 1.000000 1.000000 1.000000 1.000000 0.000000 0.000000 0.000000 0.000000 0.000000 0.000000 0.000000 260.593234 260.593231 162.773800 246.210771 0
0.440415 1.000000 0.000000 0.679637 0.320363 1.000000 1.000000 1.000000 0.679637 0.000000 0.000000 0.000000 0.000000 0.000000 0.000000 275.421520 275.421509 164.344743 258.500867 0
0.445173 1.000000 0.000000 0.774598 0.225402 1.000000 1.000000 1.000000 0.774598 0.000000 0.000000 0.000000 0.000000 0.000000 0.000000 289.867985 289.867981 165.861527 270.375683 0
0.449843 1.000000 0.000000 0.802010 0.197990 1.000000 1.000000 1.000000 0.802010 0.000000 0.000000 0.000000 0.000000 0.000000 0.000000 303.979628 303.979614 167.330877 281.885798 0
0.454434 1.000000 0.000000 0.817670 0.182330 1.000000 1.000000 1.000000 0.817670 0.000000 0.000000 0.000000 0.000000 0.000000 0.000000 317.793087 317.793091 168.758036 293.070835 0
0.458956 1.000000 0.000000 0.828197 0.171803 1.000000 1.000000 1.000000 0.828197 0.000000 0.000000 0.000000 0.000000 0.000000 0.000000 331.337964 331.337952 170.147217 303.962707 0
0.463416 1.000000 0.000000 0.836226 0.163774 1.000000 1.000000 1.000000 0.836226 0.000000 0.000000 0.000000 0.000000 0.000000 0.000000 344.638463 344.638458 171.501871 314.587661 0
0.467819 1.000000 0.000000 0.842313 0.157687 1.000000 1.000000 1.000000 0.842313 0.000000 0.000000 0.000000 0.000000 0.000000 0.000000 357.714869 357.714874 172.824876 324.967624 0
0.472171 1.000000 0.000000 0.847286 0.152714 1.000000 1.000000 1.000000 0.847286 0.000000 0.000000 0.000000 0.000000 0.000000 0.000000 370.584281 370.584290 174.118669 335.121202 0
0.476476 1.000000 0.000000 0.851456 0.148544 1.000000 1.000000 1.000000 0.851456 0.000000 0.000000 0.000000 0.000000 0.000000 0.000000 383.261487 383.261475 175.385342 345.064400 0
0.480738 1.000000 0.000000 0.855092 0.144908 1.000000 1.000000 1.000000 0.855092 0.000000 0.000000 0.000000 0.000000 0.000000 0.000000 395.759178 395.759186 176.626705 354.811100 0
0.484960 1.000000 0.000000 0.857989 0.142011 1.000000 1.000000 1.000000 0.857989 0.000000 0.000000 0.000000 0.000000 0.000000 0.000000 408.088557 408.088562 177.844344 364.373461 0
0.489144 1.000000 0.000000 0.860567 0.139433 1.000000 1.000000 1.000000 0.860567 0.000000 0.000000 0.000000 0.000000 0.000000 0.000000 420.259456 420.259460 179.039659 373.762237 0
0.493294 1.000000 0.000000 0.862874 0.137126 1.000000 1.000000 1.000000 0.862874 0.000000 0.000000 0.000000 0.000000 0.000000 0.000000 432.280647 432.280640 180.213893 382.986983 0
0.497411 1.000000 0.000000 0.864935 0.135065 1.000000 1.000000 1.000000 0.864935 0.000000 0.000000 0.000000 0.000000 0.000000 0.000000 444.159893 444.159882 181.368155 392.056254 0
0.501497 1.000000 0.000000 0.866956 0.133044 1.000000 1.000000 1.000000 0.866956 0.000000 0.000000 0.000000 0.000000 0.000000 0.000000 455.904291 455.904297 182.503446 400.977768 0
0.505555 1.000000 0.000000 0.868723 0.131277 1.000000 1.000000 1.000000 0.868723 0.000000 0.000000 0.000000 0.000000 0.000000 0.000000 467.520268 467.520264 183.620674 409.758503 0
0.509585 1.000000 0.000000 0.870219 0.129781 1.000000 1.000000 1.000000 0.870219 0.000000 0.000000 0.000000 0.000000 0.000000 0.000000 479.013490 479.013489 184.720656 418.404788 0
0.513590 1.000000 0.000000 0.871564 0.128436 1.000000 1.000000 1.000000 0.871564 0.000000 0.000000 0.000000 0.000000 0.000000 0.000000 490.389410 490.389404 185.804148 426.922450 0
0.517571 1.000000 0.000000 0.872805 0.127195 1.000000 1.000000 1.000000 0.872805 0.000000 0.000000 0.000000 0.000000 0.000000 0.000000 501.652719 501.652710 186.871833 435.316781 0
0.521528 1.000000 0.000000 0.874102 0.125898 1.000000 1.000000 1.000000 0.874102 0.000000 0.000000 0.000000 0.000000 0.000000 0.000000 512.807988 512.807983 187.924344 443.592670 0
0.525464 1.000000 0.000000 0.875073 0.124927 1.000000 1.000000 1.000000 0.875073 0.000000 0.000000 0.000000 0.000000 0.000000 0.000000 523.792016 523.792053 188.958119 451.721905 0
0.529379 1.000000 0.000000 0.876179 0.123821 1.000000 1.000000 1.000000 0.876179 0.000000 0.000000 0.000000 0.000000 0.000000 0.000000 534.625998 534.626038 189.974209 459.712716 0
0.533273 1.000000 0.000000 0.877197 0.122803 1.000000 1.000000 1.000000 0.877197 0.000000 0.000000 0.000000 0.000000 0.000000 0.000000 545.317304 545.317322 190.973258 467.570111 0
0.537149 1.000000 0.000000 0.878112 0.121888 1.000000 1.000000 1.000000 0.878112 0.000000 0.000000 0.000000 0.000000 0.000000 0.000000 555.873266 555.873291 191.955927 475.299229 0
0.541007 1.000000 0.000000 0.879027 0.120973 1.000000 1.000000 1.000000 0.879027 0.000000 0.000000 0.000000 0.000000 0.000000 0.000000 566.300329 566.300415 192.922850 482.905020 0
0.544847 1.000000 0.000000 0.879911 0.120089 1.000000 1.000000 1.000000 0.879911 0.000000 0.000000 0.000000 0.000000 0.000000 0.000000 576.599894 576.599976 193.874378 490.390206 0
0.548671 1.000000 0.000000 0.880698 0.119302 1.000000 1.000000 1.000000 0.880698 0.000000 0.000000 0.000000 0.000000 0.000000 0.000000 586.775456 586.775513 194.811152 497.759797 0
0.552479 1.000000 0.000000 0.881335 0.118665 1.000000 1.000000 1.000000 0.881335 0.000000 0.000000 0.000000 0.000000 0.000000 0.000000 596.839713 596.839783 195.734034 505.020538 0
0.556271 1.000000 0.000000 0.881916 0.118084 1.000000 1.000000 1.000000 0.881916 0.000000 0.000000 0.000000 0.000000 0.000000 0.000000 606.796851 606.796936 196.643505 512.176209 0
0.560049 1.000000 0.000000 0.882528 0.117472 1.000000 1.000000 1.000000 0.882528 0.000000 0.000000 0.000000 0.000000 0.000000 0.000000 616.651307 616.651367 197.540007 519.230256 0
0.563813 1.000000 0.000000 0.883181 0.116819 1.000000 1.000000 1.000000 0.883181 0.000000 0.000000 0.000000 0.000000 0.000000 0.000000 626.398321 626.398376 198.423636 526.183406 0
0.567563 1.000000 0.000000 0.883714 0.116286 1.000000 1.000000 1.000000 0.883714 0.000000 0.000000 0.000000 0.000000 0.000000 0.000000 636.049030 636.049011 199.295218 533.042142 0
0.571300 1.000000 0.000000 0.884223 0.115777 1.000000 1.000000 1.000000 0.884223 0.000000 0.000000 0.000000 0.000000 0.000000 0.000000 645.608203 645.608215 200.155172 539.809770 0
0.575024 1.000000 0.000000 0.884772 0.115228 1.000000 1.000000 1.000000 0.884772 0.000000 0.000000 0.000000 0.000000 0.000000 0.000000 655.079890 655.079895 201.003820 546.488769 0
0.578736 1.000000 0.000000 0.885306 0.114694 1.000000 1.000000 1.000000 0.885306 0.000000 0.000000 0.000000 0.000000 0.000000 0.000000 664.456937 664.456909 201.841192 553.079382 0
0.582437 1.000000 0.000000 0.885894 0.114106 1.000000 1.000000 1.000000 0.885894 0.000000 0.000000 0.000000 0.000000 0.000000 0.000000 673.752141 673.752136 202.668064 559.587708 0
0.586126 1.000000 0.000000 0.886372 0.113628 1.000000 1.000000 1.000000 0.886372 0.000000 0.000000 0.000000 0.000000 0.000000 0.000000 682.968474 682.968445 203.484724 566.015985 0
0.589805 1.000000 0.000000 0.886825 0.113175 1.000000 1.000000 1.000000 0.886825 0.000000 0.000000 0.000000 0.000000 0.000000 0.000000 692.103793 692.103821 204.291224 572.364613 0
0.593473 1.000000 0.000000 0.887215 0.112785 1.000000 1.000000 1.000000 0.887215 0.000000 0.000000 0.000000 0.000000 0.000000 0.000000 701.158853 701.158875 205.087907 578.636279 0
0.597131 1.000000 0.000000 0.887669 0.112331 1.000000 1.000000 1.000000 0.887669 0.000000 0.000000 0.000000 0.000000 0.000000 0.000000 710.142734 710.142761 205.875272 584.834897 0
0.600779 1.000000 0.000000 0.888067 0.111933 1.000000 1.000000 1.000000 0.888067 0.000000 0.000000 0.000000 0.000000 0.000000 0.000000 719.056394 719.056396 206.653465 590.961603 0
0.604418 1.000000 0.000000 0.888425 0.111575 1.000000 1.000000 1.000000 0.888425 0.000000 0.000000 0.000000 0.000000 0.000000 0.000000 727.892463 727.892456 207.422483 597.016360 0
0.608047 1.000000 0.000000 0.888815 0.111185 1.000000 1.000000 1.000000 0.888815 0.000000 0.000000 0.000000 0.000000 0.000000 0.000000 736.663573 736.663574 208.182931 603.003919 0
0.611669 1.000000 0.000000 0.889125 0.110875 1.000000 1.000000 1.000000 0.889125 0.000000 0.000000 0.000000 0.000000 0.000000 0.000000 745.370884 745.370911 208.934954 608.925404 0
0.615281 1.000000 0.000000 0.889419 0.110581 1.000000 1.000000 1.000000 0.889419 0.000000 0.000000 0.000000 0.000000 0.000000 0.000000 754.006805 754.006836 209.678468 614.780153 0
0.618886 1.000000 0.000000 0.889714 0.110286 1.000000 1.000000 1.000000 0.889714 0.000000 0.000000 0.000000 0.000000 0.000000 0.000000 762.581853 762.581909 210.414032 620.572545 0
0.622482 1.000000 0.000000 0.889984 0.110016 1.000000 1.000000 1.000000 0.889984 0.000000 0.000000 0.000000 0.000000 0.000000 0.000000 771.098651 771.098694 211.141778 626.303613 0
0.626071 1.000000 0.000000 0.890247 0.109753 1.000000 1.000000 1.000000 0.534037 0.356210 0.000000 0.000000 0.000000 0.000000 0.000000 779.548473 779.548584 211.861612 631.972610 0
0.629653 1.000000 0.000000 0.890533 0.109467 1.000000 1.000000 1.000000 0.471979 0.418555 0.000000 0.000000 0.000000 0.000000 0.000000 787.942094 787.942200 212.574046 637.583561 0
0.633227 1.000000 0.000000 0.890804 0.109196 1.000000 1.000000 1.000000 0.436609 0.454195 0.000000 0.000000 0.000000 0.000000 0.000000 796.280806 796.280945 213.279149 643.136986 0
0.636794 1.000000 0.000000 0.890971 0.109029 1.000000 1.000000 1.000000 0.411298 0.479673 0.000000 0.000000 0.000000 0.000000 0.000000 804.557044 804.557190 213.976896 648.632692 0
0.640355 1.000000 0.000000 0.891242 0.108758 1.000000 1.000000 1.000000 0.391715 0.499527 0.000000 0.000000 0.000000 0.000000 0.000000 812.781801 812.781921 214.667723 654.074097 0
0.643909 1.000000 0.000000 0.891425 0.108575 1.000000 1.000000 1.000000 0.375944 0.515481 0.000000 0.000000 0.000000 0.000000 0.000000 820.952776 820.952881 215.351607 659.461009 0
0.647457 1.000000 0.000000 0.891719 0.108281 1.000000 1.000000 1.000000 0.362544 0.529175 0.000000 0.000000 0.000000 0.000000 0.000000 829.067466 829.067566 216.028676 664.794433 0
0.650999 1.000000 0.000000 0.891918 0.108082 1.000000 1.000000 1.000000 0.350943 0.540975 0.000000 0.000000 0.000000 0.000000 0.000000 837.133945 837.134033 216.699228 670.076709 0
0.654535 1.000000 0.000000 0.892077 0.107923 1.000000 1.000000 1.000000 0.341092 0.550985 0.000000 0.000000 0.000000 0.000000 0.000000 845.146866 845.146912 217.363165 675.307057 0
0.658065 1.000000 0.000000 0.892419 0.107581 1.000000 1.000000 1.000000 0.331917 0.560502 0.000000 0.000000 0.000000 0.000000 0.000000 853.109948 853.109985 218.020780 680.487775 0
0.661589 1.000000 0.000000 0.892610 0.107390 1.000000 1.000000 1.000000 0.324143 0.568467 0.000000 0.000000 0.000000 0.000000 0.000000 861.027208 861.027222 218.672200 685.619856 0
0.665108 1.000000 0.000000 0.892849 0.107151 1.000000 1.000000 1.000000 0.316774 0.576074 0.000000 0.000000 0.000000 0.000000 0.000000 868.890963 868.890991 219.317353 690.702727 0
0.668622 1.000000 0.000000 0.893080 0.106920 1.000000 1.000000 1.000000 0.310170 0.317562 0.265347 0.000000 0.000000 0.000000 0.000000 876.710834 876.710876 219.956593 695.739181 0
0.672131 1.000000 0.000000 0.893247 0.106753 1.000000 1.000000 1.000000 0.304186 0.241874 0.347187 0.000000 0.000000 0.000000 0.000000 884.483493 884.483582 220.589849 700.728643 0
0.675635 1.000000 0.000000 0.893446 0.106554 1.000000 1.000000 1.000000 0.298608 0.206544 0.388293 0.000000 0.000000 0.000000 0.000000 892.209060 892.209167 221.217296 705.672481 0
0.679134 1.000000 0.000000 0.893589 0.106411 1.000000 1.000000 1.000000 0.293261 0.183683 0.416645 0.000000 0.000000 0.000000 0.000000 899.893208 899.893311 221.839086 710.571899 0
0.682628 1.000000 0.000000 0.893740 0.106260 1.000000 1.000000 1.000000 0.288455 0.166878 0.438408 0.000000 0.000000 0.000000 0.000000 907.528369 907.528442 222.455145 715.426299 0
0.686118 1.000000 0.000000 0.893939 0.106061 1.000000 1.000000 1.000000 0.283736 0.154265 0.455937 0.000000 0.000000 0.000000 0.000000 915.123663 915.123718 223.065785 720.238143 0
0.689604 1.000000 0.000000 0.894050 0.105950 1.000000 1.000000 1.000000 0.279726 0.143651 0.470674 0.000000 0.000000 0.000000 0.000000 922.674555 922.674622 223.670909 725.006655 0
0.693085 1.000000 0.000000 0.894257 0.105743 1.000000 1.000000 1.000000 0.275851 0.135105 0.483302 0.000000 0.000000 0.000000 0.000000 930.183023 930.183105 224.270713 729.733384 0
0.696562 1.000000 0.000000 0.894409 0.105591 1.000000 1.000000 1.000000 0.272087 0.127681 0.494641 0.000000 0.000000 0.000000 0.000000 937.652329 937.652405 224.865268 734.418871 0
0.700035 1.000000 0.000000 0.894536 0.105464 1.000000 1.000000 1.000000 0.268514 0.121673 0.504349 0.000000 0.000000 0.000000 0.000000 945.077155 945.077271 225.454581 739.063169 0
0.703504 1.000000 0.000000 0.894679 0.105321 1.000000 1.000000 1.000000 0.265411 0.115960 0.513308 0.000000 0.000000 0.000000 0.000000 952.465392 952.465515 226.038873 743.668029 0
0.706970 1.000000 0.000000 0.894830 0.105170 1.000000 1.000000 1.000000 0.262196 0.111066 0.521568 0.000000 0.000000 0.000000 0.000000 959.810151 959.810242 226.618023 748.232485 0
0.710432 1.000000 0.000000 0.894958 0.105042 1.000000 1.000000 1.000000 0.259006 0.106976 0.528976 0.000000 0.000000 0.000000 0.000000 967.118073 967.118164 227.192295 752.758613 0
0.713890 1.000000 0.000000 0.895069 0.104931 1.000000 1.000000 1.000000 0.256037 0.103387 0.379262 0.156382 0.000000 0.000000 0.000000 974.387044 974.387146 227.761639 757.246013 0
0.717344 1.000000 0.000000 0.895196 0.104804 1.000000 1.000000 1.000000 0.253388 0.099767 0.263843 0.278198 0.000000 0.000000 0.000000 981.617041 981.617126 228.326190 761.695748 0
0.720796 1.000000 0.000000 0.895347 0.104653 1.000000 1.000000 1.000000 0.250802 0.096489 0.222745 0.325313 0.000000 0.000000 0.000000 988.811501 988.811584 228.885991 766.108163 0
0.724244 1.000000 0.000000 0.895515 0.104485 1.000000 1.000000 1.000000 0.248343 0.093974 0.196908 0.356290 0.000000 0.000000 0.000000 995.965793 995.965881 229.441078 770.483522 0
0.727688 1.000000 0.000000 0.895658 0.104342 1.000000 1.000000 1.000000 0.246091 0.090926 0.179012 0.379628 0.000000 0.000000 0.000000 1003.087540 1003.087646 229.991606 774.823050 0
0.731130 1.000000 0.000000 0.895769 0.104231 1.000000 1.000000 1.000000 0.243823 0.088738 0.164856 0.398351 0.000000 0.000000 0.000000 1010.168245 1010.168335 230.537488 779.126067 0
0.734569 1.000000 0.000000 0.895857 0.104143 1.000000 1.000000 1.000000 0.241754 0.086439 0.153708 0.413955 0.000000 0.000000 0.000000 1017.217082 1017.217163 231.078956 783.394378 0
0.738005 1.000000 0.000000 0.895928 0.104072 1.000000 1.000000 1.000000 0.239678 0.084036 0.144510 0.427705 0.000000 0.000000 0.000000 1024.228034 1024.228149 231.615912 787.627233 0
0.741438 1.000000 0.000000 0.896040 0.103960 1.000000 1.000000 1.000000 0.237784 0.082237 0.136219 0.439800 0.000000 0.000000 0.000000 1031.204619 1031.204834 232.148526 791.825951 0
0.744868 1.000000 0.000000 0.896183 0.103817 1.000000 1.000000 1.000000 0.235747 0.080511 0.129797 0.450129 0.000000 0.000000 0.000000 1038.143896 1038.144043 232.676674 795.989554 0
0.748295 1.000000 0.000000 0.896278 0.103722 1.000000 1.000000 1.000000 0.233964 0.078847 0.123901 0.459566 0.000000 0.000000 0.000000 1045.047941 1045.048218 233.200538 800.119485 0
0.751720 1.000000 0.000000 0.896390 0.103610 1.000000 1.000000 1.000000 0.232063 0.077320 0.118697 0.468311 0.000000 0.000000 0.000000 1051.917266 1051.917480 233.720079 804.215425 0
0.755143 1.000000 0.000000 0.896493 0.103507 1.000000 1.000000 1.000000 0.230328 0.076078 0.113986 0.476101 0.000000 0.000000 0.000000 1058.752956 1058.753174 234.235449 808.278574 0
0.758563 1.000000 0.000000 0.896573 0.103427 1.000000 1.000000 1.000000 0.228808 0.074328 0.110071 0.483366 0.000000 0.000000 0.000000 1065.557177 1065.557495 234.746682 812.309185 0
0.777677 1.000000 0.000000 0.899151 0.100849 0.666332 1.000000 1.000000 0.222387 0.068257 0.093250 0.515258 0.000000 0.000000 0.000000 1103.019647 1103.020508 238.743091 835.339015 0
0.795815 1.000000 0.000000 0.899851 0.100149 0.594296 1.000000 1.000000 0.215997 0.063681 0.082333 0.537840 0.000000 0.000000 0.000000 1137.855056 1137.855835 241.343515 855.724905 0
0.813836 1.000000 0.000000 0.900281 0.099719 0.553206 1.000000 1.000000 0.210093 0.060260 0.074813 0.555115 0.000000 0.000000 0.000000 1171.651250 1171.651855 243.813579 875.135343 0
0.831781 1.000000 0.000000 0.900726 0.099274 0.524926 1.000000 1.000000 0.205120 0.056870 0.069657 0.569080 0.000000 0.000000 0.000000 1204.607860 1204.608643 246.174677 893.707984 0
0.849673 1.000000 0.000000 0.694238 0.098979 0.503561 1.000000 0.793217 0.200504 0.054562 0.065090 0.374082 0.000000 0.000000 0.000000 1236.791590 1236.792725 248.437314 911.517302 0
0.867524 1.000000 0.000000 0.592172 0.098693 0.486596 1.000000 0.690864 0.196502 0.052645 0.061604 0.281421 0.000000 0.000000 0.000000 1268.235846 1268.237305 250.608167 928.612423 0
0.885346 1.000000 0.000000 0.542272 0.098446 0.472520 1.000000 0.640718 0.193200 0.050910 0.058453 0.239709 0.239383 0.000000 0.000000 1298.985798 1298.988159 252.692844 945.035649 0
0.903148 1.000000 0.000000 0.509067 0.098231 0.460823 1.000000 0.607298 0.190359 0.049159 0.055995 0.213554 0.309597 0.000000 0.000000 1329.060326 1329.063110 254.695834 960.821189 0
0.920937 1.000000 0.000000 0.484400 0.098056 0.451075 1.000000 0.582456 0.187526 0.047751 0.054093 0.195030 0.351030 0.000000 0.000000 1358.491271 1358.494507 256.621023 975.998860 0
0.938722 1.000000 0.000000 0.464945 0.097913 0.442378 1.000000 0.562858 0.185243 0.046526 0.052215 0.180962 0.380472 0.000000 0.000000 1387.300166 1387.303955 258.471989 990.596251 0
0.956508 1.000000 0.000000 0.449277 0.097786 0.434946 1.000000 0.547063 0.183134 0.045300 0.050767 0.170076 0.402982 0.000000 0.000000 1415.508977 1415.514160 260.251905 1004.637888 0
0.974301 0.812195 0.187805 0.436116 0.097690 0.428366 1.000000 0.533806 0.181137 0.044321 0.049653 0.161005 0.420966 0.187948 0.000000 1433.355492 1433.359741 261.806891 1016.908753 0
0.992105 0.753065 0.246935 0.424976 0.097563 0.422883 1.000000 0.522539 0.179545 0.043542 0.048411 0.153478 0.436028 0.246982 0.000000 1450.428405 1450.432617 263.182731 1027.769757 0
1.009927 0.716272 0.283728 0.415427 0.097531 0.417767 1.000000 0.512958 0.177890 0.042977 0.047075 0.147486 0.448513 0.283808 0.000000 1467.202097 1467.206665 264.452484 1037.797334 0
1.027771 0.689846 0.310154 0.406889 0.097412 0.413175 0.859087 0.504301 0.176641 0.042205 0.046040 0.142003 0.459001 0.310194 0.000000 1483.681087 1483.686157 265.638571 1047.168256 0
1.045641 0.669396 0.330604 0.399664 0.097364 0.409292 0.792406 0.497028 0.175439 0.041664 0.045038 0.137524 0.468231 0.330668 0.000000 1499.874162 1499.879150 266.753464 1055.980656 0
1.063540 0.652869 0.347131 0.393394 0.097340 0.405728 0.753352 0.490734 0.174389 0.041099 0.044250 0.133656 0.476029 0.347171 0.000000 1515.784087 1515.790161 267.805111 1064.297044 0
1.081474 0.639222 0.360778 0.387943 0.097324 0.402704 0.725550 0.485267 0.173546 0.040422 0.043573 0.130402 0.482801 0.360801 0.000000 1531.397162 1531.403931 268.799278 1072.162766 0
1.099446 0.627764 0.372236 0.383089 0.097324 0.399680 0.704272 0.480413 0.172710 0.040088 0.042802 0.127490 0.488466 0.372244 0.000000 1546.793917 1546.801392 269.740892 1079.616595 0
1.117459 0.618017 0.381983 0.378952 0.097324 0.397452 0.687260 0.476276 0.171827 0.039762 0.042300 0.125063 0.493670 0.381991 0.000000 1561.899296 1561.907349 270.633359 1086.685315 0
1.135518 0.609423 0.390577 0.375196 0.097324 0.395248 0.673239 0.472520 0.171206 0.039475 0.041886 0.122628 0.497911 0.390617 0.000000 1576.732614 1576.741577 271.479398 1093.390375 0
1.153625 0.602118 0.397882 0.372037 0.097324 0.393362 0.661232 0.469361 0.170697 0.039101 0.041369 0.120869 0.501755 0.397898 0.000000 1591.300363 1591.309814 272.281440 1099.750972 0
1.171785 0.595538 0.404462 0.369435 0.097324 0.391699 0.651246 0.466759 0.170315 0.038855 0.041083 0.119182 0.504826 0.404478 0.000000 1605.626723 1605.637573 273.041963 1105.786709 0
1.190001 0.589856 0.410144 0.367175 0.097324 0.390243 0.642477 0.464499 0.169933 0.038656 0.040725 0.117861 0.507818 0.410160 0.000000 1619.736987 1619.748901 273.763147 1111.514809 0
1.208278 0.585114 0.414886 0.364947 0.097324 0.389248 0.634751 0.462271 0.169718 0.038377 0.040597 0.116254 0.510133 0.414910 0.000000 1633.622868 1633.635498 274.446967 1116.950876 0
1.226620 0.580499 0.419501 0.363228 0.097324 0.388413 0.628313 0.460552 0.169607 0.038234 0.040271 0.115116 0.512202 0.419517 0.098979 1639.856798 1640.876221 275.094496 1122.103256 0
1.244931 0.576631 0.423369 0.361732 0.097324 0.387848 0.622481 0.459056 0.169559 0.038083 0.040096 0.113994 0.513993 0.423369 0.176227 1640.149056 1640.413818 275.692587 1126.934544 0
1.262945 0.573273 0.426727 0.360666 0.097324 0.387323 0.617197 0.457990 0.169559 0.038027 0.039921 0.113159 0.515664 0.426766 0.225601 1640.203459 1642.457397 276.257447 1131.398025 0
1.280864 0.569924 0.430076 0.359751 0.097324 0.386853 0.610879 0.457075 0.169559 0.038019 0.039762 0.112411 0.516849 0.430092 0.259125 1640.126610 1640.774414 276.775161 1135.558162 0
1.298676 0.565094 0.434906 0.358900 0.097324 0.386527 0.600821 0.456224 0.169559 0.038019 0.039658 0.111663 0.518051 0.434906 0.292648 1640.124727 1641.653076 277.245059 1139.440751 0
1.316526 0.558473 0.441527 0.357865 0.097324 0.386400 0.589538 0.455189 0.169559 0.038019 0.039658 0.110628 0.519642 0.441543 0.309923 1640.141683 1641.697388 277.733188 1143.220010 0
1.334377 0.550548 0.449452 0.356441 0.097324 0.386193 0.578334 0.453765 0.169559 0.038019 0.039651 0.109212 0.521990 0.449468 0.325440 1639.802085 1642.822510 278.182727 1146.862127 0
1.352118 0.542440 0.457560 0.354428 0.097324 0.385803 0.566876 0.451752 0.169559 0.038019 0.039595 0.107255 0.524942 0.457632 0.340089 1639.912502 1643.019287 278.630792 1150.384650 0
1.369638 0.534315 0.465685 0.351866 0.097324 0.385007 0.556945 0.449190 0.169559 0.038019 0.039475 0.104812 0.528626 0.465764 0.356147 1640.103759 1647.517700 279.039209 1153.729181 0
1.387036 0.527385 0.472615 0.349001 0.097324 0.384124 0.547986 0.446325 0.169559 0.038019 0.039165 0.102257 0.532581 0.472775 0.368671 1640.127891 1645.424072 279.430289 1156.915807 0
1.404813 0.520605 0.479395 0.345739 0.097324 0.382612 0.540888 0.443063 0.169559 0.037964 0.038648 0.099568 0.536671 0.479459 0.379381 1639.972530 1642.379272 279.702835 1160.036791 0
1.422439 0.512974 0.487026 0.342134 0.097324 0.381220 0.531299 0.439458 0.169559 0.037741 0.038210 0.096624 0.541341 0.487217 0.389479 1639.997284 1648.895508 280.061010 1163.095348 0
1.440067 0.507094 0.492906 0.338633 0.097324 0.379182 0.524377 0.435957 0.169559 0.037335 0.037462 0.094276 0.545097 0.493248 0.397341 1640.000798 1640.200439 280.406869 1165.981078 0
1.457825 0.502359 0.497641 0.335259 0.097324 0.377169 0.518775 0.432583 0.169503 0.036873 0.036722 0.092160 0.549251 0.498492 0.404590 1640.117290 1640.629639 280.905939 1168.760552 0
1.476012 0.497824 0.502176 0.331893 0.097324 0.375132 0.513133 0.429217 0.169312 0.036245 0.036102 0.090234 0.552784 0.503449 0.411202 1640.129513 1643.674805 281.239496 1171.422603 0
1.494003 0.493805 0.506195 0.329092 0.097324 0.373215 0.508741 0.426416 0.168875 0.035720 0.035720 0.088778 0.555800 0.507396 0.414648 1640.020842 1641.627686 281.532139 1173.804321 0
1.512347 0.488824 0.511176 0.326244 0.097324 0.371209 0.502709 0.423568 0.168509 0.035218 0.035202 0.087314 0.559181 0.512369 0.422525 1639.870403 1640.738892 281.812695 1176.119355 0
1.530876 0.486055 0.513945 0.323451 0.097324 0.369252 0.498349 0.420775 0.168103 0.034590 0.034645 0.086112 0.562332 0.516181 0.425644 1640.021688 1640.161499 281.923389 1178.270918 0
1.549175 0.484058 0.515942 0.321246 0.097324 0.367565 0.496033 0.418570 0.167435 0.034160 0.034351 0.085301 0.564473 0.518433 0.427459 1639.919299 1644.294189 282.336342 1180.128380 0
1.567490 0.481321 0.518679 0.319384 0.097324 0.365910 0.492007 0.416708 0.166798 0.033882 0.034033 0.084672 0.566637 0.521799 0.431899 1640.080886 1642.780396 282.504208 1181.779041 0
1.585446 0.479403 0.520597 0.317578 0.097324 0.364700 0.488888 0.414902 0.166305 0.033563 0.033675 0.084036 0.568451 0.524456 0.434692 1640.059850 1641.803101 282.711074 1183.180437 0
1.603649 0.478782 0.521218 0.316241 0.097324 0.363634 0.487471 0.413565 0.165668 0.033460 0.033380 0.083733 0.570019 0.525968 0.436196 1639.547680 1643.550293 282.867566 1184.364104 0
1.621911 0.477151 0.522849 0.314913 0.097324 0.362464 0.484989 0.412237 0.165095 0.033356 0.033134 0.083327 0.571475 0.528093 0.438463 1639.976813 1640.264038 282.983250 1185.385108 0
1.640652 0.476029 0.523971 0.313894 0.097324 0.361693 0.483381 0.411218 0.164602 0.033221 0.033046 0.083025 0.572565 0.529692 0.439164 1639.706881 1643.872925 283.114103 1186.216290 0
1.659090 0.475011 0.524989 0.312836 0.097324 0.361072 0.481607 0.410160 0.164244 0.033126 0.032919 0.082548 0.573719 0.531284 0.442179 1640.057495 1641.625122 283.171043 1186.783289 0
1.677369 0.475361 0.524639 0.312056 0.097324 0.360396 0.480000 0.409380 0.163957 0.033038 0.032887 0.082174 0.574698 0.532668 0.444033 1639.995752 1641.235596 283.220682 1187.145081 0
1.695913 0.475719 0.524281 0.311658 0.097324 0.359950 0.479546 0.408982 0.163742 0.033070 0.032720 0.082126 0.575080 0.533185 0.444948 1640.180577 1640.542480 283.237637 1187.270535 0
1.714106 0.474851 0.525149 0.311053 0.097324 0.359584 0.478766 0.408377 0.163583 0.033046 0.032672 0.081752 0.575685 0.533989 0.446460 1640.121956 1642.336792 283.212292 1187.228695 0
1.733063 0.475385 0.524615 0.310775 0.097324 0.359329 0.478384 0.408099 0.163520 0.032911 0.032704 0.081640 0.575979 0.534403 0.447089 1639.889256 1641.451904 283.190961 1187.015976 0
1.751521 0.475774 0.524226 0.310520 0.097324 0.359202 0.478002 0.407844 0.163424 0.032919 0.032712 0.081465 0.576257 0.534641 0.447972 1639.831219 1643.316528 283.139954 1186.637866 0
1.770188 0.475989 0.524011 0.310146 0.097324 0.359067 0.477087 0.407470 0.163392 0.032927 0.032624 0.081203 0.576616 0.535366 0.448696 1639.925434 1645.865356 283.079575 1186.120382 0
1.788600 0.476506 0.523494 0.309963 0.097324 0.359035 0.476371 0.407287 0.163376 0.032871 0.032664 0.081052 0.576822 0.535931 0.449078 1639.976231 1640.213867 282.799481 1185.404861 0
1.807534 0.478392 0.521608 0.309931 0.097324 0.358971 0.476101 0.407255 0.163368 0.032879 0.032640 0.081044 0.576878 0.536026 0.449587 1639.889386 1640.790283 282.640488 1184.506228 0
1.826275 0.479244 0.520756 0.309868 0.097324 0.358971 0.475576 0.407192 0.163368 0.032879 0.032640 0.080980 0.577013 0.536488 0.450526 1639.897946 1641.557373 282.706186 1183.531175 0
1.845179 0.480891 0.519109 0.309812 0.097324 0.358939 0.475432 0.407136 0.163368 0.032871 0.032600 0.080972 0.577093 0.536647 0.450662 1640.002029 1641.174561 282.517677 1182.348481 0
1.864092 0.482419 0.517581 0.309748 0.097324 0.358924 0.474740 0.407072 0.163345 0.032879 0.032616 0.080908 0.577204 0.537204 0.450797 1639.933096 1640.136353 282.225349 1181.044432 0
1.883711 0.483938 0.516062 0.309748 0.097324 0.358924 0.474613 0.407072 0.163345 0.032879 0.032616 0.080908 0.577204 0.537299 0.450924 1639.899988 1642.305054 282.193932 1179.571427 0
1.902720 0.485904 0.514096 0.309645 0.097324 0.358900 0.474430 0.406969 0.163345 0.032879 0.032616 0.080805 0.577268 0.537450 0.451235 1640.059328 1641.098877 281.986195 1177.995780 0
1.922081 0.488824 0.511176 0.309637 0.097324 0.358884 0.474318 0.406961 0.163345 0.032879 0.032608 0.080805 0.577268 0.537450 0.451274 1639.820263 1640.025391 281.727014 1176.171996 0
1.941826 0.491625 0.508375 0.309637 0.097324 0.358884 0.474318 0.406961 0.163345 0.032879 0.032608 0.080805 0.577268 0.537450 0.451274 1640.075754 1642.278564 281.503209 1174.241720 0
1.961552 0.493583 0.506417 0.309637 0.097324 0.358884 0.474318 0.406961 0.163345 0.032879 0.032608 0.080805 0.577268 0.537450 0.451274 1640.048620 1641.129272 281.234090 1172.186154 0
1.981608 0.496208 0.503792 0.309637 0.097324 0.358884 0.474318 0.406961 0.163345 0.032879 0.032608 0.080805 0.577268 0.537450 0.451274 1640.011303 1642.602417 280.945484 1169.988729 0
2.001558 0.498898 0.501102 0.309637 0.097324 0.358884 0.474318 0.406961 0.163345 0.032879 0.032608 0.080805 0.577268 0.537450 0.451274 1640.013999 1642.092163 280.647570 1167.696625 0
2.021715 0.501110 0.498890 0.309637 0.097324 0.358884 0.474318 0.406961 0.163345 0.032879 0.032608 0.080805 0.577268 0.537450 0.451274 1640.126675 1641.245361 280.332974 1165.318969 0
2.042210 0.503895 0.496105 0.309637 0.097324 0.358884 0.474318 0.406961 0.163345 0.032879 0.032608 0.080805 0.577268 0.537450 0.451274 1640.059750 1641.031860 280.013288 1162.806843 0
2.062949 0.507659 0.492341 0.309637 0.097324 0.358884 0.474318 0.406961 0.163345 0.032879 0.032608 0.080805 0.577268 0.537450 0.451274 1640.010342 1640.475098 279.653171 1160.131034 0
2.083377 0.510627 0.489373 0.309637 0.097324 0.358884 0.474318 0.406961 0.163345 0.032879 0.032608 0.080805 0.577268 0.537450 0.451274 1639.954168 1641.564087 279.308571 1157.438002 0
2.104528 0.513985 0.486015 0.309637 0.097324 0.358884 0.474318 0.406961 0.163345 0.032879 0.032608 0.080805 0.577268 0.537450 0.451274 1640.038260 1640.676880 278.922337 1154.559633 0
2.125453 0.516857 0.483143 0.309637 0.097324 0.358884 0.474318 0.406961 0.163345 0.032879 0.032608 0.080805 0.577268 0.537450 0.451274 1639.906140 1640.069946 278.327968 1151.623193 0
2.146381 0.520024 0.479976 0.309637 0.097324 0.358884 0.474318 0.406961 0.163345 0.032879 0.032608 0.080805 0.577268 0.537450 0.451274 1639.967441 1641.884888 278.168215 1148.696409 0
2.168384 0.524194 0.475806 0.309637 0.097324 0.358884 0.474318 0.406961 0.163345 0.032879 0.032608 0.080805 0.577268 0.537450 0.451274 1640.020322 1648.717651 277.747798 1145.483665 0
2.189749 0.527957 0.472043 0.309637 0.097324 0.358884 0.474318 0.406961 0.163345 0.032879 0.032608 0.080805 0.577268 0.537450 0.451274 1640.060183 1640.244385 277.306571 1142.260761 0
2.211852 0.531968 0.468032 0.309637 0.097324 0.358884 0.474318 0.406961 0.163345 0.032879 0.032608 0.080805 0.577268 0.537450 0.451274 1640.058851 1640.760254 276.889624 1138.896747 0
2.233997 0.535437 0.464563 0.309637 0.097324 0.358884 0.474318 0.406961 0.163345 0.032879 0.032608 0.080805 0.577268 0.537450 0.451274 1640.035454 1640.582031 276.407347 1135.452931 0
2.256367 0.539352 0.460648 0.309637 0.097324 0.358884 0.474318 0.406961 0.163345 0.032879 0.032608 0.080805 0.577268 0.537450 0.451274 1639.959559 1641.681641 275.971747 1131.921446 0
2.278682 0.543808 0.456192 0.309637 0.097324 0.358884 0.474318 0.406961 0.163345 0.032879 0.032608 0.080805 0.577268 0.537450 0.451274 1639.865222 1639.961304 275.309120 1128.302211 0
2.302227 0.548153 0.451847 0.309637 0.097324 0.358884 0.474318 0.406961 0.163345 0.032879 0.032608 0.080805 0.577268 0.537450 0.451274 1640.053374 1641.014038 275.016264 1124.498209 0
2.325299 0.552171 0.447829 0.309637 0.097324 0.358884 0.474318 0.406961 0.163345 0.032879 0.032608 0.080805 0.577268 0.537450 0.451274 1640.054398 1640.706665 274.519189 1120.679434 0
2.348871 0.556476 0.443524 0.309637 0.097324 0.358884 0.474318 0.406961 0.163345 0.032879 0.032608 0.080805 0.577268 0.537450 0.451274 1640.012685 1640.306519 274.001027 1116.734412 0
2.372549 0.561242 0.438758 0.309637 0.097324 0.358884 0.474318 0.406961 0.163345 0.032879 0.032608 0.080805 0.577268 0.537450 0.451274 1640.002473 1640.804199 273.466336 1112.690642 0
2.396754 0.566176 0.433824 0.309637 0.097324 0.358884 0.474318 0.406961 0.163345 0.032879 0.032608 0.080805 0.577268 0.537450 0.451274 1639.837204 1641.661621 272.944384 1108.538102 0
2.421383 0.570735 0.429265 0.309637 0.097324 0.358884 0.474318 0.406961 0.163345 0.032879 0.032608 0.080805 0.577268 0.537450 0.451274 1640.007365 1640.686890 272.388635 1104.252772 0
2.446218 0.575756 0.424244 0.309637 0.097324 0.358884 0.474318 0.406961 0.163345 0.032879 0.032608 0.080805 0.577268 0.537450 0.451274 1639.898214 1640.787231 271.814969 1099.881640 0
2.471572 0.580793 0.419207 0.309637 0.097324 0.358884 0.474318 0.406961 0.163345 0.032879 0.032608 0.080805 0.577268 0.537450 0.451274 1639.919849 1643.064697 271.236950 1095.385203 0
2.496362 0.585782 0.414218 0.309637 0.097324 0.358884 0.474318 0.406961 0.163345 0.032879 0.032608 0.080805 0.577268 0.537450 0.451274 1640.040087 1640.749756 270.638817 1090.912399 0
2.522082 0.590580 0.409420 0.309637 0.097324 0.358884 0.474318 0.406961 0.163345 0.032879 0.032608 0.080805 0.577268 0.537450 0.451274 1640.058899 1640.167114 270.056448 1086.293464 0
2.548337 0.595912 0.404088 0.309637 0.097324 0.358884 0.474318 0.406961 0.163345 0.032879 0.032608 0.080805 0.577268 0.537450 0.451274 1640.020494 1643.966431 269.438230 1081.524802 0
2.574672 0.601466 0.398534 0.309637 0.097324 0.358884 0.474318 0.406961 0.163345 0.032879 0.032608 0.080805 0.577268 0.537450 0.451274 1639.992536 1641.836060 268.800356 1076.683453 0
2.601233 0.606924 0.393076 0.309637 0.097324 0.358884 0.474318 0.406961 0.163345 0.032879 0.032608 0.080805 0.577268 0.537450 0.451274 1639.882760 1640.225830 268.174969 1071.787645 0
2.628349 0.612128 0.387872 0.309637 0.097324 0.358884 0.474318 0.406961 0.163345 0.032879 0.032608 0.080805 0.577268 0.537450 0.451274 1640.030894 1640.398560 267.523380 1066.756602 0
2.655730 0.617818 0.382182 0.309637 0.097324 0.358884 0.474318 0.406961 0.163345 0.032879 0.032608 0.080805 0.577268 0.537450 0.451274 1639.980860 1640.258301 266.862544 1061.647595 0
2.683414 0.623221 0.376779 0.309637 0.097324 0.358884 0.474318 0.406961 0.163345 0.032879 0.032608 0.080805 0.577268 0.537450 0.451274 1639.930532 1644.286133 266.189154 1056.452168 0
2.711536 0.629037 0.370963 0.309637 0.097324 0.358884 0.474318 0.406961 0.163345 0.032879 0.032608 0.080805 0.577268 0.537450 0.451274 1639.972840 1640.444580 265.496638 1051.145176 0
2.740205 0.634735 0.365265 0.309637 0.097324 0.358884 0.474318 0.406961 0.163345 0.032879 0.032608 0.080805 0.577268 0.537450 0.451274 1640.018071 1640.028809 264.801873 1045.728608 0
2.769102 0.640949 0.359051 0.309637 0.097324 0.358884 0.474318 0.406961 0.163345 0.032879 0.032608 0.080805 0.577268 0.537450 0.451274 1639.983058 1640.438721 264.091380 1040.236757 0
3.279102 0.740071 0.259929 0.309637 0.097324 0.358884 0.474318 0.406961 0.163345 0.032879 0.032608 0.080805 0.577268 0.537450 0.451274 1640.469938 1640.695435 252.115371 945.798430 0
3.789102 0.834101 0.165899 0.309637 0.097324 0.358884 0.474318 0.406961 0.163345 0.032879 0.032608 0.080805 0.577268 0.537450 0.451274 1638.204814 1638.330811 239.605257 849.085296 0
4.299102 0.918606 0.081394 0.309637 0.097324 0.358884 0.474318 0.406961 0.163345 0.032879 0.032608 0.080805 0.577268 0.537450 0.451274 1559.888833 1560.269043 227.647701 756.249811 0
4.809102 0.998989 0.001011 0.309637 0.097324 0.358884 0.474318 0.406961 0.163345 0.032879 0.032608 0.080805 0.577268 0.537450 0.451274 1413.773328 1414.423218 216.317107 668.015530 0
5.319102 1.000000 0.000000 0.309637 0.097324 0.358884 0.474318 0.406961 0.163345 0.032879 0.032608 0.080805 0.577268 0.537450 0.451274 1202.830263 1203.152710 205.824734 586.157363 0
5.829102 1.000000 0.000000 0.309637 0.097324 0.358884 0.474318 0.406961 0.163345 0.032879 0.032608 0.080805 0.577268 0.537450 0.451274 1033.195383 1033.465210 196.618160 514.280147 0
6.339102 1.000000 0.000000 0.309637 0.097324 0.358884 0.474318 0.406961 0.163345 0.032879 0.032608 0.080805 0.577268 0.537450 0.451274 886.108949 886.337097 188.668353 452.190580 0
6.849102 1.000000 0.000000 0.309637 0.097324 0.358884 0.474318 0.406961 0.163345 0.032879 0.032608 0.080805 0.577268 0.537450 0.451274 759.362432 759.554138 181.889598 399.232301 0
7.359102 1.000000 0.000000 0.309637 0.097324 0.358884 0.474318 0.406961 0.163345 0.032879 0.032608 0.080805 0.577268 0.537450 0.451274 650.934704 651.094482 176.166212 354.509496 0
7.869102 1.000000 0.000000 0.309637 0.097324 0.358884 0.474318 0.406961 0.163345 0.032879 0.032608 0.080805 0.577268 0.537450 0.451274 558.955424 559.086365 171.379044 317.096940 0
8.379102 1.000000 0.000000 0.309637 0.097324 0.358884 0.474318 0.406961 0.163345 0.032879 0.032608 0.080805 0.577268 0.537450 0.451274 482.244249 482.348877 167.418562 286.143089 0
8.889102 1.000000 0.000000 0.309637 0.097324 0.358884 0.474318 0.406961 0.163345 0.032879 0.032608 0.080805 0.577268 0.537450 0.451274 420.158366 420.243103 164.174277 260.786717 0
9.399102 1.000000 0.000000 0.309637 0.097324 0.358884 0.474318 0.406961 0.163345 0.032879 0.032608 0.080805 0.577268 0.537450 0.451274 369.697275 369.766174 161.526697 240.093836 0
9.909102 1.000000 0.000000 0.309637 0.097324 0.358884 0.474318 0.406961 0.163345 0.032879 0.032608 0.080805 0.577268 0.537450 0.451274 328.632410 328.688477 159.370681 223.242581 0
10.419102 1.000000 0.000000 0.309637 0.097324 0.358884 0.474318 0.406961 0.163345 0.032879 0.032608 0.080805 0.577268 0.537450 0.451274 295.226141 295.271698 157.617374 209.538584 0
10.929102 1.000000 0.000000 0.309637 0.097324 0.358884 0.474318 0.406961 0.163345 0.032879 0.032608 0.080805 0.577268 0.537450 0.451274 268.068387 268.105438 156.192872 198.404351 0
