2.750000 1.000000 0.000000 0.000000 1.000000 1.000000 1.000000 1.000000 0.000000 0.000000 0.000000 0.000000 0.000000 0.000000 0.000000 150.000000 150.000000 150.000000 150.000000 0
2.760415 1.000000 0.000000 0.000000 1.000000 1.000000 1.000000 1.000000 0.000000 0.000000 0.000000 0.000000 0.000000 0.000000 0.000000 153.388946 153.388947 150.506949 153.118170 0
2.767767 1.000000 0.000000 0.000000 1.000000 1.000000 1.000000 1.000000 0.000000 0.000000 0.000000 0.000000 0.000000 0.000000 0.000000 155.760005 155.760010 150.788014 155.224404 0
2.774603 1.000000 0.000000 0.000000 1.000000 1.000000 1.000000 1.000000 0.000000 0.000000 0.000000 0.000000 0.000000 0.000000 0.000000 157.949459 157.949463 151.040312 157.139514 0
2.781096 1.000000 0.000000 0.000000 1.000000 1.000000 1.000000 1.000000 0.000000 0.000000 0.000000 0.000000 0.000000 0.000000 0.000000 160.015475 160.015472 151.273980 158.924810 0
2.787334 1.000000 0.000000 0.000000 1.000000 1.000000 1.000000 1.000000 0.000000 0.000000 0.000000 0.000000 0.000000 0.000000 0.000000 161.988233 161.988235 151.493892 160.611982 0
2.793372 1.000000 0.000000 0.000000 1.000000 1.000000 1.000000 1.000000 0.000000 0.000000 0.000000 0.000000 0.000000 0.000000 0.000000 163.886116 163.886108 151.702914 162.220338 0
2.799244 1.000000 0.000000 0.000000 1.000000 1.000000 1.000000 1.000000 0.000000 0.000000 0.000000 0.000000 0.000000 0.000000 0.000000 165.721518 165.721512 151.902941 163.762927 0
2.804977 1.000000 0.000000 0.000000 1.000000 1.000000 1.000000 1.000000 0.000000 0.000000 0.000000 0.000000 0.000000 0.000000 0.000000 167.503426 167.503433 152.095318 165.249161 0
2.810591 1.000000 0.000000 0.000000 1.000000 1.000000 1.000000 1.000000 0.000000 0.000000 0.000000 0.000000 0.000000 0.000000 0.000000 169.238570 169.238571 152.281048 166.686127 0
2.816100 1.000000 0.000000 0.000000 1.000000 1.000000 1.000000 1.000000 0.000000 0.000000 0.000000 0.000000 0.000000 0.000000 0.000000 170.932229 170.932236 152.460909 168.079384 0
2.842938 1.000000 0.000000 0.000000 1.000000 1.000000 1.000000 1.000000 0.000000 0.000000 0.000000 0.000000 0.000000 0.000000 0.000000 179.055276 179.055283 153.305918 174.642561 0
2.868270 1.000000 0.000000 0.000000 1.000000 1.000000 1.000000 1.000000 0.000000 0.000000 0.000000 0.000000 0.000000 0.000000 0.000000 186.531311 186.531311 154.060798 180.523589 0
2.892570 1.000000 0.000000 0.000000 1.000000 1.000000 1.000000 1.000000 0.000000 0.000000 0.000000 0.000000 0.000000 0.000000 0.000000 193.532655 193.532654 154.750091 185.904232 0
2.916107 1.000000 0.000000 0.000000 1.000000 1.000000 1.000000 1.000000 0.000000 0.000000 0.000000 0.000000 0.000000 0.000000 0.000000 200.159329 200.159332 155.387911 190.890172 0
2.939052 1.000000 0.000000 0.000000 1.000000 1.000000 1.000000 1.000000 0.000000 0.000000 0.000000 0.000000 0.000000 0.000000 0.000000 206.475906 206.475906 155.983329 195.549856 0
2.961524 1.000000 0.000000 0.000000 1.000000 1.000000 1.000000 1.000000 0.000000 0.000000 0.000000 0.000000 0.000000 0.000000 0.000000 212.528027 212.528030 156.542762 199.931826 0
2.983612 1.000000 0.000000 0.000000 1.000000 1.000000 1.000000 1.000000 0.000000 0.000000 0.000000 0.000000 0.000000 0.000000 0.000000 218.349928 218.349930 157.070963 204.072250 0
3.005382 1.000000 0.000000 0.000000 1.000000 1.000000 1.000000 1.000000 0.000000 0.000000 0.000000 0.000000 0.000000 0.000000 0.000000 223.967846 223.967850 157.571578 207.998958 0
3.026887 1.000000 0.000000 0.000000 1.000000 1.000000 1.000000 1.000000 0.000000 0.000000 0.000000 0.000000 0.000000 0.000000 0.000000 229.402567 229.402573 158.047489 211.733985 0
3.048169 1.000000 0.000000 0.000000 1.000000 1.000000 1.000000 1.000000 0.000000 0.000000 0.000000 0.000000 0.000000 0.000000 0.000000 234.670839 234.670837 158.501026 215.295220 0
3.069261 1.000000 0.000000 0.000000 1.000000 1.000000 1.000000 1.000000 0.000000 0.000000 0.000000 0.000000 0.000000 0.000000 0.000000 239.786728 239.786728 158.934117 218.697466 0
3.090194 1.000000 0.000000 0.000000 1.000000 1.000000 1.000000 1.000000 0.000000 0.000000 0.000000 0.000000 0.000000 0.000000 0.000000 244.761807 244.761810 159.348379 221.953167 0
3.110992 1.000000 0.000000 0.000000 1.000000 1.000000 1.000000 1.000000 0.000000 0.000000 0.000000 0.000000 0.000000 0.000000 0.000000 249.606083 249.606094 159.745188 225.072922 0
3.131674 1.000000 0.000000 0.000000 1.000000 1.000000 1.000000 1.000000 0.000000 0.000000 0.000000 0.000000 0.000000 0.000000 0.000000 254.328130 254.328156 160.125732 228.065887 0
3.152260 1.000000 0.000000 0.000000 1.000000 1.000000 1.000000 1.000000 0.000000 0.000000 0.000000 0.000000 0.000000 0.000000 0.000000 258.935331 258.935333 160.491038 230.940001 0
3.172766 1.000000 0.000000 0.000000 1.000000 1.000000 1.000000 1.000000 0.000000 0.000000 0.000000 0.000000 0.000000 0.000000 0.000000 263.434258 263.434296 160.842012 233.702264 0
3.193205 1.000000 0.000000 0.000000 1.000000 1.000000 1.000000 1.000000 0.000000 0.000000 0.000000 0.000000 0.000000 0.000000 0.000000 267.830731 267.830780 161.179457 236.358897 0
3.213589 1.000000 0.000000 0.000000 1.000000 1.000000 1.000000 1.000000 0.000000 0.000000 0.000000 0.000000 0.000000 0.000000 0.000000 272.129912 272.129974 161.504090 238.915436 0
3.233931 1.000000 0.000000 0.322750 0.677250 1.000000 1.000000 1.000000 0.322750 0.000000 0.000000 0.000000 0.000000 0.000000 0.000000 276.336182 276.336243 161.816550 241.376841 0
3.254240 1.000000 0.000000 0.396800 0.603200 1.000000 1.000000 1.000000 0.396800 0.000000 0.000000 0.000000 0.000000 0.000000 0.000000 280.453208 280.453247 162.117413 243.747590 0
3.274526 1.000000 0.000000 0.438272 0.561728 1.000000 1.000000 1.000000 0.438272 0.000000 0.000000 0.000000 0.000000 0.000000 0.000000 284.484895 284.484985 162.407206 246.031748 0
3.294797 1.000000 0.000000 0.466544 0.533456 1.000000 1.000000 1.000000 0.466544 0.000000 0.000000 0.000000 0.000000 0.000000 0.000000 288.435507 288.435669 162.686405 248.233021 0
3.315060 1.000000 0.000000 0.487853 0.512147 1.000000 1.000000 1.000000 0.487853 0.000000 0.000000 0.000000 0.000000 0.000000 0.000000 292.307982 292.308136 162.955446 250.354796 0
3.335324 1.000000 0.000000 0.504810 0.495190 1.000000 1.000000 1.000000 0.504810 0.000000 0.000000 0.000000 0.000000 0.000000 0.000000 296.105403 296.105621 163.214731 252.400195 0
3.355595 1.000000 0.000000 0.518600 0.481400 1.000000 1.000000 1.000000 0.518600 0.000000 0.000000 0.000000 0.000000 0.000000 0.000000 299.830328 299.830536 163.464626 254.372070 0
3.375879 1.000000 0.000000 0.530249 0.469751 1.000000 1.000000 1.000000 0.530249 0.000000 0.000000 0.000000 0.000000 0.000000 0.000000 303.484397 303.484589 163.705473 256.273079 0
3.396181 1.000000 0.000000 0.540005 0.459995 1.000000 1.000000 1.000000 0.540005 0.000000 0.000000 0.000000 0.000000 0.000000 0.000000 307.069668 307.069885 163.937588 258.105675 0
3.416509 1.000000 0.000000 0.548336 0.451664 1.000000 1.000000 1.000000 0.548336 0.000000 0.000000 0.000000 0.000000 0.000000 0.000000 310.588121 310.588440 164.161265 259.872152 0
3.436867 1.000000 0.000000 0.555513 0.444487 1.000000 1.000000 1.000000 0.555513 0.000000 0.000000 0.000000 0.000000 0.000000 0.000000 314.041559 314.041901 164.376779 261.574644 0
3.457259 1.000000 0.000000 0.561791 0.438209 1.000000 1.000000 1.000000 0.561791 0.000000 0.000000 0.000000 0.000000 0.000000 0.000000 317.431549 317.432037 164.584385 263.215144 0
3.477691 1.000000 0.000000 0.567361 0.432639 1.000000 1.000000 1.000000 0.567361 0.000000 0.000000 0.000000 0.000000 0.000000 0.000000 320.759649 320.760254 164.784324 264.795526 0
3.498168 1.000000 0.000000 0.572518 0.427482 1.000000 1.000000 1.000000 0.572518 0.000000 0.000000 0.000000 0.000000 0.000000 0.000000 324.027124 324.027893 164.976820 266.317548 0
3.518693 1.000000 0.000000 0.576552 0.423448 1.000000 1.000000 1.000000 0.576552 0.000000 0.000000 0.000000 0.000000 0.000000 0.000000 327.235268 327.236206 165.162086 267.782855 0
3.539271 1.000000 0.000000 0.580626 0.419374 1.000000 1.000000 1.000000 0.580626 0.000000 0.000000 0.000000 0.000000 0.000000 0.000000 330.385146 330.386169 165.340322 269.193012 0
3.559907 1.000000 0.000000 0.583864 0.416136 1.000000 1.000000 1.000000 0.583864 0.000000 0.000000 0.000000 0.000000 0.000000 0.000000 333.477722 333.478973 165.511717 270.549493 0
3.580603 1.000000 0.000000 0.587000 0.413000 1.000000 1.000000 1.000000 0.587000 0.000000 0.000000 0.000000 0.000000 0.000000 0.000000 336.513884 336.515228 165.676447 271.853681 0
3.601364 1.000000 0.000000 0.589610 0.410390 1.000000 1.000000 1.000000 0.589610 0.000000 0.000000 0.000000 0.000000 0.000000 0.000000 339.494554 339.496216 165.834684 273.106902 0
3.622194 1.000000 0.000000 0.592060 0.407940 1.000000 1.000000 1.000000 0.592060 0.000000 0.000000 0.000000 0.000000 0.000000 0.000000 342.420431 342.422302 165.986586 274.310399 0
3.643096 1.000000 0.000000 0.594257 0.405743 1.000000 1.000000 1.000000 0.594257 0.000000 0.000000 0.000000 0.000000 0.000000 0.000000 345.292133 345.294281 166.132305 275.465365 0
3.664074 1.000000 0.000000 0.596055 0.403945 1.000000 1.000000 1.000000 0.596055 0.000000 0.000000 0.000000 0.000000 0.000000 0.000000 348.110314 348.112671 166.271988 276.572936 0
3.685131 1.000000 0.000000 0.597702 0.402298 1.000000 1.000000 1.000000 0.597702 0.000000 0.000000 0.000000 0.000000 0.000000 0.000000 350.875428 350.878082 166.405772 277.634187 0
3.706271 1.000000 0.000000 0.599317 0.400683 1.000000 1.000000 1.000000 0.599317 0.000000 0.000000 0.000000 0.000000 0.000000 0.000000 353.587862 353.590973 166.533777 278.650101 0
3.727494 1.000000 0.000000 0.600638 0.399362 1.000000 1.000000 1.000000 0.600638 0.000000 0.000000 0.000000 0.000000 0.000000 0.000000 356.247840 356.251251 166.656130 279.621632 0
3.748806 1.000000 0.000000 0.601744 0.398256 1.000000 1.000000 1.000000 0.601744 0.000000 0.000000 0.000000 0.000000 0.000000 0.000000 358.855845 358.859741 166.772953 280.549727 0
3.770209 1.000000 0.000000 0.602548 0.397452 1.000000 1.000000 1.000000 0.602548 0.000000 0.000000 0.000000 0.000000 0.000000 0.000000 361.412091 361.416229 166.884363 281.435295 0
3.791707 1.000000 0.000000 0.603439 0.396561 1.000000 1.000000 1.000000 0.603439 0.000000 0.000000 0.000000 0.000000 0.000000 0.000000 363.916939 363.921600 166.990468 282.279198 0
3.813302 1.000000 0.000000 0.604100 0.395900 1.000000 1.000000 1.000000 0.604100 0.000000 0.000000 0.000000 0.000000 0.000000 0.000000 366.370577 366.375580 167.091379 283.082282 0
3.834997 1.000000 0.000000 0.604649 0.395351 1.000000 1.000000 1.000000 0.604649 0.000000 0.000000 0.000000 0.000000 0.000000 0.000000 368.773164 368.778656 167.187195 283.845337 0
3.856797 1.000000 0.000000 0.605078 0.394922 1.000000 1.000000 1.000000 0.605078 0.000000 0.000000 0.000000 0.000000 0.000000 0.000000 371.124855 371.130707 167.278015 284.569135 0
3.878704 1.000000 0.000000 0.605349 0.394651 1.000000 1.000000 1.000000 0.605349 0.000000 0.000000 0.000000 0.000000 0.000000 0.000000 373.425726 373.432159 167.363935 285.254417 0
3.900721 1.000000 0.000000 0.605524 0.394476 1.000000 1.000000 1.000000 0.605524 0.000000 0.000000 0.000000 0.000000 0.000000 0.000000 375.675950 375.682831 167.445045 285.901897 0
3.922851 1.000000 0.000000 0.605643 0.394357 1.000000 1.000000 1.000000 0.605643 0.000000 0.000000 0.000000 0.000000 0.000000 0.000000 377.875462 377.882935 167.521433 286.512262 0
3.945098 1.000000 0.000000 0.605651 0.394349 1.000000 1.000000 1.000000 0.605651 0.000000 0.000000 0.000000 0.000000 0.000000 0.000000 380.024402 380.032318 167.593183 287.086176 0
3.967464 1.000000 0.000000 0.605651 0.394349 1.000000 1.000000 1.000000 0.605651 0.000000 0.000000 0.000000 0.000000 0.000000 0.000000 382.122773 382.131439 167.660378 287.624275 0
3.989953 1.000000 0.000000 0.605651 0.394349 1.000000 1.000000 1.000000 0.605651 0.000000 0.000000 0.000000 0.000000 0.000000 0.000000 384.170524 384.179810 167.723096 288.127175 0
4.012568 1.000000 0.000000 0.605651 0.394349 1.000000 1.000000 1.000000 0.605651 0.000000 0.000000 0.000000 0.000000 0.000000 0.000000 386.167656 386.177490 167.781412 288.595476 0
4.035312 1.000000 0.000000 0.605651 0.394349 1.000000 1.000000 1.000000 0.605651 0.000000 0.000000 0.000000 0.000000 0.000000 0.000000 388.114087 388.124542 167.835402 289.029753 0
4.058189 1.000000 0.000000 0.605651 0.394349 1.000000 1.000000 1.000000 0.605651 0.000000 0.000000 0.000000 0.000000 0.000000 0.000000 390.009745 390.020874 167.885137 289.430567 0
4.081201 1.000000 0.000000 0.605651 0.394349 1.000000 1.000000 1.000000 0.605651 0.000000 0.000000 0.000000 0.000000 0.000000 0.000000 391.854564 391.866425 167.930685 289.798460 0
4.104352 1.000000 0.000000 0.605651 0.394349 1.000000 1.000000 1.000000 0.605651 0.000000 0.000000 0.000000 0.000000 0.000000 0.000000 393.648464 393.660858 167.972113 290.133956 0
4.127644 1.000000 0.000000 0.605651 0.394349 1.000000 1.000000 1.000000 0.605651 0.000000 0.000000 0.000000 0.000000 0.000000 0.000000 395.391293 395.404388 168.009487 290.437560 0
4.151083 1.000000 0.000000 0.605651 0.394349 1.000000 1.000000 1.000000 0.605651 0.000000 0.000000 0.000000 0.000000 0.000000 0.000000 397.083012 397.096954 168.042869 290.709769 0
4.174670 1.000000 0.000000 0.605651 0.394349 1.000000 1.000000 1.000000 0.605651 0.000000 0.000000 0.000000 0.000000 0.000000 0.000000 398.723422 398.738129 168.072321 290.951061 0
4.198409 1.000000 0.000000 0.605651 0.394349 1.000000 1.000000 1.000000 0.605651 0.000000 0.000000 0.000000 0.000000 0.000000 0.000000 400.312420 400.327820 168.097901 291.161898 0
4.222303 1.000000 0.000000 0.605651 0.394349 1.000000 1.000000 1.000000 0.605651 0.000000 0.000000 0.000000 0.000000 0.000000 0.000000 401.849802 401.865936 168.119667 291.342736 0
4.246357 1.000000 0.000000 0.605651 0.394349 1.000000 1.000000 1.000000 0.605651 0.000000 0.000000 0.000000 0.000000 0.000000 0.000000 403.335536 403.352478 168.137676 291.494012 0
4.270573 1.000000 0.000000 0.605651 0.394349 1.000000 1.000000 1.000000 0.605651 0.000000 0.000000 0.000000 0.000000 0.000000 0.000000 404.769370 404.787048 168.151982 291.616152 0
4.294956 1.000000 0.000000 0.605651 0.394349 1.000000 1.000000 1.000000 0.605651 0.000000 0.000000 0.000000 0.000000 0.000000 0.000000 406.151201 406.169800 168.162638 291.709578 0
4.319508 1.000000 0.000000 0.605651 0.394349 1.000000 1.000000 1.000000 0.605651 0.000000 0.000000 0.000000 0.000000 0.000000 0.000000 407.480844 407.500214 168.169696 291.774691 0
4.344233 1.000000 0.000000 0.605651 0.394349 1.000000 1.000000 1.000000 0.605651 0.000000 0.000000 0.000000 0.000000 0.000000 0.000000 408.758113 408.778442 168.173205 291.811885 0
4.369136 1.000000 0.000000 0.605651 0.394349 1.000000 1.000000 1.000000 0.605651 0.000000 0.000000 0.000000 0.000000 0.000000 0.000000 409.982854 410.003937 168.173217 291.821546 0
4.394220 1.000000 0.000000 0.605651 0.394349 1.000000 1.000000 1.000000 0.605651 0.000000 0.000000 0.000000 0.000000 0.000000 0.000000 411.154951 411.176849 168.169776 291.804049 0
4.419488 1.000000 0.000000 0.605651 0.394349 1.000000 1.000000 1.000000 0.605651 0.000000 0.000000 0.000000 0.000000 0.000000 0.000000 412.274164 412.296783 168.162932 291.759760 0
4.444945 1.000000 0.000000 0.605651 0.394349 1.000000 1.000000 1.000000 0.605651 0.000000 0.000000 0.000000 0.000000 0.000000 0.000000 413.340417 413.364014 168.152728 291.689037 0
4.470595 1.000000 0.000000 0.605651 0.394349 1.000000 1.000000 1.000000 0.605651 0.000000 0.000000 0.000000 0.000000 0.000000 0.000000 414.353452 414.377899 168.139211 291.592228 0
4.496442 1.000000 0.000000 0.605651 0.394349 1.000000 1.000000 1.000000 0.605651 0.000000 0.000000 0.000000 0.000000 0.000000 0.000000 415.313187 415.338501 168.122422 291.469672 0
4.522489 1.000000 0.000000 0.605651 0.394349 1.000000 1.000000 1.000000 0.605651 0.000000 0.000000 0.000000 0.000000 0.000000 0.000000 416.219371 416.245453 168.102404 291.321699 0
4.548742 1.000000 0.000000 0.605651 0.394349 1.000000 1.000000 1.000000 0.605651 0.000000 0.000000 0.000000 0.000000 0.000000 0.000000 417.071876 417.098755 168.079200 291.148640 0
4.575205 1.000000 0.000000 0.605651 0.394349 1.000000 1.000000 1.000000 0.605651 0.000000 0.000000 0.000000 0.000000 0.000000 0.000000 417.870592 417.898376 168.052849 290.950813 0
4.601882 1.000000 0.000000 0.605651 0.394349 1.000000 1.000000 1.000000 0.605651 0.000000 0.000000 0.000000 0.000000 0.000000 0.000000 418.615285 418.644012 168.023391 290.728527 0
4.628777 1.000000 0.000000 0.605651 0.394349 1.000000 1.000000 1.000000 0.605651 0.000000 0.000000 0.000000 0.000000 0.000000 0.000000 419.305827 419.335358 167.990864 290.482088 0
4.655895 1.000000 0.000000 0.605651 0.394349 1.000000 1.000000 1.000000 0.605651 0.000000 0.000000 0.000000 0.000000 0.000000 0.000000 419.942098 419.972382 167.955308 290.211790 0
4.683241 1.000000 0.000000 0.605651 0.394349 1.000000 1.000000 1.000000 0.605651 0.000000 0.000000 0.000000 0.000000 0.000000 0.000000 420.523996 420.555298 167.916759 289.917932 0
4.710820 1.000000 0.000000 0.605651 0.394349 1.000000 1.000000 1.000000 0.605651 0.000000 0.000000 0.000000 0.000000 0.000000 0.000000 421.051249 421.083374 167.875254 289.600796 0
4.738636 1.000000 0.000000 0.605651 0.394349 1.000000 1.000000 1.000000 0.605651 0.000000 0.000000 0.000000 0.000000 0.000000 0.000000 421.523833 421.556702 167.830827 289.260662 0
4.766695 1.000000 0.000000 0.605651 0.394349 1.000000 1.000000 1.000000 0.605651 0.000000 0.000000 0.000000 0.000000 0.000000 0.000000 421.941521 421.975250 167.783515 288.897807 0
4.795002 1.000000 0.000000 0.605651 0.394349 1.000000 1.000000 1.000000 0.605651 0.000000 0.000000 0.000000 0.000000 0.000000 0.000000 422.304310 422.338867 167.733352 288.512501 0
4.823562 1.000000 0.000000 0.605651 0.394349 1.000000 1.000000 1.000000 0.605651 0.000000 0.000000 0.000000 0.000000 0.000000 0.000000 422.611991 422.647369 167.680372 288.105008 0
4.852380 1.000000 0.000000 0.605651 0.394349 1.000000 1.000000 1.000000 0.605651 0.000000 0.000000 0.000000 0.000000 0.000000 0.000000 422.864514 422.900696 167.624607 287.675588 0
4.881462 1.000000 0.000000 0.605651 0.394349 1.000000 1.000000 1.000000 0.605651 0.000000 0.000000 0.000000 0.000000 0.000000 0.000000 423.061726 423.098663 167.566090 287.224494 0
5.164603 1.000000 0.000000 0.605651 0.394349 1.000000 1.000000 1.000000 0.605651 0.000000 0.000000 0.000000 0.000000 0.000000 0.000000 422.309186 422.355316 167.002219 282.471441 0
5.474858 1.000000 0.000000 0.605651 0.394349 1.000000 1.000000 1.000000 0.605651 0.000000 0.000000 0.000000 0.000000 0.000000 0.000000 416.799780 416.851776 166.141494 275.840872 0
5.821529 1.000000 0.000000 0.605651 0.394349 1.000000 1.000000 1.000000 0.605651 0.000000 0.000000 0.000000 0.000000 0.000000 0.000000 406.519196 406.575165 165.079749 267.627366 0
6.213919 1.000000 0.000000 0.605651 0.394349 1.000000 1.000000 1.000000 0.605651 0.000000 0.000000 0.000000 0.000000 0.000000 0.000000 391.537967 391.595764 163.837648 257.989743 0
6.664465 1.000000 0.000000 0.605651 0.394349 1.000000 1.000000 1.000000 0.605651 0.000000 0.000000 0.000000 0.000000 0.000000 0.000000 372.036724 372.093994 162.435535 247.086749 0
7.170411 1.000000 0.000000 0.605651 0.394349 1.000000 1.000000 1.000000 0.605651 0.000000 0.000000 0.000000 0.000000 0.000000 0.000000 349.245301 349.299744 160.951778 235.532183 0
7.680411 1.000000 0.000000 0.605651 0.394349 1.000000 1.000000 1.000000 0.605651 0.000000 0.000000 0.000000 0.000000 0.000000 0.000000 326.794468 326.844757 159.586196 224.886210 0
8.190411 1.000000 0.000000 0.605651 0.394349 1.000000 1.000000 1.000000 0.605651 0.000000 0.000000 0.000000 0.000000 0.000000 0.000000 305.743057 305.788574 158.363002 215.342394 0
8.700411 1.000000 0.000000 0.605651 0.394349 1.000000 1.000000 1.000000 0.605651 0.000000 0.000000 0.000000 0.000000 0.000000 0.000000 286.513242 286.553925 157.280180 206.889011 0
9.210411 1.000000 0.000000 0.605651 0.394349 1.000000 1.000000 1.000000 0.605651 0.000000 0.000000 0.000000 0.000000 0.000000 0.000000 269.247479 269.283447 156.328961 199.460095 0
9.720411 1.000000 0.000000 0.605651 0.394349 1.000000 1.000000 1.000000 0.605651 0.000000 0.000000 0.000000 0.000000 0.000000 0.000000 253.924795 253.956451 155.497630 192.965688 0
10.230411 1.000000 0.000000 0.605651 0.394349 1.000000 1.000000 1.000000 0.605651 0.000000 0.000000 0.000000 0.000000 0.000000 0.000000 240.434997 240.462708 154.773601 187.308439 0
10.740411 1.000000 0.000000 0.605651 0.394349 1.000000 1.000000 1.000000 0.605651 0.000000 0.000000 0.000000 0.000000 0.000000 0.000000 228.624682 228.648895 154.144530 182.392474 0
