1.200000 1.000000 0.000000 0.000000 1.000000 1.000000 1.000000 1.000000 0.000000 0.000000 0.000000 0.000000 0.000000 0.000000 0.000000 150.000000 150.000000 150.000000 150.000000 0
1.205467 1.000000 0.000000 0.000000 1.000000 1.000000 1.000000 1.000000 0.000000 0.000000 0.000000 0.000000 0.000000 0.000000 0.000000 157.967911 157.967911 151.329898 157.467946 0
1.208532 1.000000 0.000000 0.000000 1.000000 1.000000 1.000000 1.000000 0.000000 0.000000 0.000000 0.000000 0.000000 0.000000 0.000000 162.415981 162.415985 151.870023 161.519262 0
1.211458 1.000000 0.000000 0.000000 1.000000 1.000000 1.000000 1.000000 0.000000 0.000000 0.000000 0.000000 0.000000 0.000000 0.000000 166.648927 166.648926 152.372955 165.343875 0
1.214290 1.000000 0.000000 0.000000 1.000000 1.000000 1.000000 1.000000 0.000000 0.000000 0.000000 0.000000 0.000000 0.000000 0.000000 170.733704 170.733704 152.852174 169.011581 0
1.217049 1.000000 0.000000 0.000000 1.000000 1.000000 1.000000 1.000000 0.000000 0.000000 0.000000 0.000000 0.000000 0.000000 0.000000 174.702607 174.702606 153.313475 172.556267 0
1.219748 1.000000 0.000000 0.000000 1.000000 1.000000 1.000000 1.000000 0.000000 0.000000 0.000000 0.000000 0.000000 0.000000 0.000000 178.575523 178.575516 153.760226 175.998888 0
1.222397 1.000000 0.000000 0.000000 1.000000 1.000000 1.000000 1.000000 0.000000 0.000000 0.000000 0.000000 0.000000 0.000000 0.000000 182.366237 182.366241 154.194682 179.354004 0
1.225001 1.000000 0.000000 0.000000 1.000000 1.000000 1.000000 1.000000 0.000000 0.000000 0.000000 0.000000 0.000000 0.000000 0.000000 186.084895 186.084900 154.618473 182.632346 0
1.227568 1.000000 0.000000 0.000000 1.000000 1.000000 1.000000 1.000000 0.000000 0.000000 0.000000 0.000000 0.000000 0.000000 0.000000 189.739348 189.739349 155.032837 185.842243 0
1.230100 1.000000 0.000000 0.000000 1.000000 1.000000 1.000000 1.000000 0.000000 0.000000 0.000000 0.000000 0.000000 0.000000 0.000000 193.335854 193.335861 155.438746 188.990342 0
1.242582 1.000000 0.000000 0.000000 1.000000 1.000000 1.000000 1.000000 0.000000 0.000000 0.000000 0.000000 0.000000 0.000000 0.000000 210.937955 210.937958 157.401981 204.255262 0
1.254520 1.000000 0.000000 0.000000 1.000000 1.000000 1.000000 1.000000 0.000000 0.000000 0.000000 0.000000 0.000000 0.000000 0.000000 227.574872 227.574875 159.227336 218.488421 0
1.266061 1.000000 0.000000 0.000000 1.000000 1.000000 1.000000 1.000000 0.000000 0.000000 0.000000 0.000000 0.000000 0.000000 0.000000 243.476496 243.476501 160.948701 231.934747 0
1.277292 1.000000 0.000000 0.000000 1.000000 1.000000 1.000000 1.000000 0.000000 0.000000 0.000000 0.000000 0.000000 0.000000 0.000000 258.782246 258.782257 162.586339 244.743164 0
1.288273 1.000000 0.000000 0.581318 0.418682 1.000000 1.000000 1.000000 0.581318 0.000000 0.000000 0.000000 0.000000 0.000000 0.000000 273.586110 273.586121 164.153781 257.014190 0
1.299043 1.000000 0.000000 0.769346 0.230654 1.000000 1.000000 1.000000 0.769346 0.000000 0.000000 0.000000 0.000000 0.000000 0.000000 287.955816 287.955811 165.660719 268.820393 0
1.309636 1.000000 0.000000 0.798891 0.201109 1.000000 1.000000 1.000000 0.798891 0.000000 0.000000 0.000000 0.000000 0.000000 0.000000 301.942340 301.942352 167.114436 280.216604 0
1.320074 1.000000 0.000000 0.815195 0.184805 1.000000 1.000000 1.000000 0.815195 0.000000 0.000000 0.000000 0.000000 0.000000 0.000000 315.585722 315.585724 168.520615 291.245781 0
1.330378 1.000000 0.000000 0.825953 0.174047 1.000000 1.000000 1.000000 0.825953 0.000000 0.000000 0.000000 0.000000 0.000000 0.000000 328.918028 328.918030 169.883812 301.942512 0
1.340561 1.000000 0.000000 0.833998 0.166002 1.000000 1.000000 1.000000 0.833998 0.000000 0.000000 0.000000 0.000000 0.000000 0.000000 341.965679 341.965668 171.207763 312.335227 0
1.350638 1.000000 0.000000 0.839989 0.160011 1.000000 1.000000 1.000000 0.839989 0.000000 0.000000 0.000000 0.000000 0.000000 0.000000 354.750790 354.750793 172.495590 322.447749 0
1.360619 1.000000 0.000000 0.845003 0.154997 1.000000 1.000000 1.000000 0.845003 0.000000 0.000000 0.000000 0.000000 0.000000 0.000000 367.291886 367.291931 173.749929 332.300240 0
1.370513 1.000000 0.000000 0.848917 0.151083 1.000000 1.000000 1.000000 0.848917 0.000000 0.000000 0.000000 0.000000 0.000000 0.000000 379.605370 379.605408 174.973063 341.910178 0
1.380329 1.000000 0.000000 0.852506 0.147494 1.000000 1.000000 1.000000 0.852506 0.000000 0.000000 0.000000 0.000000 0.000000 0.000000 391.705030 391.705017 176.166955 351.292637 0
1.390072 1.000000 0.000000 0.855434 0.144566 1.000000 1.000000 1.000000 0.855434 0.000000 0.000000 0.000000 0.000000 0.000000 0.000000 403.603165 403.603180 177.333336 360.460917 0
1.399750 1.000000 0.000000 0.857853 0.142147 1.000000 1.000000 1.000000 0.857853 0.000000 0.000000 0.000000 0.000000 0.000000 0.000000 415.310643 415.310638 178.473731 369.426748 0
1.409368 1.000000 0.000000 0.859819 0.140181 1.000000 1.000000 1.000000 0.859819 0.000000 0.000000 0.000000 0.000000 0.000000 0.000000 426.837056 426.837067 179.589498 378.200603 0
1.418930 1.000000 0.000000 0.861943 0.138057 1.000000 1.000000 1.000000 0.861943 0.000000 0.000000 0.000000 0.000000 0.000000 0.000000 438.191053 438.191040 180.681857 386.791869 0
1.428440 1.000000 0.000000 0.863662 0.136338 1.000000 1.000000 1.000000 0.863662 0.000000 0.000000 0.000000 0.000000 0.000000 0.000000 449.380432 449.380432 181.751904 395.209033 0
1.437903 1.000000 0.000000 0.865301 0.134699 1.000000 1.000000 1.000000 0.865301 0.000000 0.000000 0.000000 0.000000 0.000000 0.000000 460.412320 460.412354 182.800638 403.459785 0
1.447322 1.000000 0.000000 0.866821 0.133179 1.000000 1.000000 1.000000 0.866821 0.000000 0.000000 0.000000 0.000000 0.000000 0.000000 471.293236 471.293243 183.828962 411.551128 0
1.456701 1.000000 0.000000 0.868166 0.131834 1.000000 1.000000 1.000000 0.868166 0.000000 0.000000 0.000000 0.000000 0.000000 0.000000 482.028968 482.028961 184.837704 419.489462 0
1.466041 1.000000 0.000000 0.869304 0.130696 1.000000 1.000000 1.000000 0.869304 0.000000 0.000000 0.000000 0.000000 0.000000 0.000000 492.624910 492.624908 185.827626 427.280684 0
1.475346 1.000000 0.000000 0.870449 0.129551 1.000000 1.000000 1.000000 0.870449 0.000000 0.000000 0.000000 0.000000 0.000000 0.000000 503.086089 503.086121 186.799429 434.930224 0
1.484618 1.000000 0.000000 0.871373 0.128627 1.000000 1.000000 1.000000 0.871373 0.000000 0.000000 0.000000 0.000000 0.000000 0.000000 513.414576 513.414551 187.753655 442.442272 0
1.493859 1.000000 0.000000 0.872200 0.127800 1.000000 1.000000 1.000000 0.872200 0.000000 0.000000 0.000000 0.000000 0.000000 0.000000 523.556510 523.556519 188.687259 449.792714 0
1.503072 1.000000 0.000000 0.873107 0.126893 1.000000 1.000000 1.000000 0.873107 0.000000 0.000000 0.000000 0.000000 0.000000 0.000000 533.534279 533.534363 189.601590 456.992115 0
1.512258 1.000000 0.000000 0.873990 0.126010 1.000000 1.000000 1.000000 0.873990 0.000000 0.000000 0.000000 0.000000 0.000000 0.000000 543.356972 543.357056 190.497372 464.046133 0
1.521420 1.000000 0.000000 0.874627 0.125373 1.000000 1.000000 1.000000 0.874627 0.000000 0.000000 0.000000 0.000000 0.000000 0.000000 553.032124 553.032166 191.375236 470.959678 0
1.530558 1.000000 0.000000 0.875303 0.124697 1.000000 1.000000 1.000000 0.875303 0.000000 0.000000 0.000000 0.000000 0.000000 0.000000 562.555894 562.555969 192.235325 477.733839 0
1.539674 1.000000 0.000000 0.875932 0.124068 1.000000 1.000000 1.000000 0.875932 0.000000 0.000000 0.000000 0.000000 0.000000 0.000000 571.938233 571.938354 193.078619 484.376278 0
1.548770 1.000000 0.000000 0.876577 0.123423 1.000000 1.000000 1.000000 0.876577 0.000000 0.000000 0.000000 0.000000 0.000000 0.000000 581.191303 581.191406 193.905956 490.893574 0
1.557847 1.000000 0.000000 0.877213 0.122787 1.000000 1.000000 1.000000 0.877213 0.000000 0.000000 0.000000 0.000000 0.000000 0.000000 590.320539 590.320618 194.717795 497.289317 0
1.566907 1.000000 0.000000 0.877818 0.122182 1.000000 1.000000 1.000000 0.877818 0.000000 0.000000 0.000000 0.000000 0.000000 0.000000 599.313494 599.313599 195.514046 503.562746 0
1.575951 1.000000 0.000000 0.878232 0.121768 1.000000 1.000000 1.000000 0.878232 0.000000 0.000000 0.000000 0.000000 0.000000 0.000000 608.191827 608.191956 196.295954 509.723676 0
1.584979 1.000000 0.000000 0.878805 0.121195 1.000000 1.000000 1.000000 0.878805 0.000000 0.000000 0.000000 0.000000 0.000000 0.000000 616.959713 616.959778 197.063891 515.774991 0
1.593993 1.000000 0.000000 0.879234 0.120766 1.000000 1.000000 1.000000 0.879234 0.000000 0.000000 0.000000 0.000000 0.000000 0.000000 625.608432 625.608459 197.817776 521.716037 0
1.602995 1.000000 0.000000 0.879696 0.120304 1.000000 1.000000 1.000000 0.879696 0.000000 0.000000 0.000000 0.000000 0.000000 0.000000 634.150555 634.150574 198.558528 527.554028 0
1.611984 1.000000 0.000000 0.880102 0.119898 1.000000 1.000000 1.000000 0.880102 0.000000 0.000000 0.000000 0.000000 0.000000 0.000000 642.592780 642.592773 199.286535 533.292016 0
1.620962 1.000000 0.000000 0.880555 0.119445 1.000000 1.000000 1.000000 0.880555 0.000000 0.000000 0.000000 0.000000 0.000000 0.000000 650.924422 650.924438 200.001635 538.928697 0
1.629931 1.000000 0.000000 0.880842 0.119158 1.000000 1.000000 1.000000 0.880842 0.000000 0.000000 0.000000 0.000000 0.000000 0.000000 659.160849 659.160828 200.704753 544.471351 0
1.638890 1.000000 0.000000 0.881112 0.118888 1.000000 1.000000 1.000000 0.881112 0.000000 0.000000 0.000000 0.000000 0.000000 0.000000 667.305123 667.305115 201.396114 549.921733 0
1.647840 1.000000 0.000000 0.881407 0.118593 1.000000 1.000000 1.000000 0.881407 0.000000 0.000000 0.000000 0.000000 0.000000 0.000000 675.347977 675.347961 202.075681 555.279537 0
1.656783 1.000000 0.000000 0.881629 0.118371 1.000000 1.000000 1.000000 0.881629 0.000000 0.000000 0.000000 0.000000 0.000000 0.000000 683.305065 683.305054 202.744236 560.550891 0
1.665720 1.000000 0.000000 0.881916 0.118084 1.000000 1.000000 1.000000 0.881916 0.000000 0.000000 0.000000 0.000000 0.000000 0.000000 691.171359 691.171387 203.401686 565.735080 0
1.674650 1.000000 0.000000 0.882170 0.117830 1.000000 1.000000 1.000000 0.882170 0.000000 0.000000 0.000000 0.000000 0.000000 0.000000 698.948985 698.949036 204.048448 570.835347 0
1.683575 1.000000 0.000000 0.882393 0.117607 1.000000 1.000000 1.000000 0.882393 0.000000 0.000000 0.000000 0.000000 0.000000 0.000000 706.647739 706.647827 204.684942 575.855010 0
1.692495 1.000000 0.000000 0.882672 0.117328 1.000000 1.000000 1.000000 0.882672 0.000000 0.000000 0.000000 0.000000 0.000000 0.000000 714.255938 714.255981 205.310982 580.792569 0
1.701411 1.000000 0.000000 0.882847 0.117153 1.000000 1.000000 1.000000 0.882847 0.000000 0.000000 0.000000 0.000000 0.000000 0.000000 721.788754 721.788818 205.927286 585.653690 0
1.710324 1.000000 0.000000 0.883117 0.116883 1.000000 1.000000 1.000000 0.883117 0.000000 0.000000 0.000000 0.000000 0.000000 0.000000 729.240751 729.240723 206.533734 590.437402 0
1.719235 1.000000 0.000000 0.883316 0.116684 1.000000 1.000000 1.000000 0.883316 0.000000 0.000000 0.000000 0.000000 0.000000 0.000000 736.614821 736.614807 207.130719 595.146802 0
1.728143 1.000000 0.000000 0.883459 0.116541 1.000000 1.000000 1.000000 0.883459 0.000000 0.000000 0.000000 0.000000 0.000000 0.000000 743.916415 743.916443 207.718430 599.783360 0
1.737049 1.000000 0.000000 0.883619 0.116381 1.000000 1.000000 1.000000 0.883619 0.000000 0.000000 0.000000 0.000000 0.000000 0.000000 751.139063 751.139038 208.296920 604.347479 0
1.745955 1.000000 0.000000 0.883802 0.116198 1.000000 1.000000 1.000000 0.883802 0.000000 0.000000 0.000000 0.000000 0.000000 0.000000 758.295344 758.295349 208.866649 608.842781 0
1.754860 1.000000 0.000000 0.883945 0.116055 1.000000 1.000000 1.000000 0.883945 0.000000 0.000000 0.000000 0.000000 0.000000 0.000000 765.373484 765.373474 209.427421 613.267707 0
1.763765 1.000000 0.000000 0.884112 0.115888 1.000000 1.000000 1.000000 0.884112 0.000000 0.000000 0.000000 0.000000 0.000000 0.000000 772.387365 772.387451 209.979806 617.626750 0
1.772670 1.000000 0.000000 0.884239 0.115761 1.000000 1.000000 1.000000 0.565062 0.319178 0.000000 0.000000 0.000000 0.000000 0.000000 779.328832 779.328918 210.523623 621.918458 0
1.781577 1.000000 0.000000 0.884359 0.115641 1.000000 1.000000 1.000000 0.510571 0.373788 0.000000 0.000000 0.000000 0.000000 0.000000 786.206107 786.206177 211.059324 626.146403 0
1.790485 1.000000 0.000000 0.884462 0.115538 1.000000 1.000000 1.000000 0.477605 0.406857 0.000000 0.000000 0.000000 0.000000 0.000000 793.015530 793.015625 211.586824 630.309893 0
1.799394 1.000000 0.000000 0.884597 0.115403 1.000000 1.000000 1.000000 0.454012 0.430586 0.000000 0.000000 0.000000 0.000000 0.000000 799.761018 799.761108 212.106456 634.411563 0
1.808306 1.000000 0.000000 0.884733 0.115267 1.000000 1.000000 1.000000 0.435503 0.449229 0.000000 0.000000 0.000000 0.000000 0.000000 806.442603 806.442688 212.618219 638.451374 0
1.817221 1.000000 0.000000 0.884820 0.115180 1.000000 1.000000 1.000000 0.420655 0.464165 0.000000 0.000000 0.000000 0.000000 0.000000 813.061369 813.061462 213.122364 642.431309 0
1.826139 1.000000 0.000000 0.884908 0.115092 1.000000 1.000000 1.000000 0.407852 0.477056 0.000000 0.000000 0.000000 0.000000 0.000000 819.619146 819.619202 213.618932 646.351682 0
1.835060 1.000000 0.000000 0.884979 0.115021 1.000000 1.000000 1.000000 0.396919 0.488060 0.000000 0.000000 0.000000 0.000000 0.000000 826.115211 826.115295 214.108121 650.214056 0
1.843985 1.000000 0.000000 0.885091 0.114909 1.000000 1.000000 1.000000 0.387211 0.497879 0.000000 0.000000 0.000000 0.000000 0.000000 832.552473 832.552551 214.589993 654.018903 0
1.852915 1.000000 0.000000 0.885123 0.114877 1.000000 1.000000 1.000000 0.378610 0.506513 0.000000 0.000000 0.000000 0.000000 0.000000 838.930627 838.930664 215.064728 657.767645 0
1.861849 1.000000 0.000000 0.885226 0.114774 1.000000 1.000000 1.000000 0.371209 0.514017 0.000000 0.000000 0.000000 0.000000 0.000000 845.251457 845.251526 215.532378 661.460673 0
1.870788 1.000000 0.000000 0.885353 0.114647 1.000000 1.000000 1.000000 0.364120 0.521234 0.000000 0.000000 0.000000 0.000000 0.000000 851.514934 851.514954 215.993123 665.099421 0
1.879732 1.000000 0.000000 0.885409 0.114591 1.000000 1.000000 1.000000 0.357953 0.527456 0.000000 0.000000 0.000000 0.000000 0.000000 857.722390 857.722412 216.446988 668.684056 0
1.888682 1.000000 0.000000 0.885489 0.114511 1.000000 1.000000 1.000000 0.352327 0.533161 0.000000 0.000000 0.000000 0.000000 0.000000 863.874960 863.875061 216.894180 672.216232 0
1.897637 1.000000 0.000000 0.885544 0.114456 1.000000 1.000000 1.000000 0.347004 0.538540 0.000000 0.000000 0.000000 0.000000 0.000000 869.972089 869.972168 217.334680 675.695766 0
1.906599 1.000000 0.000000 0.885616 0.114384 1.000000 1.000000 1.000000 0.342277 0.337710 0.205629 0.000000 0.000000 0.000000 0.000000 876.017128 876.017212 217.768728 679.124563 0
1.915568 1.000000 0.000000 0.885672 0.114328 1.000000 1.000000 1.000000 0.337606 0.267265 0.280800 0.000000 0.000000 0.000000 0.000000 882.006782 882.006897 218.196253 682.502057 0
1.924543 1.000000 0.000000 0.885703 0.114297 1.000000 1.000000 1.000000 0.333771 0.232357 0.319575 0.000000 0.000000 0.000000 0.000000 887.947216 887.947327 218.617532 685.830430 0
1.933526 1.000000 0.000000 0.885743 0.114257 1.000000 1.000000 1.000000 0.329601 0.210077 0.346065 0.000000 0.000000 0.000000 0.000000 893.831926 893.832031 219.032451 689.108769 0
1.942516 1.000000 0.000000 0.885751 0.114249 1.000000 1.000000 1.000000 0.325973 0.192905 0.366873 0.000000 0.000000 0.000000 0.000000 899.670441 899.670532 219.441300 692.339363 0
1.951513 1.000000 0.000000 0.885799 0.114201 1.000000 1.000000 1.000000 0.322750 0.179712 0.383336 0.000000 0.000000 0.000000 0.000000 905.453427 905.453613 219.843991 695.521520 0
1.960519 1.000000 0.000000 0.885815 0.114185 1.000000 1.000000 1.000000 0.319536 0.169018 0.397261 0.000000 0.000000 0.000000 0.000000 911.191191 911.191345 220.240744 698.656958 0
1.969533 1.000000 0.000000 0.885847 0.114153 1.000000 1.000000 1.000000 0.316544 0.160066 0.409237 0.000000 0.000000 0.000000 0.000000 916.876670 916.876892 220.631557 701.745668 0
1.978555 1.000000 0.000000 0.885886 0.114114 1.000000 1.000000 1.000000 0.313576 0.152610 0.419700 0.000000 0.000000 0.000000 0.000000 922.515324 922.515564 221.016523 704.788371 0
1.987587 1.000000 0.000000 0.885910 0.114090 1.000000 1.000000 1.000000 0.311061 0.146030 0.428819 0.000000 0.000000 0.000000 0.000000 928.105868 928.106079 221.395761 707.786014 0
1.996627 1.000000 0.000000 0.885926 0.114074 1.000000 1.000000 1.000000 0.308698 0.139974 0.437254 0.000000 0.000000 0.000000 0.000000 933.647632 933.648010 221.769254 710.738456 0
2.005676 1.000000 0.000000 0.885926 0.114074 1.000000 1.000000 1.000000 0.306231 0.134898 0.444797 0.000000 0.000000 0.000000 0.000000 939.144325 939.144775 222.137203 713.647273 0
2.014735 1.000000 0.000000 0.885934 0.114066 1.000000 1.000000 1.000000 0.304011 0.130450 0.451473 0.000000 0.000000 0.000000 0.000000 944.590000 944.590454 222.499532 716.511866 0
2.023804 1.000000 0.000000 0.885934 0.114066 1.000000 1.000000 1.000000 0.301895 0.126399 0.457640 0.000000 0.000000 0.000000 0.000000 949.993671 949.994141 222.856438 719.333779 0
2.032883 1.000000 0.000000 0.885934 0.114066 1.000000 1.000000 1.000000 0.299842 0.122715 0.463377 0.000000 0.000000 0.000000 0.000000 955.349090 955.349548 223.207915 722.112981 0
2.041972 1.000000 0.000000 0.885934 0.114066 1.000000 1.000000 1.000000 0.298004 0.119095 0.468836 0.000000 0.000000 0.000000 0.000000 960.661169 960.661621 223.554033 724.850000 0
2.051071 1.000000 0.000000 0.885934 0.114066 1.000000 1.000000 1.000000 0.296213 0.115912 0.473809 0.000000 0.000000 0.000000 0.000000 965.930086 965.930542 223.894916 727.545828 0
2.060182 1.000000 0.000000 0.885934 0.114066 1.000000 1.000000 1.000000 0.294439 0.113366 0.478130 0.000000 0.000000 0.000000 0.000000 971.153287 971.153748 224.230527 730.200155 0
2.069303 1.000000 0.000000 0.885934 0.114066 1.000000 1.000000 1.000000 0.292744 0.110684 0.328790 0.153716 0.000000 0.000000 0.000000 976.336720 976.337158 224.561035 732.814325 0
2.124153 1.000000 0.000000 0.888210 0.111790 1.000000 1.000000 1.000000 0.286911 0.098677 0.181519 0.321103 0.000000 0.000000 0.000000 1006.537100 1006.537659 227.392943 748.624832 0
2.177195 1.000000 0.000000 0.888393 0.111607 1.000000 1.000000 1.000000 0.281031 0.090879 0.143149 0.373334 0.000000 0.000000 0.000000 1034.150736 1034.151611 229.072735 761.922591 0
2.230706 1.000000 0.000000 0.888393 0.111607 1.000000 1.000000 1.000000 0.276487 0.085022 0.122699 0.404184 0.000000 0.000000 0.000000 1060.497661 1060.499023 230.589166 773.977799 0
2.284832 1.000000 0.000000 0.888393 0.111607 0.819985 1.000000 1.000000 0.273098 0.080558 0.109857 0.424880 0.000000 0.000000 0.000000 1085.700995 1085.703003 231.961408 784.915010 0
2.339660 1.000000 0.000000 0.888393 0.111607 0.736157 1.000000 1.000000 0.270599 0.076954 0.100706 0.440134 0.000000 0.000000 0.000000 1109.758230 1109.761475 233.198507 794.798275 0
2.395260 1.000000 0.000000 0.888393 0.111607 0.695289 1.000000 1.000000 0.269024 0.074272 0.094181 0.450916 0.000000 0.000000 0.000000 1132.879306 1132.883057 234.311324 803.710270 0
2.451669 1.000000 0.000000 0.888393 0.111607 0.668950 1.000000 1.000000 0.268093 0.071965 0.089208 0.459128 0.000000 0.000000 0.000000 1154.934882 1154.939819 235.302416 811.670982 0
2.508927 1.000000 0.000000 0.888393 0.111607 0.650951 1.000000 1.000000 0.267790 0.070381 0.084959 0.465263 0.000000 0.000000 0.000000 1176.023951 1176.030273 236.178368 818.729417 0
2.567090 1.000000 0.000000 0.888393 0.111607 0.637663 1.000000 1.000000 0.267790 0.069219 0.081481 0.469902 0.000000 0.000000 0.000000 1196.182426 1196.190918 236.944272 824.924851 0
2.626211 1.000000 0.000000 0.888393 0.111607 0.628226 1.000000 1.000000 0.267790 0.068766 0.078975 0.472862 0.000000 0.000000 0.000000 1215.424756 1215.435425 237.604655 830.292325 0
2.686346 1.000000 0.000000 0.803776 0.111607 0.621064 1.000000 0.915384 0.267790 0.068766 0.077001 0.390219 0.000000 0.000000 0.000000 1233.770933 1233.784180 238.163405 834.861964 0
2.747549 1.000000 0.000000 0.744376 0.111607 0.616027 1.000000 0.855983 0.267790 0.068766 0.076142 0.331678 0.000000 0.000000 0.000000 1251.229741 1251.245605 238.624127 838.661751 0
2.809878 1.000000 0.000000 0.712070 0.111607 0.612646 1.000000 0.823677 0.267790 0.068766 0.075975 0.299539 0.000000 0.000000 0.000000 1267.812802 1267.832031 238.990126 841.717359 0
2.873390 1.000000 0.000000 0.690904 0.111607 0.610529 1.000000 0.802511 0.267790 0.068766 0.075975 0.278373 0.060291 0.000000 0.000000 1283.528493 1283.551636 239.264504 844.052905 0
2.938147 1.000000 0.000000 0.676207 0.111607 0.609534 1.000000 0.787814 0.267790 0.068766 0.075975 0.263676 0.105631 0.000000 0.000000 1298.379329 1298.406616 239.450108 845.690532 0
3.004211 1.000000 0.000000 0.665513 0.111607 0.609383 1.000000 0.777120 0.267790 0.068766 0.075975 0.252982 0.132216 0.000000 0.000000 1312.362917 1312.394653 239.549602 846.650971 0
3.071647 1.000000 0.000000 0.658248 0.111607 0.609383 1.000000 0.769855 0.267790 0.068766 0.075975 0.245717 0.150048 0.000000 0.000000 1325.478533 1325.515503 239.565493 846.953713 0
3.140522 1.000000 0.000000 0.653338 0.111607 0.609383 1.000000 0.764946 0.267790 0.068766 0.075975 0.240807 0.162318 0.000000 0.000000 1337.714813 1337.757080 239.500119 846.616973 0
3.210907 1.000000 0.000000 0.650227 0.111607 0.609383 1.000000 0.761834 0.267790 0.068766 0.075975 0.237696 0.170729 0.000000 0.000000 1349.078382 1349.126587 239.355742 845.658343 0
3.282875 1.000000 0.000000 0.648803 0.111607 0.609383 1.000000 0.760410 0.267790 0.068766 0.075975 0.236272 0.176434 0.000000 0.000000 1359.547706 1359.602417 239.134495 844.094441 0
3.356504 1.000000 0.000000 0.648485 0.111607 0.609383 1.000000 0.760092 0.267790 0.068766 0.075975 0.235954 0.180086 0.000000 0.000000 1369.114487 1369.176147 238.838390 841.940917 0
3.431874 1.000000 0.000000 0.648485 0.111607 0.609383 1.000000 0.760092 0.267790 0.068766 0.075975 0.235954 0.181885 0.000000 0.000000 1377.766226 1377.834839 238.469365 839.212866 0
3.509069 1.000000 0.000000 0.648485 0.111607 0.609383 1.000000 0.760092 0.267790 0.068766 0.075975 0.235954 0.182330 0.000000 0.000000 1385.482934 1385.559082 238.029292 835.924850 0
3.588178 1.000000 0.000000 0.648485 0.111607 0.609383 1.000000 0.760092 0.267790 0.068766 0.075975 0.235954 0.182330 0.000000 0.000000 1392.250647 1392.334717 237.519969 832.090879 0
3.669294 1.000000 0.000000 0.648485 0.111607 0.609383 1.000000 0.760092 0.267790 0.068766 0.075975 0.235954 0.182330 0.000000 0.000000 1398.047019 1398.139282 236.943150 827.724599 0
3.752515 1.000000 0.000000 0.648485 0.111607 0.609383 1.000000 0.760092 0.267790 0.068766 0.075975 0.235954 0.182330 0.000000 0.000000 1402.853464 1402.954224 236.300534 822.839233 0
3.837944 1.000000 0.000000 0.648485 0.111607 0.609383 1.000000 0.760092 0.267790 0.068766 0.075975 0.235954 0.182330 0.000000 0.000000 1406.643118 1406.752563 235.593780 817.447693 0
3.925688 1.000000 0.000000 0.648485 0.111607 0.609383 1.000000 0.760092 0.267790 0.068766 0.075975 0.235954 0.182330 0.000000 0.000000 1409.395470 1409.514160 234.824524 811.562726 0
4.015860 1.000000 0.000000 0.648485 0.111607 0.609383 1.000000 0.760092 0.267790 0.068766 0.075975 0.235954 0.182330 0.000000 0.000000 1411.084887 1411.212524 233.994371 805.196826 0
4.108581 1.000000 0.000000 0.648485 0.111607 0.609383 1.000000 0.760092 0.267790 0.068766 0.075975 0.235954 0.182330 0.000000 0.000000 1411.685519 1411.822754 233.104916 798.362415 0
4.203977 1.000000 0.000000 0.648485 0.111607 0.609383 1.000000 0.760092 0.267790 0.068766 0.075975 0.235954 0.182330 0.000000 0.000000 1411.171048 1411.317749 232.157746 791.071850 0
4.302178 1.000000 0.000000 0.648485 0.111607 0.609383 1.000000 0.760092 0.267790 0.068766 0.075975 0.235954 0.182330 0.000000 0.000000 1409.515465 1409.671875 231.154444 783.337470 0
4.403325 1.000000 0.000000 0.648485 0.111607 0.609383 1.000000 0.760092 0.267790 0.068766 0.075975 0.235954 0.182330 0.000000 0.000000 1406.692544 1406.858398 230.096599 775.171663 0
4.507564 1.000000 0.000000 0.648485 0.111607 0.609383 1.000000 0.760092 0.267790 0.068766 0.075975 0.235954 0.182330 0.000000 0.000000 1402.675060 1402.850464 228.985787 766.586719 0
4.615049 1.000000 0.000000 0.648485 0.111607 0.609383 1.000000 0.760092 0.267790 0.068766 0.075975 0.235954 0.182330 0.000000 0.000000 1397.437926 1397.622070 227.823618 757.595206 0
4.725944 1.000000 0.000000 0.648485 0.111607 0.609383 1.000000 0.760092 0.267790 0.068766 0.075975 0.235954 0.182330 0.000000 0.000000 1390.961031 1391.154663 226.611719 748.209819 0
4.840420 1.000000 0.000000 0.648485 0.111607 0.609383 1.000000 0.760092 0.267790 0.068766 0.075975 0.235954 0.182330 0.000000 0.000000 1383.216270 1383.418457 225.351733 738.443402 0
4.958657 1.000000 0.000000 0.648485 0.111607 0.609383 1.000000 0.760092 0.267790 0.068766 0.075975 0.235954 0.182330 0.000000 0.000000 1374.187066 1374.397827 224.045310 728.308848 0
5.080848 1.000000 0.000000 0.648485 0.111607 0.609383 1.000000 0.760092 0.267790 0.068766 0.075975 0.235954 0.182330 0.000000 0.000000 1363.856851 1364.075562 222.694142 717.819409 0
5.207192 1.000000 0.000000 0.648485 0.111607 0.609383 1.000000 0.760092 0.267790 0.068766 0.075975 0.235954 0.182330 0.000000 0.000000 1352.206318 1352.432373 221.299931 706.988408 0
5.337905 1.000000 0.000000 0.648485 0.111607 0.609383 1.000000 0.760092 0.267790 0.068766 0.075975 0.235954 0.182330 0.000000 0.000000 1339.224770 1339.457764 219.864418 695.829506 0
5.473212 1.000000 0.000000 0.648485 0.111607 0.609383 1.000000 0.760092 0.267790 0.068766 0.075975 0.235954 0.182330 0.000000 0.000000 1324.913734 1325.153564 218.389344 684.356356 0
5.613354 1.000000 0.000000 0.648485 0.111607 0.609383 1.000000 0.760092 0.267790 0.068766 0.075975 0.235954 0.182330 0.000000 0.000000 1309.253663 1309.498779 216.876468 672.582784 0
5.758584 1.000000 0.000000 0.648485 0.111607 0.609383 1.000000 0.760092 0.267790 0.068766 0.075975 0.235954 0.182330 0.000000 0.000000 1292.258877 1292.508911 215.327589 660.522938 0
5.909177 1.000000 0.000000 0.648485 0.111607 0.609383 1.000000 0.760092 0.267790 0.068766 0.075975 0.235954 0.182330 0.000000 0.000000 1273.934383 1274.188843 213.744491 648.190867 0
6.065422 1.000000 0.000000 0.648485 0.111607 0.609383 1.000000 0.760092 0.267790 0.068766 0.075975 0.235954 0.182330 0.000000 0.000000 1254.287413 1254.545166 212.128970 635.600723 0
6.227632 1.000000 0.000000 0.648485 0.111607 0.609383 1.000000 0.760092 0.267790 0.068766 0.075975 0.235954 0.182330 0.000000 0.000000 1233.336622 1233.597168 210.482803 622.766545 0
6.396143 1.000000 0.000000 0.648485 0.111607 0.609383 1.000000 0.760092 0.267790 0.068766 0.075975 0.235954 0.182330 0.000000 0.000000 1211.103753 1211.366211 208.807773 609.702420 0
6.571318 1.000000 0.000000 0.648485 0.111607 0.609383 1.000000 0.760092 0.267790 0.068766 0.075975 0.235954 0.182330 0.000000 0.000000 1187.613403 1187.876465 207.105609 596.422028 0
6.753550 1.000000 0.000000 0.648485 0.111607 0.609383 1.000000 0.760092 0.267790 0.068766 0.075975 0.235954 0.182330 0.000000 0.000000 1162.902305 1163.165771 205.378006 582.938815 0
6.943271 1.000000 0.000000 0.648485 0.111607 0.609383 1.000000 0.760092 0.267790 0.068766 0.075975 0.235954 0.182330 0.000000 0.000000 1136.983533 1137.246094 203.626600 569.265762 0
7.140953 1.000000 0.000000 0.648485 0.111607 0.609383 1.000000 0.760092 0.267790 0.068766 0.075975 0.235954 0.182330 0.000000 0.000000 1109.822462 1110.082031 201.853009 555.415744 0
7.347116 1.000000 0.000000 0.648485 0.111607 0.609383 1.000000 0.760092 0.267790 0.068766 0.075975 0.235954 0.182330 0.000000 0.000000 1081.691027 1081.949219 200.058884 541.401899 0
7.562338 1.000000 0.000000 0.648485 0.111607 0.609383 1.000000 0.760092 0.267790 0.068766 0.075975 0.235954 0.182330 0.000000 0.000000 1052.422963 1052.677490 198.245632 527.235470 0
7.787265 1.000000 0.000000 0.648485 0.111607 0.609383 1.000000 0.760092 0.267790 0.068766 0.075975 0.235954 0.182330 0.000000 0.000000 1022.164371 1022.414368 196.414738 512.928301 0
8.022621 1.000000 0.000000 0.648485 0.111607 0.609383 1.000000 0.760092 0.267790 0.068766 0.075975 0.235954 0.182330 0.000000 0.000000 990.981805 991.226501 194.567537 498.491104 0
8.269225 1.000000 0.000000 0.648485 0.111607 0.609383 1.000000 0.760092 0.267790 0.068766 0.075975 0.235954 0.182330 0.000000 0.000000 958.927671 959.166260 192.705239 483.933592 0
8.528012 1.000000 0.000000 0.648485 0.111607 0.609383 1.000000 0.760092 0.267790 0.068766 0.075975 0.235954 0.182330 0.000000 0.000000 926.061534 926.293274 190.828944 469.264618 0
8.800050 1.000000 0.000000 0.648485 0.111607 0.609383 1.000000 0.760092 0.267790 0.068766 0.075975 0.235954 0.182330 0.000000 0.000000 892.428307 892.652527 188.939646 454.492214 0
9.086574 1.000000 0.000000 0.648485 0.111607 0.609383 1.000000 0.760092 0.267790 0.068766 0.075975 0.235954 0.182330 0.000000 0.000000 858.086122 858.302307 187.038242 439.623635 0
9.389012 1.000000 0.000000 0.648485 0.111607 0.609383 1.000000 0.760092 0.267790 0.068766 0.075975 0.235954 0.182330 0.000000 0.000000 823.089937 823.297546 185.125603 424.665964 0
9.708860 1.000000 0.000000 0.648485 0.111607 0.609383 1.000000 0.760092 0.267790 0.068766 0.075975 0.235954 0.182330 0.000000 0.000000 787.501283 787.699524 183.203560 409.633804 0
10.048017 1.000000 0.000000 0.648485 0.111607 0.609383 1.000000 0.760092 0.267790 0.068766 0.075975 0.235954 0.182330 0.000000 0.000000 751.376781 751.565308 181.273188 394.535696 0
10.408837 1.000000 0.000000 0.648485 0.111607 0.609383 1.000000 0.760092 0.267790 0.068766 0.075975 0.235954 0.182330 0.000000 0.000000 714.757886 714.936035 179.335077 379.376486 0
10.794166 1.000000 0.000000 0.648485 0.111607 0.609383 1.000000 0.760092 0.267790 0.068766 0.075975 0.235954 0.182330 0.000000 0.000000 677.682209 677.849915 177.389871 364.161421 0
