1.000000 1.000000 0.000000 0.000000 1.000000 1.000000 1.000000 1.000000 0.000000 0.000000 0.000000 0.000000 0.000000 0.000000 0.000000 150.000000 150.000000 150.000000 150.000000 0
1.005396 1.000000 0.000000 0.000000 1.000000 1.000000 1.000000 1.000000 0.000000 0.000000 0.000000 0.000000 0.000000 0.000000 0.000000 159.542651 159.542648 151.627844 158.978461 0
1.008416 1.000000 0.000000 0.000000 1.000000 1.000000 1.000000 1.000000 0.000000 0.000000 0.000000 0.000000 0.000000 0.000000 0.000000 164.859525 164.859528 152.275833 163.840352 0
1.011307 1.000000 0.000000 0.000000 1.000000 1.000000 1.000000 1.000000 0.000000 0.000000 0.000000 0.000000 0.000000 0.000000 0.000000 169.934396 169.934402 152.880695 168.447266 0
1.014113 1.000000 0.000000 0.000000 1.000000 1.000000 1.000000 1.000000 0.000000 0.000000 0.000000 0.000000 0.000000 0.000000 0.000000 174.844763 174.844757 153.458903 172.880057 0
1.016852 1.000000 0.000000 0.000000 1.000000 1.000000 1.000000 1.000000 0.000000 0.000000 0.000000 0.000000 0.000000 0.000000 0.000000 179.626601 179.626602 154.017140 177.176489 0
1.019536 1.000000 0.000000 0.000000 1.000000 1.000000 1.000000 1.000000 0.000000 0.000000 0.000000 0.000000 0.000000 0.000000 0.000000 184.301580 184.301575 154.559155 181.359391 0
1.022175 1.000000 0.000000 0.000000 1.000000 1.000000 1.000000 1.000000 0.000000 0.000000 0.000000 0.000000 0.000000 0.000000 0.000000 188.884706 188.884705 155.087426 185.444590 0
1.024774 1.000000 0.000000 0.000000 1.000000 1.000000 1.000000 1.000000 0.000000 0.000000 0.000000 0.000000 0.000000 0.000000 0.000000 193.386973 193.386978 155.603730 189.443727 0
1.027338 1.000000 0.000000 0.000000 1.000000 1.000000 1.000000 1.000000 0.000000 0.000000 0.000000 0.000000 0.000000 0.000000 0.000000 197.816966 197.816971 156.109424 193.365869 0
1.029870 1.000000 0.000000 0.000000 1.000000 1.000000 1.000000 1.000000 0.000000 0.000000 0.000000 0.000000 0.000000 0.000000 0.000000 202.181493 202.181488 156.605572 197.218248 0
1.042386 1.000000 0.000000 0.000000 1.000000 1.000000 1.000000 1.000000 0.000000 0.000000 0.000000 0.000000 0.000000 0.000000 0.000000 223.598602 223.598602 159.014459 215.967413 0
1.054396 1.000000 0.000000 0.000000 1.000000 1.000000 1.000000 1.000000 0.000000 0.000000 0.000000 0.000000 0.000000 0.000000 0.000000 243.908683 243.908676 161.265477 233.534983 0
1.066035 1.000000 0.000000 0.000000 1.000000 1.000000 1.000000 1.000000 0.000000 0.000000 0.000000 0.000000 0.000000 0.000000 0.000000 263.367404 263.367401 163.396377 250.193286 0
1.077384 1.000000 0.000000 0.782881 0.217119 1.000000 1.000000 1.000000 0.782881 0.000000 0.000000 0.000000 0.000000 0.000000 0.000000 282.131070 282.131073 165.429893 266.109225 0
1.088497 1.000000 0.000000 0.824847 0.175153 1.000000 1.000000 1.000000 0.824847 0.000000 0.000000 0.000000 0.000000 0.000000 0.000000 300.305882 300.305878 167.381311 281.396279 0
1.099412 1.000000 0.000000 0.841947 0.158053 1.000000 1.000000 1.000000 0.841947 0.000000 0.000000 0.000000 0.000000 0.000000 0.000000 317.968506 317.968506 169.261619 296.136678 0
1.110159 1.000000 0.000000 0.852347 0.147653 1.000000 1.000000 1.000000 0.852347 0.000000 0.000000 0.000000 0.000000 0.000000 0.000000 335.177305 335.177307 171.079123 310.392943 0
1.120760 1.000000 0.000000 0.859238 0.140762 1.000000 1.000000 1.000000 0.859238 0.000000 0.000000 0.000000 0.000000 0.000000 0.000000 351.978002 351.977997 172.840321 324.214200 0
1.131233 1.000000 0.000000 0.864681 0.135319 1.000000 1.000000 1.000000 0.864681 0.000000 0.000000 0.000000 0.000000 0.000000 0.000000 368.407497 368.407501 174.550440 337.640134 0
1.141592 1.000000 0.000000 0.868993 0.131007 1.000000 1.000000 1.000000 0.868993 0.000000 0.000000 0.000000 0.000000 0.000000 0.000000 384.496260 384.496246 176.213786 350.703490 0
1.151850 1.000000 0.000000 0.872304 0.127696 1.000000 1.000000 1.000000 0.872304 0.000000 0.000000 0.000000 0.000000 0.000000 0.000000 400.269839 400.269836 177.833959 363.431791 0
1.162017 1.000000 0.000000 0.874906 0.125094 1.000000 1.000000 1.000000 0.874906 0.000000 0.000000 0.000000 0.000000 0.000000 0.000000 415.749960 415.749969 179.414023 375.848433 0
1.172102 1.000000 0.000000 0.877515 0.122485 1.000000 1.000000 1.000000 0.877515 0.000000 0.000000 0.000000 0.000000 0.000000 0.000000 430.955214 430.955200 180.956606 387.973570 0
1.182113 1.000000 0.000000 0.879489 0.120511 1.000000 1.000000 1.000000 0.879489 0.000000 0.000000 0.000000 0.000000 0.000000 0.000000 445.901888 445.901886 182.464002 399.824818 0
1.192055 1.000000 0.000000 0.881223 0.118777 1.000000 1.000000 1.000000 0.881223 0.000000 0.000000 0.000000 0.000000 0.000000 0.000000 460.604288 460.604279 183.938223 411.417632 0
1.201934 1.000000 0.000000 0.882680 0.117320 1.000000 1.000000 1.000000 0.882680 0.000000 0.000000 0.000000 0.000000 0.000000 0.000000 475.075295 475.075287 185.381059 422.765795 0
1.211757 1.000000 0.000000 0.884040 0.115960 1.000000 1.000000 1.000000 0.884040 0.000000 0.000000 0.000000 0.000000 0.000000 0.000000 489.326084 489.326080 186.794096 433.881523 0
1.221527 1.000000 0.000000 0.885345 0.114655 1.000000 1.000000 1.000000 0.885345 0.000000 0.000000 0.000000 0.000000 0.000000 0.000000 503.366857 503.366852 188.178760 444.775834 0
1.231248 1.000000 0.000000 0.886666 0.113334 1.000000 1.000000 1.000000 0.886666 0.000000 0.000000 0.000000 0.000000 0.000000 0.000000 517.181706 517.181702 189.534688 455.445625 0
1.240924 1.000000 0.000000 0.887581 0.112419 1.000000 1.000000 1.000000 0.887581 0.000000 0.000000 0.000000 0.000000 0.000000 0.000000 530.717863 530.717834 190.858106 465.860906 0
1.250559 1.000000 0.000000 0.888552 0.111448 1.000000 1.000000 1.000000 0.888552 0.000000 0.000000 0.000000 0.000000 0.000000 0.000000 543.993656 543.993652 192.150517 476.033396 0
1.260155 1.000000 0.000000 0.889356 0.110644 1.000000 1.000000 1.000000 0.889356 0.000000 0.000000 0.000000 0.000000 0.000000 0.000000 557.024037 557.024048 193.413396 485.974583 0
1.269716 1.000000 0.000000 0.890072 0.109928 1.000000 1.000000 1.000000 0.890072 0.000000 0.000000 0.000000 0.000000 0.000000 0.000000 569.822461 569.822449 194.648172 495.695590 0
1.279243 1.000000 0.000000 0.890708 0.109292 1.000000 1.000000 1.000000 0.890708 0.000000 0.000000 0.000000 0.000000 0.000000 0.000000 582.401094 582.401123 195.856193 505.206976 0
1.288739 1.000000 0.000000 0.891297 0.108703 1.000000 1.000000 1.000000 0.891297 0.000000 0.000000 0.000000 0.000000 0.000000 0.000000 594.772606 594.772583 197.038755 514.518838 0
1.298207 1.000000 0.000000 0.891902 0.108098 1.000000 1.000000 1.000000 0.891902 0.000000 0.000000 0.000000 0.000000 0.000000 0.000000 606.945279 606.945251 198.196904 523.639379 0
1.307648 1.000000 0.000000 0.892531 0.107469 1.000000 1.000000 1.000000 0.892531 0.000000 0.000000 0.000000 0.000000 0.000000 0.000000 618.928363 618.928345 199.331711 532.576961 0
1.317064 1.000000 0.000000 0.893096 0.106904 1.000000 1.000000 1.000000 0.893096 0.000000 0.000000 0.000000 0.000000 0.000000 0.000000 630.731335 630.731323 200.444184 541.339473 0
1.326457 1.000000 0.000000 0.893541 0.106459 1.000000 1.000000 1.000000 0.893541 0.000000 0.000000 0.000000 0.000000 0.000000 0.000000 642.360004 642.359985 201.535116 549.933118 0
1.335829 1.000000 0.000000 0.894011 0.105989 1.000000 1.000000 1.000000 0.894011 0.000000 0.000000 0.000000 0.000000 0.000000 0.000000 653.818475 653.818481 202.605175 558.363108 0
1.345181 1.000000 0.000000 0.894416 0.105584 1.000000 1.000000 1.000000 0.894416 0.000000 0.000000 0.000000 0.000000 0.000000 0.000000 665.116690 665.116699 203.655353 566.637227 0
1.354515 1.000000 0.000000 0.894775 0.105225 1.000000 1.000000 1.000000 0.894775 0.000000 0.000000 0.000000 0.000000 0.000000 0.000000 676.261076 676.261047 204.686389 574.761239 0
1.363832 1.000000 0.000000 0.895149 0.104851 1.000000 1.000000 1.000000 0.895149 0.000000 0.000000 0.000000 0.000000 0.000000 0.000000 687.256441 687.256470 205.698911 582.740080 0
1.373133 1.000000 0.000000 0.895562 0.104438 1.000000 1.000000 1.000000 0.895562 0.000000 0.000000 0.000000 0.000000 0.000000 0.000000 698.108492 698.108521 206.693551 590.578675 0
1.382421 1.000000 0.000000 0.895873 0.104127 1.000000 1.000000 1.000000 0.895873 0.000000 0.000000 0.000000 0.000000 0.000000 0.000000 708.822325 708.822388 207.670911 598.281727 0
1.391695 1.000000 0.000000 0.896151 0.103849 1.000000 1.000000 1.000000 0.896151 0.000000 0.000000 0.000000 0.000000 0.000000 0.000000 719.402889 719.402954 208.631510 605.853306 0
1.400957 1.000000 0.000000 0.896446 0.103554 1.000000 1.000000 1.000000 0.896446 0.000000 0.000000 0.000000 0.000000 0.000000 0.000000 729.847332 729.847412 209.575606 613.295409 0
1.410209 1.000000 0.000000 0.896724 0.103276 1.000000 1.000000 1.000000 0.896724 0.000000 0.000000 0.000000 0.000000 0.000000 0.000000 740.166241 740.166260 210.503984 620.614184 0
1.419451 1.000000 0.000000 0.896899 0.103101 1.000000 1.000000 1.000000 0.896899 0.000000 0.000000 0.000000 0.000000 0.000000 0.000000 750.363276 750.363281 211.417088 627.813113 0
1.428684 1.000000 0.000000 0.897114 0.102886 1.000000 1.000000 1.000000 0.897114 0.000000 0.000000 0.000000 0.000000 0.000000 0.000000 760.441362 760.441345 212.315329 634.895390 0
1.437908 1.000000 0.000000 0.897273 0.102727 1.000000 1.000000 1.000000 0.897273 0.000000 0.000000 0.000000 0.000000 0.000000 0.000000 770.403390 770.403381 213.199029 641.863541 0
1.447126 1.000000 0.000000 0.897496 0.102504 1.000000 1.000000 1.000000 0.455149 0.442346 0.000000 0.000000 0.000000 0.000000 0.000000 780.247330 780.247314 214.068438 648.719505 0
1.456338 1.000000 0.000000 0.897679 0.102321 1.000000 1.000000 1.000000 0.397086 0.500593 0.000000 0.000000 0.000000 0.000000 0.000000 789.982259 789.982239 214.924166 655.468072 0
1.465544 1.000000 0.000000 0.897862 0.102138 1.000000 1.000000 1.000000 0.365337 0.532525 0.000000 0.000000 0.000000 0.000000 0.000000 799.610921 799.610901 215.766539 662.111779 0
1.474746 1.000000 0.000000 0.898013 0.101987 1.000000 1.000000 1.000000 0.343232 0.554781 0.000000 0.000000 0.000000 0.000000 0.000000 809.134990 809.135010 216.595798 668.652523 0
1.483943 1.000000 0.000000 0.898132 0.101868 1.000000 1.000000 1.000000 0.326204 0.571929 0.000000 0.000000 0.000000 0.000000 0.000000 818.551521 818.551514 217.412103 675.091522 0
1.493138 1.000000 0.000000 0.898260 0.101740 1.000000 1.000000 1.000000 0.312756 0.585504 0.000000 0.000000 0.000000 0.000000 0.000000 827.869162 827.869141 218.215997 681.433059 0
1.502329 1.000000 0.000000 0.898411 0.101589 1.000000 1.000000 1.000000 0.301751 0.596660 0.000000 0.000000 0.000000 0.000000 0.000000 837.090292 837.090271 219.007738 687.679144 0
1.511519 1.000000 0.000000 0.898618 0.101382 1.000000 1.000000 1.000000 0.291956 0.606662 0.000000 0.000000 0.000000 0.000000 0.000000 846.213059 846.213074 219.787410 693.830409 0
1.520707 1.000000 0.000000 0.898745 0.101255 1.000000 1.000000 1.000000 0.283752 0.614993 0.000000 0.000000 0.000000 0.000000 0.000000 855.240047 855.240051 220.555360 699.889591 0
1.529894 1.000000 0.000000 0.898865 0.101135 1.000000 1.000000 1.000000 0.276503 0.622361 0.000000 0.000000 0.000000 0.000000 0.000000 864.176626 864.176636 221.311941 705.859450 0
1.539081 1.000000 0.000000 0.898976 0.101024 1.000000 1.000000 1.000000 0.270193 0.628783 0.000000 0.000000 0.000000 0.000000 0.000000 873.022741 873.022766 222.057264 711.740857 0
1.548269 1.000000 0.000000 0.899071 0.100929 1.000000 1.000000 1.000000 0.264265 0.231919 0.402887 0.000000 0.000000 0.000000 0.000000 881.776703 881.776733 222.791489 717.535045 0
1.557457 1.000000 0.000000 0.899199 0.100801 1.000000 1.000000 1.000000 0.258815 0.189006 0.451378 0.000000 0.000000 0.000000 0.000000 890.445550 890.445557 223.515012 723.245129 0
1.566646 1.000000 0.000000 0.899254 0.100746 1.000000 1.000000 1.000000 0.254032 0.164108 0.481114 0.000000 0.000000 0.000000 0.000000 899.029410 899.029419 224.227934 728.871897 0
1.575837 1.000000 0.000000 0.899358 0.100642 1.000000 1.000000 1.000000 0.249775 0.147096 0.502487 0.000000 0.000000 0.000000 0.000000 907.525725 907.525696 224.930374 734.416276 0
1.585031 1.000000 0.000000 0.899437 0.100563 1.000000 1.000000 1.000000 0.245789 0.134603 0.519045 0.000000 0.000000 0.000000 0.000000 915.941732 915.941711 225.622714 739.881267 0
1.594227 1.000000 0.000000 0.899549 0.100451 1.000000 1.000000 1.000000 0.242383 0.124442 0.532724 0.000000 0.000000 0.000000 0.000000 924.276573 924.276550 226.304996 745.267194 0
1.603426 1.000000 0.000000 0.899620 0.100380 1.000000 1.000000 1.000000 0.238874 0.116525 0.544222 0.000000 0.000000 0.000000 0.000000 932.528454 932.528442 226.977366 750.575189 0
1.612628 1.000000 0.000000 0.899724 0.100276 1.000000 1.000000 1.000000 0.235651 0.110071 0.554001 0.000000 0.000000 0.000000 0.000000 940.704442 940.704468 227.640158 755.807887 0
1.621835 1.000000 0.000000 0.899803 0.100197 1.000000 1.000000 1.000000 0.232755 0.104310 0.562738 0.000000 0.000000 0.000000 0.000000 948.801855 948.801880 228.293363 760.965199 0
1.631046 1.000000 0.000000 0.899835 0.100165 1.000000 1.000000 1.000000 0.229890 0.099504 0.570441 0.000000 0.000000 0.000000 0.000000 956.821930 956.821899 228.937215 766.048963 0
1.640261 1.000000 0.000000 0.899875 0.100125 1.000000 1.000000 1.000000 0.227256 0.095446 0.577173 0.000000 0.000000 0.000000 0.000000 964.769904 964.769897 229.571933 771.060914 0
1.649482 1.000000 0.000000 0.899899 0.100101 1.000000 1.000000 1.000000 0.224726 0.091754 0.583419 0.000000 0.000000 0.000000 0.000000 972.640015 972.640015 230.197468 776.000641 0
1.658708 1.000000 0.000000 0.899907 0.100093 1.000000 1.000000 1.000000 0.222363 0.088619 0.248391 0.340535 0.000000 0.000000 0.000000 980.439459 980.439453 230.814185 780.871019 0
1.667939 1.000000 0.000000 0.899947 0.100053 1.000000 1.000000 1.000000 0.220429 0.085412 0.203202 0.390903 0.000000 0.000000 0.000000 988.167269 988.167297 231.422084 785.672040 0
1.677177 1.000000 0.000000 0.899979 0.100021 1.000000 1.000000 1.000000 0.218456 0.082810 0.177349 0.421363 0.000000 0.000000 0.000000 995.822411 995.822388 232.021316 790.404895 0
1.686422 1.000000 0.000000 0.900034 0.099966 1.000000 1.000000 1.000000 0.216729 0.080351 0.159430 0.443524 0.000000 0.000000 0.000000 1003.411165 1003.411194 232.612114 795.071418 0
1.695673 1.000000 0.000000 0.900090 0.099910 1.000000 1.000000 1.000000 0.214875 0.078020 0.146261 0.460934 0.000000 0.000000 0.000000 1010.926803 1010.926819 233.194395 799.670927 0
1.704931 1.000000 0.000000 0.900106 0.099894 1.000000 1.000000 1.000000 0.213204 0.075975 0.135972 0.474955 0.000000 0.000000 0.000000 1018.377541 1018.377563 233.768512 804.206219 0
1.714196 1.000000 0.000000 0.900130 0.099870 1.000000 1.000000 1.000000 0.211780 0.074129 0.127434 0.486787 0.000000 0.000000 0.000000 1025.760396 1025.760376 234.334420 808.676924 0
1.723469 1.000000 0.000000 0.900138 0.099862 1.000000 1.000000 1.000000 0.210109 0.072585 0.120129 0.497314 0.000000 0.000000 0.000000 1033.074736 1033.074707 234.892250 813.084079 0
1.732751 1.000000 0.000000 0.900146 0.099854 1.000000 1.000000 1.000000 0.208788 0.070978 0.114042 0.506338 0.000000 0.000000 0.000000 1040.323830 1040.323975 235.442075 817.428260 0
1.742040 1.000000 0.000000 0.900162 0.099838 1.000000 1.000000 1.000000 0.207507 0.069410 0.108989 0.514255 0.000000 0.000000 0.000000 1047.503456 1047.503540 235.983949 821.709858 0
1.751338 1.000000 0.000000 0.900169 0.099831 1.000000 1.000000 1.000000 0.206162 0.068145 0.104263 0.521600 0.000000 0.000000 0.000000 1054.622862 1054.622925 236.518136 825.930984 0
1.760645 1.000000 0.000000 0.900169 0.099831 1.000000 1.000000 1.000000 0.204992 0.067047 0.100006 0.528125 0.000000 0.000000 0.000000 1061.675462 1061.675537 237.044603 830.091360 0
1.769961 1.000000 0.000000 0.900177 0.099823 1.000000 1.000000 1.000000 0.203751 0.065965 0.096489 0.533973 0.000000 0.000000 0.000000 1068.669762 1068.669800 237.563656 834.193402 0
1.779286 1.000000 0.000000 0.900177 0.099823 0.777391 1.000000 1.000000 0.202502 0.064930 0.093250 0.539495 0.000000 0.000000 0.000000 1075.599951 1075.599976 238.075198 838.236318 0
1.788621 1.000000 0.000000 0.900177 0.099823 0.693275 1.000000 1.000000 0.201611 0.063729 0.090457 0.544381 0.000000 0.000000 0.000000 1082.471845 1082.471802 238.579501 842.222273 0
1.797965 1.000000 0.000000 0.900185 0.099815 0.654269 1.000000 1.000000 0.200520 0.062750 0.088062 0.548853 0.000000 0.000000 0.000000 1089.282183 1089.282227 239.076505 846.150786 0
1.807320 1.000000 0.000000 0.900185 0.099815 0.627876 1.000000 1.000000 0.199589 0.061676 0.085882 0.553038 0.000000 0.000000 0.000000 1096.013783 1096.013916 239.565995 850.020146 0
1.816686 1.000000 0.000000 0.900185 0.099815 0.607911 1.000000 1.000000 0.198603 0.060952 0.083510 0.557120 0.000000 0.000000 0.000000 1102.660210 1102.660278 240.047253 853.824681 0
1.826061 1.000000 0.000000 0.900185 0.099815 0.591877 1.000000 1.000000 0.197648 0.060411 0.081187 0.560940 0.000000 0.000000 0.000000 1109.289649 1109.289795 240.522200 857.579569 0
1.835448 1.000000 0.000000 0.900185 0.099815 0.578605 1.000000 1.000000 0.196868 0.059456 0.079532 0.564330 0.000000 0.000000 0.000000 1115.904224 1115.904297 240.991946 861.293556 0
1.844846 1.000000 0.000000 0.900185 0.099815 0.567115 1.000000 1.000000 0.196088 0.058748 0.077988 0.567361 0.000000 0.000000 0.000000 1122.434236 1122.434326 241.454689 864.952407 0
1.854255 1.000000 0.000000 0.900185 0.099815 0.557152 1.000000 1.000000 0.195285 0.058111 0.076253 0.570536 0.000000 0.000000 0.000000 1128.884232 1128.884277 241.909796 868.551123 0
1.863675 1.000000 0.000000 0.900185 0.099815 0.548455 1.000000 1.000000 0.194632 0.057411 0.074734 0.573409 0.000000 0.000000 0.000000 1135.278943 1135.279053 242.358143 872.096624 0
1.873108 1.000000 0.000000 0.900185 0.099815 0.540593 1.000000 1.000000 0.193884 0.056965 0.073492 0.575844 0.000000 0.000000 0.000000 1141.619359 1141.619507 242.799837 875.589744 0
1.882552 1.000000 0.000000 0.900185 0.099815 0.533520 1.000000 1.000000 0.193287 0.056369 0.072331 0.578199 0.000000 0.000000 0.000000 1147.905592 1147.905762 243.235047 879.031822 0
1.892008 1.000000 0.000000 0.900185 0.099815 0.527066 1.000000 1.000000 0.192834 0.055621 0.070835 0.580896 0.000000 0.000000 0.000000 1154.138399 1154.138550 243.663791 882.422999 0
1.944758 1.000000 0.000000 0.902143 0.097857 0.499916 1.000000 1.000000 0.192293 0.053011 0.065233 0.591607 0.000000 0.000000 0.000000 1187.849401 1187.849609 247.200104 901.471024 0
1.995496 1.000000 0.000000 0.902246 0.097754 0.482252 1.000000 1.000000 0.190081 0.051220 0.061413 0.599532 0.000000 0.000000 0.000000 1218.592928 1218.593140 249.238058 917.603333 0
2.046643 1.000000 0.000000 0.601601 0.097754 0.469146 1.000000 0.699355 0.188290 0.049780 0.058700 0.304831 0.000000 0.000000 0.000000 1248.002092 1248.002930 251.100868 932.409275 0
2.098324 1.000000 0.000000 0.540665 0.097754 0.459367 1.000000 0.638419 0.187152 0.048523 0.056138 0.248852 0.131906 0.000000 0.000000 1276.188201 1276.188965 252.808787 946.015795 0
2.150610 1.000000 0.000000 0.507277 0.097754 0.451895 1.000000 0.605031 0.186556 0.047449 0.054435 0.218838 0.289633 0.000000 0.000000 1303.228882 1303.229614 254.372918 958.501647 0
2.203557 1.000000 0.000000 0.485076 0.097754 0.446548 1.000000 0.582830 0.186357 0.046629 0.052828 0.199263 0.339246 0.000000 0.000000 1329.172095 1329.172729 255.801189 969.925585 0
2.257216 1.000000 0.000000 0.469433 0.097754 0.441964 1.000000 0.567186 0.186357 0.045992 0.051594 0.185489 0.368512 0.000000 0.000000 1354.066996 1354.068115 257.100095 980.336805 0
2.311631 1.000000 0.000000 0.457855 0.097754 0.438782 1.000000 0.555609 0.186357 0.045841 0.050623 0.175034 0.388429 0.000000 0.000000 1377.950697 1377.952148 258.275317 989.778791 0
2.366848 1.000000 0.000000 0.449166 0.097754 0.436689 1.000000 0.546919 0.186357 0.045841 0.049971 0.166997 0.402935 0.000000 0.000000 1400.861680 1400.863770 259.331831 998.289878 0
2.422912 0.889913 0.110087 0.442617 0.097754 0.435145 1.000000 0.540371 0.186357 0.045841 0.049899 0.160520 0.413374 0.111002 0.000000 1420.555004 1420.557129 260.253507 1005.741995 0
2.479867 0.799694 0.200306 0.437835 0.097754 0.434493 1.000000 0.535588 0.186357 0.045841 0.049899 0.155738 0.421538 0.200664 0.000000 1433.814355 1433.816040 260.928297 1011.250167 0
2.537758 0.761134 0.238866 0.434166 0.097754 0.434326 1.000000 0.531920 0.186357 0.045841 0.049899 0.152069 0.427530 0.239065 0.000000 1446.549014 1446.550903 261.457282 1015.611597 0
2.596633 0.737493 0.262507 0.431755 0.097754 0.434326 1.000000 0.529509 0.186357 0.045841 0.049899 0.149658 0.431883 0.262698 0.000000 1458.769787 1458.772949 261.873027 1019.083015 0
2.656537 0.721579 0.278421 0.430387 0.097754 0.434326 1.000000 0.528140 0.186357 0.045841 0.049899 0.148290 0.434819 0.278588 0.000000 1470.489557 1470.493164 262.189683 1021.775724 0
2.717520 0.709977 0.290023 0.429878 0.097754 0.434326 0.872033 0.527631 0.186357 0.045841 0.049899 0.147780 0.436482 0.290166 0.000000 1481.722429 1481.726685 262.416048 1023.758820 0
2.779633 0.702243 0.297757 0.429878 0.097754 0.434326 0.827290 0.527631 0.186357 0.045841 0.049899 0.147780 0.437150 0.297884 0.000000 1492.485113 1492.489746 262.558405 1025.081584 0
2.842927 0.696586 0.303414 0.429878 0.097754 0.434326 0.801716 0.527631 0.186357 0.045841 0.049899 0.147780 0.437150 0.303494 0.000000 1502.769337 1502.775024 262.621363 1025.780122 0
2.907457 0.692830 0.307170 0.429878 0.097754 0.434326 0.785093 0.527631 0.186357 0.045841 0.049899 0.147780 0.437150 0.307258 0.000000 1512.601965 1512.608398 262.608769 1025.884562 0
2.973279 0.690387 0.309613 0.429878 0.097754 0.434326 0.773523 0.527631 0.186357 0.045841 0.049899 0.147780 0.437150 0.309677 0.000000 1521.983354 1521.990723 262.523815 1025.419945 0
3.040454 0.689353 0.310647 0.429878 0.097754 0.434326 0.765725 0.527631 0.186357 0.045841 0.049899 0.147780 0.437150 0.310751 0.000000 1530.914185 1530.922852 262.369080 1024.406491 0
3.109042 0.689193 0.310807 0.429878 0.097754 0.434326 0.760418 0.527631 0.186357 0.045841 0.049899 0.147780 0.437150 0.310870 0.000000 1539.444584 1539.454468 262.147244 1022.865437 0
3.179068 0.689941 0.310059 0.429878 0.097754 0.434326 0.756654 0.527631 0.186357 0.045841 0.049899 0.147780 0.437150 0.310870 0.000000 1547.541010 1547.552490 261.860372 1020.815059 0
3.250569 0.691413 0.308587 0.429878 0.097754 0.434326 0.754681 0.527631 0.186357 0.045841 0.049899 0.147780 0.437150 0.310870 0.000000 1555.198375 1555.211670 261.510793 1018.271107 0
3.323612 0.693602 0.306398 0.429878 0.097754 0.434326 0.753989 0.527631 0.186357 0.045841 0.049899 0.147780 0.437150 0.310870 0.000000 1562.429591 1562.445068 261.100544 1015.249382 0
3.398264 0.696363 0.303637 0.429878 0.097754 0.434326 0.753957 0.527631 0.186357 0.045841 0.049899 0.147780 0.437150 0.310870 0.000000 1569.242362 1569.260132 260.631462 1011.764174 0
3.474597 0.699760 0.300240 0.429878 0.097754 0.434326 0.753957 0.527631 0.186357 0.045841 0.049899 0.147780 0.437150 0.310870 0.000000 1575.627620 1575.647583 260.105303 1007.829116 0
3.552685 0.703556 0.296444 0.429878 0.097754 0.434326 0.753957 0.527631 0.186357 0.045841 0.049899 0.147780 0.437150 0.310870 0.000000 1581.598519 1581.621338 259.523646 1003.456422 0
3.632604 0.707988 0.292012 0.429878 0.097754 0.434326 0.753957 0.527631 0.186357 0.045841 0.049899 0.147780 0.437150 0.310870 0.000000 1587.152864 1587.178589 258.888022 998.657933 0
3.714436 0.712548 0.287452 0.429878 0.097754 0.434326 0.753957 0.527631 0.186357 0.045841 0.049899 0.147780 0.437150 0.310870 0.000000 1592.291277 1592.320190 258.199934 993.445251 0
3.798263 0.717935 0.282065 0.429878 0.097754 0.434326 0.753957 0.527631 0.186357 0.045841 0.049899 0.147780 0.437150 0.310870 0.000000 1597.011471 1597.044678 257.460641 987.828071 0
3.884171 0.723338 0.276662 0.429878 0.097754 0.434326 0.753957 0.527631 0.186357 0.045841 0.049899 0.147780 0.437150 0.310870 0.000000 1601.307099 1601.344604 256.671525 981.817059 0
3.972249 0.729226 0.270774 0.429878 0.097754 0.434326 0.753957 0.527631 0.186357 0.045841 0.049899 0.147780 0.437150 0.310870 0.000000 1605.172913 1605.214722 255.834036 975.423402 0
4.062588 0.735464 0.264536 0.429878 0.097754 0.434326 0.753957 0.527631 0.186357 0.045841 0.049899 0.147780 0.437150 0.310870 0.000000 1608.600381 1608.647095 254.949457 968.657005 0
4.155285 0.742140 0.257860 0.429878 0.097754 0.434326 0.753957 0.527631 0.186357 0.045841 0.049899 0.147780 0.437150 0.310870 0.000000 1611.581235 1611.633789 254.018957 961.526872 0
4.250437 0.748785 0.251215 0.429878 0.097754 0.434326 0.753957 0.527631 0.186357 0.045841 0.049899 0.147780 0.437150 0.310870 0.000000 1614.100840 1614.159302 253.043726 954.042177 0
4.348147 0.755978 0.244022 0.429878 0.097754 0.434326 0.753957 0.527631 0.186357 0.045841 0.049899 0.147780 0.437150 0.310870 0.000000 1616.144815 1616.209839 252.024652 946.209733 0
4.448519 0.763664 0.236336 0.429878 0.097754 0.434326 0.753957 0.527631 0.186357 0.045841 0.049899 0.147780 0.437150 0.310870 0.000000 1617.697108 1617.769409 250.962895 938.038507 0
4.551662 0.771144 0.228856 0.429878 0.097754 0.434326 0.753957 0.527631 0.186357 0.045841 0.049899 0.147780 0.437150 0.310870 0.000000 1618.739874 1618.819824 249.859849 929.539309 0
4.657688 0.779069 0.220931 0.429878 0.097754 0.434326 0.753957 0.527631 0.186357 0.045841 0.049899 0.147780 0.437150 0.310870 0.000000 1619.253150 1619.340942 248.716690 920.721242 0
4.766712 0.787496 0.212504 0.429878 0.097754 0.434326 0.753957 0.527631 0.186357 0.045841 0.049899 0.147780 0.437150 0.310870 0.000000 1619.214851 1619.311157 247.534484 911.592575 0
4.878853 0.795772 0.204228 0.429878 0.097754 0.434326 0.753957 0.527631 0.186357 0.045841 0.049899 0.147780 0.437150 0.310870 0.000000 1618.600936 1618.706543 246.314385 902.162261 0
4.994233 0.804445 0.195555 0.429878 0.097754 0.434326 0.753957 0.527631 0.186357 0.045841 0.049899 0.147780 0.437150 0.310870 0.000000 1617.384833 1617.499512 245.057593 892.439646 0
5.112980 0.813500 0.186500 0.429878 0.097754 0.434326 0.753957 0.527631 0.186357 0.045841 0.049899 0.147780 0.437150 0.310870 0.000000 1615.538229 1615.663208 243.764950 882.431255 0
5.235222 0.822524 0.177476 0.429878 0.097754 0.434326 0.753957 0.527631 0.186357 0.045841 0.049899 0.147780 0.437150 0.310870 0.000000 1613.030275 1613.165894 242.437821 872.147763 0
5.361095 0.831810 0.168190 0.429878 0.097754 0.434326 0.753957 0.527631 0.186357 0.045841 0.049899 0.147780 0.437150 0.310870 0.000000 1609.828072 1609.974976 241.077564 861.599791 0
5.490734 0.841072 0.158928 0.429878 0.097754 0.434326 0.753957 0.527631 0.186357 0.045841 0.049899 0.147780 0.437150 0.310870 0.000000 1605.897312 1606.056030 239.685305 850.796148 0
5.624284 0.850811 0.149189 0.429878 0.097754 0.434326 0.753957 0.527631 0.186357 0.045841 0.049899 0.147780 0.437150 0.310870 0.000000 1601.194294 1601.365967 238.261846 839.743094 0
5.761888 0.860710 0.139290 0.429878 0.097754 0.434326 0.753957 0.527631 0.186357 0.045841 0.049899 0.147780 0.437150 0.310870 0.000000 1595.675904 1595.860474 236.808128 828.448001 0
5.903699 0.870736 0.129264 0.429878 0.097754 0.434326 0.753957 0.527631 0.186357 0.045841 0.049899 0.147780 0.437150 0.310870 0.000000 1589.295657 1589.494019 235.325452 816.921095 0
6.049872 0.880746 0.119254 0.429878 0.097754 0.434326 0.753957 0.527631 0.186357 0.045841 0.049899 0.147780 0.437150 0.310870 0.000000 1582.001560 1582.213989 233.814772 805.169905 0
6.200567 0.891019 0.108981 0.429878 0.097754 0.434326 0.753957 0.527631 0.186357 0.045841 0.049899 0.147780 0.437150 0.310870 0.000000 1573.736377 1573.963867 232.276882 793.200691 0
6.355952 0.901467 0.098533 0.429878 0.097754 0.434326 0.753957 0.527631 0.186357 0.045841 0.049899 0.147780 0.437150 0.310870 0.000000 1564.426543 1564.669800 230.712768 781.021228 0
6.516200 0.912177 0.087823 0.429878 0.097754 0.434326 0.753957 0.527631 0.186357 0.045841 0.049899 0.147780 0.437150 0.310870 0.000000 1554.020450 1554.280029 229.122729 768.633913 0
6.681491 0.922800 0.077200 0.429878 0.097754 0.434326 0.753957 0.527631 0.186357 0.045841 0.049899 0.147780 0.437150 0.310870 0.000000 1542.430755 1542.707886 227.507571 756.045174 0
6.852014 0.933709 0.066291 0.429878 0.097754 0.434326 0.753957 0.527631 0.186357 0.045841 0.049899 0.147780 0.437150 0.310870 0.000000 1529.593232 1529.888062 225.867655 743.257918 0
7.027968 0.944745 0.055255 0.429878 0.097754 0.434326 0.753957 0.527631 0.186357 0.045841 0.049899 0.147780 0.437150 0.310870 0.000000 1515.368140 1515.685181 224.203161 730.273695 0
7.209563 0.956148 0.043852 0.429878 0.097754 0.434326 0.753957 0.527631 0.186357 0.045841 0.049899 0.147780 0.437150 0.310870 0.000000 1499.560805 1499.900879 222.513623 717.088899 0
7.397021 0.967431 0.032569 0.429878 0.097754 0.434326 0.753957 0.527631 0.186357 0.045841 0.049899 0.147780 0.437150 0.310870 0.000000 1481.922571 1482.290894 220.798657 703.700665 0
7.590579 0.979112 0.020888 0.429878 0.097754 0.434326 0.753957 0.527631 0.186357 0.045841 0.049899 0.147780 0.437150 0.310870 0.000000 1462.019988 1462.427368 219.057332 690.101702 0
7.790490 0.990897 0.009103 0.429878 0.097754 0.434326 0.753957 0.527631 0.186357 0.045841 0.049899 0.147780 0.437150 0.310870 0.000000 1438.755394 1439.231812 217.287547 676.275577 0
7.997030 1.000000 0.000000 0.429878 0.097754 0.434326 0.753957 0.527631 0.186357 0.045841 0.049899 0.147780 0.437150 0.310870 0.000000 1402.876196 1403.390991 215.485638 662.193662 0
8.210495 1.000000 0.000000 0.429878 0.097754 0.434326 0.753957 0.527631 0.186357 0.045841 0.049899 0.147780 0.437150 0.310870 0.000000 1364.578385 1364.981079 213.665328 647.964349 0
8.431208 1.000000 0.000000 0.429878 0.097754 0.434326 0.753957 0.527631 0.186357 0.045841 0.049899 0.147780 0.437150 0.310870 0.000000 1329.548864 1329.920898 211.835152 633.655205 0
8.659527 1.000000 0.000000 0.429878 0.097754 0.434326 0.753957 0.527631 0.186357 0.045841 0.049899 0.147780 0.437150 0.310870 0.000000 1295.354281 1295.708008 209.995836 619.272184 0
8.895844 1.000000 0.000000 0.429878 0.097754 0.434326 0.753957 0.527631 0.186357 0.045841 0.049899 0.147780 0.437150 0.310870 0.000000 1261.375522 1261.715942 208.148000 604.820421 0
9.140597 1.000000 0.000000 0.429878 0.097754 0.434326 0.753957 0.527631 0.186357 0.045841 0.049899 0.147780 0.437150 0.310870 0.000000 1227.337939 1227.667114 206.292175 590.304357 0
9.394277 1.000000 0.000000 0.429878 0.097754 0.434326 0.753957 0.527631 0.186357 0.045841 0.049899 0.147780 0.437150 0.310870 0.000000 1193.112817 1193.431641 204.428778 575.727542 0
9.657435 1.000000 0.000000 0.429878 0.097754 0.434326 0.753957 0.527631 0.186357 0.045841 0.049899 0.147780 0.437150 0.310870 0.000000 1158.640605 1158.950073 202.558143 561.092879 0
9.930696 1.000000 0.000000 0.429878 0.097754 0.434326 0.753957 0.527631 0.186357 0.045841 0.049899 0.147780 0.437150 0.310870 0.000000 1123.835395 1124.135620 200.680513 546.402539 0
10.214766 1.000000 0.000000 0.429878 0.097754 0.434326 0.753957 0.527631 0.186357 0.045841 0.049899 0.147780 0.437150 0.310870 0.000000 1088.726877 1089.017822 198.796250 531.659595 0
10.510447 1.000000 0.000000 0.429878 0.097754 0.434326 0.753957 0.527631 0.186357 0.045841 0.049899 0.147780 0.437150 0.310870 0.000000 1053.271561 1053.551880 196.905498 516.865388 0
10.818649 1.000000 0.000000 0.429878 0.097754 0.434326 0.753957 0.527631 0.186357 0.045841 0.049899 0.147780 0.437150 0.310870 0.000000 1017.542549 1017.812500 195.008498 502.021979 0
