0.200000 1.000000 0.000000 0.000000 1.000000 1.000000 1.000000 1.000000 0.000000 0.000000 0.000000 0.000000 0.000000 0.000000 0.000000 150.000000 150.000000 150.000000 150.000000 0
0.206212 1.000000 0.000000 0.000000 1.000000 1.000000 1.000000 1.000000 0.000000 0.000000 0.000000 0.000000 0.000000 0.000000 0.000000 173.795094 173.795197 154.276000 172.745467 0
0.209952 1.000000 0.000000 0.000000 1.000000 1.000000 1.000000 1.000000 0.000000 0.000000 0.000000 0.000000 0.000000 0.000000 0.000000 188.045914 188.045975 156.057849 185.987070 0
0.213540 1.000000 0.000000 0.000000 1.000000 1.000000 1.000000 1.000000 0.000000 0.000000 0.000000 0.000000 0.000000 0.000000 0.000000 201.671693 201.671753 157.707269 198.565525 0
0.217046 1.000000 0.000000 0.000000 1.000000 1.000000 1.000000 1.000000 0.000000 0.000000 0.000000 0.000000 0.000000 0.000000 0.000000 214.938139 214.938141 159.289610 210.761939 0
0.220494 1.000000 0.000000 0.000000 1.000000 1.000000 1.000000 1.000000 0.000000 0.000000 0.000000 0.000000 0.000000 0.000000 0.000000 227.940080 227.940094 160.827207 222.678010 0
0.223895 1.000000 0.000000 0.000000 1.000000 1.000000 1.000000 1.000000 0.000000 0.000000 0.000000 0.000000 0.000000 0.000000 0.000000 240.726304 240.726303 162.330604 234.366167 0
0.227259 1.000000 0.000000 0.000000 1.000000 1.000000 1.000000 1.000000 0.000000 0.000000 0.000000 0.000000 0.000000 0.000000 0.000000 253.327104 253.327103 163.805801 245.858889 0
0.230589 1.000000 0.000000 0.000000 1.000000 1.000000 1.000000 1.000000 0.000000 0.000000 0.000000 0.000000 0.000000 0.000000 0.000000 265.763444 265.763458 165.256663 257.178614 0
0.233890 1.000000 0.000000 0.868842 0.131158 1.000000 1.000000 1.000000 0.868842 0.000000 0.000000 0.000000 0.000000 0.000000 0.000000 278.051010 278.050995 166.685922 268.342016 0
0.237165 1.000000 0.000000 0.893939 0.106061 1.000000 1.000000 1.000000 0.893939 0.000000 0.000000 0.000000 0.000000 0.000000 0.000000 290.201956 290.201965 168.095611 279.362124 0
0.253531 1.000000 0.000000 0.913721 0.086279 1.000000 1.000000 1.000000 0.913721 0.000000 0.000000 0.000000 0.000000 0.000000 0.000000 350.359134 350.359131 175.030214 333.666438 0
0.269467 1.000000 0.000000 0.917994 0.082006 1.000000 1.000000 1.000000 0.917994 0.000000 0.000000 0.000000 0.000000 0.000000 0.000000 408.023382 408.023376 181.620435 385.366488 0
0.285081 1.000000 0.000000 0.920253 0.079747 1.000000 1.000000 1.000000 0.920253 0.000000 0.000000 0.000000 0.000000 0.000000 0.000000 463.666518 463.666504 187.935452 434.961108 0
0.300441 1.000000 0.000000 0.921893 0.078107 1.000000 1.000000 1.000000 0.921893 0.000000 0.000000 0.000000 0.000000 0.000000 0.000000 517.565939 517.565918 194.016040 482.750263 0
0.315594 1.000000 0.000000 0.922768 0.077232 1.000000 1.000000 1.000000 0.922768 0.000000 0.000000 0.000000 0.000000 0.000000 0.000000 569.147683 569.147705 199.809667 528.307083 0
0.330577 1.000000 0.000000 0.923635 0.076365 1.000000 1.000000 1.000000 0.923635 0.000000 0.000000 0.000000 0.000000 0.000000 0.000000 618.489884 618.489868 205.327434 571.712142 0
0.345417 1.000000 0.000000 0.924359 0.075641 1.000000 1.000000 1.000000 0.924359 0.000000 0.000000 0.000000 0.000000 0.000000 0.000000 665.970013 665.970032 210.613896 613.310081 0
0.360137 1.000000 0.000000 0.924813 0.075187 1.000000 1.000000 1.000000 0.924813 0.000000 0.000000 0.000000 0.000000 0.000000 0.000000 711.857042 711.857056 215.700612 653.354729 0
0.374756 1.000000 0.000000 0.925123 0.074877 1.000000 1.000000 1.000000 0.925123 0.000000 0.000000 0.000000 0.000000 0.000000 0.000000 756.359186 756.359192 220.614863 692.041106 0
0.389289 1.000000 0.000000 0.925449 0.074551 1.000000 1.000000 1.000000 0.123933 0.801517 0.000000 0.000000 0.000000 0.000000 0.000000 799.616798 799.616821 225.370719 729.505110 0
0.403748 1.000000 0.000000 0.925744 0.074256 1.000000 1.000000 1.000000 0.095526 0.830218 0.000000 0.000000 0.000000 0.000000 0.000000 841.751389 841.751404 229.988719 765.867576 0
0.418144 1.000000 0.000000 0.926006 0.073994 1.000000 1.000000 1.000000 0.082245 0.091125 0.752636 0.000000 0.000000 0.000000 0.000000 882.853718 882.853699 234.473489 801.212045 0
0.432488 1.000000 0.000000 0.926213 0.073787 1.000000 1.000000 1.000000 0.074057 0.045984 0.806172 0.000000 0.000000 0.000000 0.000000 923.009134 923.009155 238.839230 835.623705 0
0.446786 1.000000 0.000000 0.926476 0.073524 1.000000 1.000000 1.000000 0.068312 0.033722 0.824441 0.000000 0.000000 0.000000 0.000000 962.277441 962.277466 243.097686 869.169133 0
0.461045 1.000000 0.000000 0.926635 0.073365 1.000000 1.000000 1.000000 0.063968 0.027174 0.063594 0.771900 0.000000 0.000000 0.000000 1000.709070 1000.709045 247.249095 901.887594 0
0.475271 1.000000 0.000000 0.926778 0.073222 1.000000 1.000000 1.000000 0.060371 0.023505 0.041879 0.801023 0.000000 0.000000 0.000000 1038.351494 1038.351440 251.298639 933.828335 0
0.489468 1.000000 0.000000 0.926890 0.073110 0.340033 1.000000 1.000000 0.057498 0.021007 0.032569 0.815816 0.000000 0.000000 0.000000 1075.219416 1075.219360 255.256867 965.021010 0
0.503644 1.000000 0.000000 0.926993 0.073007 0.231410 1.000000 1.000000 0.055087 0.018986 0.027349 0.825571 0.000000 0.000000 0.000000 1111.316168 1111.316162 259.113746 995.465960 0
0.517800 1.000000 0.000000 0.927136 0.072864 0.208295 1.000000 1.000000 0.053098 0.017522 0.023824 0.832693 0.000000 0.000000 0.000000 1146.765494 1146.765625 262.899060 1025.276174 0
0.531941 1.000000 0.000000 0.927208 0.072792 0.194736 1.000000 1.000000 0.051515 0.016432 0.021047 0.838215 0.000000 0.000000 0.000000 1181.498685 1181.498657 266.590776 1054.393929 0
0.546070 1.000000 0.000000 0.927272 0.072728 0.185434 1.000000 1.000000 0.049883 0.015588 0.019447 0.842353 0.000000 0.000000 0.000000 1215.623327 1215.623291 270.204192 1082.911771 0
0.560191 1.000000 0.000000 0.194473 0.072609 0.178630 1.000000 0.267082 0.048682 0.014665 0.018095 0.113031 0.000000 0.000000 0.000000 1249.147722 1249.147705 273.743213 1110.842146 0
0.574308 1.000000 0.000000 0.163559 0.072553 0.173235 1.000000 0.236113 0.047449 0.014028 0.016949 0.085134 0.684562 0.000000 0.000000 1282.088291 1282.088257 277.215954 1138.212003 0
0.588356 1.000000 0.000000 0.147335 0.072434 0.168588 1.000000 0.219769 0.046454 0.013408 0.016081 0.071392 0.743302 0.000000 0.000000 1314.315919 1314.315918 280.600919 1164.899173 0
0.602474 1.000000 0.000000 0.136433 0.072354 0.164785 1.000000 0.208788 0.045626 0.012859 0.015039 0.062909 0.765542 0.000000 0.000000 1346.151298 1346.151245 283.925237 1191.186530 0
0.616589 1.000000 0.000000 0.128198 0.072315 0.161650 1.000000 0.200512 0.044958 0.012254 0.014466 0.056520 0.779069 0.000000 0.000000 1377.437807 1377.437866 287.196897 1216.953650 0
0.630706 1.000000 0.000000 0.121713 0.072291 0.159127 1.000000 0.194003 0.044043 0.012055 0.013941 0.051674 0.788690 0.000000 0.000000 1408.195342 1408.195312 290.394189 1242.203113 0
0.644827 0.304409 0.695591 0.116429 0.072251 0.156533 1.000000 0.188680 0.043390 0.011785 0.013479 0.047775 0.796185 0.695917 0.000000 1430.566283 1430.566284 292.860679 1261.684657 0
0.658859 0.270392 0.729608 0.112331 0.072219 0.154576 1.000000 0.184550 0.042754 0.011570 0.012954 0.045053 0.802201 0.729727 0.000000 1449.163380 1449.163330 294.927935 1277.988213 0
0.673002 0.252385 0.747615 0.108647 0.072179 0.152833 1.000000 0.180826 0.042133 0.011339 0.012612 0.042563 0.806872 0.747710 0.000000 1467.629500 1467.629517 296.937910 1293.873425 0
0.687155 0.240497 0.759503 0.105623 0.072132 0.151186 0.310544 0.177755 0.041489 0.011259 0.012310 0.040566 0.811081 0.759535 0.000000 1485.834511 1485.834473 298.899353 1309.343573 0
0.701227 0.231577 0.768423 0.102894 0.072108 0.149706 0.277450 0.175002 0.041075 0.011013 0.011968 0.038839 0.814367 0.768479 0.000000 1503.662524 1503.662476 300.736919 1324.331894 0
0.715400 0.224567 0.775433 0.100793 0.072076 0.148345 0.259960 0.172869 0.040637 0.010726 0.011816 0.037613 0.817216 0.775457 0.000000 1521.348895 1521.348877 302.666524 1339.093603 0
0.729598 0.219236 0.780764 0.098629 0.072068 0.147080 0.248383 0.170697 0.040279 0.010480 0.011562 0.036309 0.819858 0.780780 0.000000 1538.797596 1538.797607 304.499528 1353.550001 0
0.743813 0.214517 0.785483 0.096727 0.072052 0.145887 0.239646 0.168779 0.039865 0.010281 0.011379 0.035202 0.821887 0.785507 0.000000 1556.026369 1556.026367 306.291206 1367.725505 0
0.757831 0.210753 0.789247 0.095239 0.072036 0.145051 0.232914 0.167275 0.039483 0.010209 0.011196 0.034351 0.823821 0.789271 0.000000 1572.739113 1572.739136 308.028776 1381.396673 0
0.772095 0.207212 0.792788 0.093887 0.071988 0.144271 0.227296 0.165875 0.039284 0.010114 0.010862 0.033627 0.825420 0.792835 0.000000 1589.464416 1589.464355 309.751129 1395.006531 0
0.786378 0.204260 0.795740 0.092645 0.071965 0.143523 0.222864 0.164610 0.039070 0.010026 0.010679 0.032871 0.826701 0.795772 0.000000 1605.965231 1605.965210 311.435781 1408.355201 0
0.800580 0.201817 0.798183 0.091651 0.071957 0.143006 0.218917 0.163607 0.038783 0.009938 0.010615 0.032314 0.828062 0.798206 0.000000 1622.158320 1622.158325 313.085063 1421.380190 0
0.814913 0.199383 0.800617 0.090712 0.071957 0.142377 0.215512 0.162668 0.038584 0.009843 0.010416 0.031868 0.829311 0.800673 0.000000 1638.258455 1638.258423 314.717931 1434.277826 0
0.828035 0.180444 0.819556 0.084648 0.071957 0.140118 0.188505 0.156605 0.038282 0.009405 0.010018 0.026943 0.837348 0.819786 0.711115 1640.476006 1655.088013 316.258929 1446.711365 0
0.839397 0.157814 0.842186 0.066800 0.071614 0.127609 0.163400 0.138415 0.034638 0.007193 0.007114 0.017856 0.857710 0.843889 0.744687 1640.270558 1645.701782 316.743427 1459.863145 0
0.848746 0.147860 0.852140 0.058008 0.070373 0.118705 0.151759 0.128381 0.030802 0.005896 0.005681 0.015628 0.868086 0.855148 0.758556 1640.300740 1684.581909 318.287351 1469.646196 0
0.856279 0.138248 0.861752 0.049764 0.068010 0.109085 0.143293 0.117774 0.026338 0.004941 0.004918 0.013567 0.878797 0.864967 0.770014 1640.345189 1696.935059 320.031655 1478.113915 0
0.860927 0.135948 0.864052 0.048666 0.065949 0.105671 0.139306 0.114615 0.025590 0.004432 0.004782 0.013861 0.882027 0.868325 0.773253 1640.318809 1754.925903 319.961877 1481.815581 0
0.866415 0.129980 0.870020 0.046589 0.063498 0.101414 0.132534 0.110087 0.024659 0.004233 0.004536 0.013161 0.886475 0.873982 0.779706 1640.321687 1766.789062 320.973238 1486.617280 0
0.871420 0.125994 0.874006 0.045149 0.059718 0.096695 0.127100 0.104867 0.024659 0.003939 0.004249 0.012302 0.891902 0.879799 0.784584 1640.287797 1733.173462 321.835804 1491.005929 0
0.875215 0.124084 0.875916 0.045197 0.057984 0.095080 0.124832 0.103180 0.024922 0.003772 0.004130 0.012373 0.893629 0.881844 0.786796 1640.239624 1693.916016 321.154168 1492.957766 0
0.879101 0.122691 0.877309 0.046167 0.054785 0.092852 0.122238 0.100952 0.025733 0.003788 0.004193 0.012453 0.895881 0.884064 0.789995 1640.268007 1727.466797 321.869781 1495.669410 0
0.881847 0.121148 0.878852 0.046987 0.052867 0.091539 0.120694 0.099854 0.026370 0.003843 0.004106 0.012668 0.897082 0.885520 0.791753 1640.228143 1737.699097 321.312630 1496.765928 0
0.885767 0.119246 0.880754 0.046541 0.050783 0.089208 0.118021 0.097324 0.026458 0.003668 0.003875 0.012540 0.899780 0.888449 0.794252 1640.290062 1778.893311 323.279464 1499.194778 0
0.890641 0.116636 0.883364 0.047337 0.047122 0.086829 0.114655 0.094459 0.027548 0.003636 0.003939 0.012214 0.902588 0.891926 0.797228 1640.266623 1785.783325 323.274771 1501.338666 0
0.894052 0.116342 0.883658 0.048045 0.045674 0.085905 0.113191 0.093719 0.028304 0.003501 0.003987 0.012254 0.903153 0.892873 0.798700 1640.251254 1730.865601 322.598612 1501.755351 0
0.897958 0.114185 0.885815 0.047472 0.044783 0.084632 0.111671 0.092255 0.028200 0.003461 0.003899 0.011912 0.904705 0.894313 0.801095 1640.276018 1755.120605 323.534905 1503.403305 0
0.899783 0.113565 0.886435 0.047576 0.044290 0.084266 0.111058 0.091865 0.028304 0.003541 0.003899 0.011832 0.905111 0.894790 0.801970 1640.229024 1735.289673 322.642945 1503.419438 0
0.903859 0.113167 0.886833 0.047727 0.042428 0.082715 0.109212 0.090155 0.028574 0.003756 0.003796 0.011602 0.906957 0.896557 0.804246 1640.285761 1778.074707 323.685549 1505.013312 0
0.905047 0.113899 0.886101 0.048069 0.041624 0.082365 0.108934 0.089693 0.028884 0.003811 0.003843 0.011530 0.907363 0.896851 0.804739 1640.225541 1726.894531 322.407823 1504.966870 0
0.908325 0.112793 0.887207 0.048364 0.040263 0.081561 0.108305 0.088627 0.029378 0.003732 0.003971 0.011283 0.908405 0.897552 0.805806 1640.257922 1770.783203 323.712218 1505.971813 0
0.911099 0.112021 0.887979 0.048547 0.039468 0.080972 0.107724 0.088014 0.029632 0.003668 0.003947 0.011299 0.909058 0.898244 0.806577 1640.258414 1844.362549 323.418172 1506.059078 1
0.913847 0.113899 0.886101 0.049700 0.037765 0.080375 0.107191 0.087465 0.030492 0.003716 0.004090 0.011403 0.909567 0.898705 0.807477 1640.235560 1886.988281 322.462676 1506.280085 1
0.916315 0.112451 0.887549 0.049669 0.037136 0.079834 0.106666 0.086805 0.030707 0.003700 0.004066 0.011196 0.910188 0.899294 0.808248 1640.244332 1894.206055 323.846337 1506.548876 1
0.919724 0.113087 0.886913 0.050520 0.035871 0.079277 0.106141 0.086391 0.031208 0.003756 0.004074 0.011482 0.910585 0.899827 0.808742 1640.224945 1839.337280 322.465482 1506.510995 1
0.922152 0.112976 0.887024 0.050966 0.035234 0.079054 0.105822 0.086200 0.031494 0.003716 0.004201 0.011554 0.910721 0.900138 0.809354 1640.239945 1863.300903 323.998016 1506.726801 2
0.924167 0.112522 0.887478 0.051395 0.034566 0.078879 0.105233 0.085961 0.031853 0.003716 0.004233 0.011594 0.911095 0.900591 0.810126 1640.233497 1810.622803 322.452397 1506.672885 1
0.926632 0.111551 0.888449 0.051379 0.034447 0.078720 0.105074 0.085826 0.031845 0.003692 0.004265 0.011578 0.911238 0.900870 0.810484 1640.207795 1823.204468 324.092685 1506.815945 1
0.929316 0.112936 0.887064 0.052271 0.033062 0.078251 0.104199 0.085333 0.032553 0.003724 0.004392 0.011602 0.911691 0.901570 0.811694 1640.243476 1775.929810 323.182670 1507.180719 0
0.933042 0.112817 0.887183 0.052820 0.032242 0.077932 0.103491 0.085062 0.032998 0.003804 0.004408 0.011609 0.911986 0.902262 0.812927 1640.248863 1717.116943 324.033521 1507.228748 0
0.936624 0.111225 0.888775 0.052573 0.032107 0.077566 0.102870 0.084680 0.032967 0.003811 0.004233 0.011562 0.912416 0.902819 0.813731 1640.282936 1752.599243 324.073955 1507.346181 0
0.940604 0.112992 0.887008 0.053735 0.030349 0.076898 0.102019 0.084083 0.033651 0.003867 0.004345 0.011872 0.912988 0.903408 0.815251 1640.278458 1821.968018 324.100611 1507.762564 1
0.944735 0.111416 0.888584 0.053639 0.030245 0.076667 0.101764 0.083884 0.033539 0.003907 0.004297 0.011896 0.913195 0.903599 0.815728 1640.250483 1784.190918 323.440605 1507.318054 0
0.946578 0.110859 0.889141 0.053862 0.029983 0.076643 0.101613 0.083845 0.033683 0.003939 0.004297 0.011944 0.913243 0.903687 0.815951 1640.223458 1784.193481 323.429177 1507.001187 0
0.949142 0.112172 0.887828 0.054133 0.029449 0.076429 0.101350 0.083582 0.033913 0.003979 0.004305 0.011936 0.913538 0.904076 0.816325 1640.216550 1707.035889 322.468952 1507.194614 0
0.951155 0.111631 0.888369 0.054093 0.029354 0.076309 0.101263 0.083447 0.033969 0.003979 0.004281 0.011864 0.913689 0.904212 0.816524 1640.262895 1791.010376 323.652685 1507.167804 0
0.953376 0.111830 0.888170 0.054427 0.028972 0.076222 0.101056 0.083399 0.034184 0.003994 0.004313 0.011936 0.913760 0.904331 0.817526 1640.236578 1793.677734 322.441473 1507.065408 0
0.955617 0.112299 0.887701 0.055016 0.028335 0.076182 0.100889 0.083351 0.034614 0.004082 0.004313 0.012007 0.913784 0.904435 0.817686 1640.251207 1808.001831 324.351284 1507.440840 1
0.957310 0.112936 0.887064 0.055318 0.027938 0.076078 0.100578 0.083256 0.034797 0.004090 0.004376 0.012055 0.913904 0.904697 0.817853 1640.235193 1751.051025 323.059860 1506.988765 0
0.960849 0.112984 0.887016 0.055644 0.027269 0.075752 0.100260 0.082914 0.035051 0.004130 0.004480 0.011983 0.914134 0.904944 0.818394 1640.239654 1828.122803 323.563068 1507.786305 1
0.963370 0.112100 0.887900 0.055573 0.027229 0.075688 0.100228 0.082802 0.035075 0.004082 0.004512 0.011904 0.914238 0.904968 0.818561 1640.234902 1789.185181 323.768327 1507.284035 0
0.964855 0.113350 0.886650 0.055621 0.027110 0.075625 0.100212 0.082731 0.035075 0.004106 0.004559 0.011880 0.914270 0.904984 0.818752 1640.213684 1741.600098 322.716951 1506.835721 0
0.967643 0.114130 0.885870 0.055947 0.026601 0.075450 0.099934 0.082548 0.035338 0.004225 0.004528 0.011856 0.914397 0.905230 0.819134 1640.254057 1845.129272 324.394438 1507.573376 1
0.970883 0.114527 0.885473 0.055923 0.026521 0.075370 0.099719 0.082444 0.035322 0.004233 0.004551 0.011816 0.914461 0.905358 0.819516 1640.262780 1783.310059 323.997042 1506.995386 0
0.973192 0.114106 0.885894 0.056090 0.026314 0.075291 0.099655 0.082404 0.035417 0.004257 0.004551 0.011864 0.914484 0.905358 0.819651 1640.234663 1752.989746 323.396467 1506.640776 0
0.975189 0.113135 0.886865 0.056090 0.026314 0.075267 0.099624 0.082404 0.035417 0.004257 0.004544 0.011872 0.914484 0.905373 0.819754 1640.234072 1767.977173 323.169393 1506.400707 0
0.978610 0.114368 0.885632 0.056655 0.025566 0.075028 0.099313 0.082221 0.035759 0.004273 0.004583 0.012039 0.914691 0.905604 0.820550 1640.218483 1729.999756 323.177368 1506.791454 0
0.981853 0.113915 0.886085 0.057053 0.025153 0.074972 0.099234 0.082205 0.035942 0.004376 0.004599 0.012135 0.914739 0.905724 0.820749 1640.238599 1985.573120 322.511257 1506.257711 1
0.983983 0.113684 0.886316 0.057005 0.025153 0.074925 0.099170 0.082158 0.035935 0.004368 0.004607 0.012095 0.914763 0.905747 0.821099 1640.240776 1911.521851 323.205404 1505.965546 1
0.987623 0.113883 0.886117 0.056878 0.025025 0.074670 0.099075 0.081903 0.035966 0.004384 0.004472 0.012055 0.915010 0.905867 0.821895 1640.261112 1791.489136 324.350693 1506.886242 0
0.991328 0.113437 0.886563 0.057109 0.024635 0.074527 0.098907 0.081744 0.036133 0.004345 0.004607 0.012023 0.915256 0.906034 0.822476 1640.245798 1816.496338 323.610336 1506.707224 1
0.993374 0.114122 0.885878 0.057220 0.024492 0.074463 0.098892 0.081712 0.036181 0.004368 0.004599 0.012071 0.915288 0.906074 0.822547 1640.225755 1744.265381 322.843991 1506.333844 0
0.996455 0.111933 0.888067 0.057140 0.024492 0.074391 0.098852 0.081632 0.036149 0.004368 0.004591 0.012031 0.915399 0.906201 0.822913 1640.255243 1858.737061 323.876301 1506.591807 1
1.009248 0.116867 0.883133 0.059973 0.019041 0.071622 0.095796 0.079015 0.037964 0.004965 0.004925 0.012119 0.918137 0.909233 0.829510 1640.235116 1719.061279 331.663946 1506.016633 0
1.022853 0.117559 0.882441 0.061596 0.015938 0.070222 0.094531 0.077535 0.038704 0.005371 0.005268 0.012254 0.919688 0.910657 0.833656 1640.453777 1696.732788 330.623966 1505.595276 0
1.037457 0.117511 0.882489 0.062185 0.014084 0.068997 0.092796 0.076269 0.038918 0.005554 0.005403 0.012310 0.920914 0.912344 0.838128 1640.436962 1855.678467 332.093156 1505.180657 2
1.053483 0.116891 0.883109 0.062233 0.012533 0.067819 0.091563 0.074765 0.039205 0.005594 0.005459 0.011976 0.922505 0.913776 0.841939 1640.645862 1775.174927 331.501503 1504.474891 0
1.065534 0.116915 0.883085 0.061986 0.011793 0.066896 0.090934 0.073779 0.038592 0.005753 0.005554 0.012087 0.923556 0.914580 0.844859 1640.338499 1690.934937 327.837307 1503.324148 0
1.079295 0.117106 0.882894 0.062742 0.010074 0.065909 0.089693 0.072816 0.039205 0.005809 0.005522 0.012206 0.924606 0.915917 0.848862 1640.357294 1800.922241 332.940069 1505.323707 0
1.094689 0.115427 0.884573 0.062273 0.009700 0.065288 0.089120 0.071973 0.039125 0.005761 0.005475 0.011912 0.925497 0.916513 0.851145 1640.186496 1694.040405 329.772654 1503.396264 0
1.107319 0.114615 0.885385 0.062647 0.008817 0.064509 0.088030 0.071463 0.039078 0.005825 0.005586 0.012159 0.925911 0.917214 0.854018 1640.257609 1696.867920 324.745093 1503.546662 0
1.122319 0.117281 0.882719 0.063060 0.008045 0.064079 0.087863 0.071105 0.039340 0.005849 0.005642 0.012230 0.926158 0.917357 0.855816 1640.412397 1652.970947 331.870433 1504.062878 0
1.137334 0.116517 0.883483 0.063267 0.007512 0.063832 0.087576 0.070779 0.039444 0.005880 0.005761 0.012182 0.926500 0.917699 0.857885 1640.365599 1766.643433 329.616513 1502.277601 0
1.152902 0.118403 0.881597 0.063482 0.006644 0.063084 0.086924 0.070126 0.039109 0.006024 0.005888 0.012461 0.927057 0.918184 0.860511 1640.443115 1718.417725 331.511527 1502.754752 0
1.169398 0.117281 0.882719 0.063371 0.006103 0.062567 0.086415 0.069474 0.039269 0.005992 0.005761 0.012350 0.927669 0.918614 0.862588 1640.489032 1761.044067 331.434907 1503.231134 0
1.184552 0.120575 0.879425 0.064135 0.005164 0.062297 0.086049 0.069299 0.039627 0.006246 0.005721 0.012540 0.927821 0.918861 0.863877 1640.255935 2049.518311 327.010696 1500.796223 2
1.197532 0.119524 0.880476 0.063984 0.004766 0.061509 0.085707 0.068750 0.039316 0.006215 0.005602 0.012851 0.928314 0.919259 0.865413 1640.389945 1711.208252 327.835159 1501.109541 0
1.211119 0.118084 0.881916 0.064023 0.004623 0.061334 0.085452 0.068646 0.039181 0.006207 0.005642 0.012994 0.928481 0.919450 0.866797 1640.314455 1801.288452 327.080061 1501.158508 0
1.224952 0.119373 0.880627 0.063944 0.004178 0.060753 0.085062 0.068121 0.039213 0.006175 0.005578 0.012978 0.928927 0.919704 0.868166 1640.297134 1682.329956 325.246004 1499.797027 0
1.241899 0.118387 0.881613 0.063594 0.004002 0.060275 0.084744 0.067596 0.039022 0.006175 0.005546 0.012851 0.929523 0.920174 0.869678 1640.258169 1741.928223 329.267044 1501.588001 0
1.254850 0.120320 0.879680 0.063419 0.003788 0.059822 0.084529 0.067206 0.038934 0.006095 0.005467 0.012922 0.929961 0.920436 0.870760 1640.296290 1673.175781 326.791481 1499.717103 0
1.271106 0.122429 0.877571 0.063458 0.003573 0.059639 0.084298 0.067031 0.038887 0.006103 0.005451 0.013018 0.930168 0.920667 0.871508 1640.366281 1710.755371 329.349832 1499.604641 0
1.290369 0.117909 0.882091 0.063411 0.003501 0.059615 0.084163 0.066912 0.038895 0.006111 0.005411 0.012994 0.930271 0.920834 0.872908 1640.357741 1680.636963 329.796489 1501.284623 0
1.308877 0.118960 0.881040 0.063331 0.003437 0.059575 0.083996 0.066769 0.038958 0.006095 0.005419 0.012859 0.930446 0.920977 0.873839 1640.187674 1695.253540 327.342220 1501.106928 0
1.324102 0.118204 0.881796 0.062997 0.003247 0.059201 0.083542 0.066243 0.038783 0.006103 0.005403 0.012708 0.931019 0.921455 0.875566 1640.326954 1655.557129 326.814789 1499.710790 0
1.346439 0.116230 0.883770 0.062766 0.003207 0.059106 0.083447 0.065973 0.038767 0.006095 0.005339 0.012564 0.931290 0.921598 0.877118 1640.606524 1725.849121 330.633383 1500.872707 0
1.363853 0.118227 0.881773 0.062710 0.003207 0.059058 0.083272 0.065917 0.038751 0.006087 0.005331 0.012540 0.931362 0.921765 0.877834 1640.476702 1784.896973 328.745700 1500.113956 0
1.379375 0.116294 0.883706 0.062408 0.003095 0.058652 0.082977 0.065503 0.038688 0.006032 0.005284 0.012405 0.931743 0.922036 0.878892 1640.408828 1645.192139 328.332044 1500.024736 0
1.395418 0.120296 0.879704 0.062336 0.002984 0.058453 0.082914 0.065320 0.038537 0.006095 0.005292 0.012413 0.931903 0.922099 0.879560 1640.149436 1669.915527 329.824224 1499.483435 0
1.412624 0.117949 0.882051 0.062480 0.002729 0.058262 0.082794 0.065209 0.038664 0.006016 0.005315 0.012485 0.931974 0.922187 0.880412 1640.177235 1752.984131 328.012969 1499.307685 0
1.431038 0.117846 0.882154 0.062480 0.002721 0.058238 0.082715 0.065201 0.038632 0.006039 0.005323 0.012485 0.932030 0.922274 0.880842 1640.260166 1788.215454 327.557343 1499.118415 0
1.447810 0.121506 0.878494 0.062488 0.002705 0.058223 0.082715 0.065193 0.038608 0.006063 0.005323 0.012493 0.932030 0.922274 0.881025 1640.365502 1907.184204 328.637033 1499.406942 1
1.469474 0.124593 0.875407 0.062543 0.002570 0.058095 0.082508 0.065113 0.038560 0.006103 0.005331 0.012548 0.932086 0.922378 0.881263 1639.939454 1824.505737 328.033067 1498.011576 3
1.489729 0.122771 0.877229 0.062535 0.002475 0.057880 0.082412 0.065010 0.038409 0.006063 0.005395 0.012668 0.932213 0.922481 0.881677 1640.645871 1803.475464 330.092982 1496.628664 0
1.506298 0.123821 0.876179 0.062464 0.002451 0.057857 0.082373 0.064915 0.038354 0.006095 0.005395 0.012620 0.932340 0.922561 0.882250 1640.244744 1674.481934 323.621552 1495.598332 0
1.523807 0.123758 0.876242 0.062559 0.002252 0.057793 0.082333 0.064811 0.038505 0.006095 0.005355 0.012604 0.932436 0.922617 0.882584 1640.366402 1739.626587 325.925186 1494.771015 0
1.545372 0.123670 0.876330 0.062456 0.002228 0.057681 0.082182 0.064684 0.038497 0.006016 0.005371 0.012572 0.932619 0.922760 0.883133 1640.289350 1702.737427 329.377814 1496.181565 0
1.566126 0.127673 0.872327 0.062305 0.002228 0.057602 0.082046 0.064533 0.038473 0.005976 0.005379 0.012477 0.932762 0.922847 0.883523 1640.264812 1701.720337 326.602245 1494.584763 0
1.589981 0.122134 0.877866 0.062249 0.002228 0.057570 0.081887 0.064477 0.038449 0.005984 0.005371 0.012445 0.932794 0.923022 0.884160 1640.442494 1647.369507 328.709596 1495.927455 0
1.612558 0.122198 0.877802 0.062249 0.002228 0.057554 0.081792 0.064477 0.038433 0.005992 0.005371 0.012453 0.932802 0.923070 0.884645 1640.529664 1717.741943 330.227162 1497.037973 0
1.634881 0.124362 0.875638 0.062257 0.002220 0.057546 0.081744 0.064477 0.038425 0.006000 0.005379 0.012453 0.932802 0.923078 0.884908 1640.401226 1665.600464 328.167455 1495.427195 0
1.659538 0.124084 0.875916 0.062161 0.002220 0.057419 0.081688 0.064381 0.038338 0.005968 0.005395 0.012461 0.932897 0.923142 0.885847 1640.083276 1717.068726 326.313936 1495.324630 0
1.683072 0.125731 0.874269 0.062137 0.002220 0.057371 0.081625 0.064357 0.038298 0.006000 0.005387 0.012453 0.932953 0.923174 0.886101 1640.241821 1692.280762 323.983938 1494.412355 0
1.703702 0.126702 0.873298 0.062137 0.002220 0.057371 0.081625 0.064357 0.038298 0.006000 0.005387 0.012453 0.932953 0.923174 0.886237 1640.166082 1666.395020 325.409785 1492.510815 0
1.731761 0.123519 0.876481 0.062082 0.002220 0.057347 0.081553 0.064302 0.038274 0.006000 0.005395 0.012413 0.933001 0.923277 0.886563 1640.027972 1779.161377 326.075513 1494.277689 0
1.754288 0.124514 0.875486 0.062106 0.002196 0.057323 0.081537 0.064302 0.038266 0.005992 0.005387 0.012461 0.933017 0.923301 0.887072 1639.994418 1652.381470 323.243072 1493.046343 0
1.775882 0.123535 0.876465 0.062066 0.002196 0.057292 0.081489 0.064262 0.038242 0.006000 0.005379 0.012445 0.933120 0.923412 0.887128 1640.543599 1679.159180 327.867566 1492.651154 0
1.802576 0.126185 0.873815 0.062058 0.002196 0.057252 0.081378 0.064254 0.038226 0.006008 0.005379 0.012445 0.933160 0.923540 0.887382 1640.397629 1663.441162 325.880189 1491.849938 0
1.830971 0.125309 0.874691 0.062010 0.002188 0.057220 0.081346 0.064198 0.038226 0.006000 0.005371 0.012413 0.933255 0.923603 0.887526 1640.282459 1719.201294 327.161132 1491.944985 0
1.854064 0.129519 0.870481 0.062002 0.002188 0.057212 0.081290 0.064190 0.038226 0.006000 0.005371 0.012405 0.933271 0.923627 0.887685 1640.232567 1691.952393 323.210465 1489.445586 0
1.882612 0.128946 0.871054 0.061978 0.002180 0.057148 0.081219 0.064159 0.038178 0.006000 0.005411 0.012389 0.933311 0.923699 0.887939 1640.338071 1655.620117 327.142966 1489.140986 0
1.909802 0.133553 0.866447 0.062026 0.002117 0.057116 0.081139 0.064143 0.038226 0.006016 0.005403 0.012381 0.933335 0.923762 0.887947 1640.361069 1643.506592 325.287507 1487.133274 0
1.944175 0.130657 0.869343 0.062042 0.002061 0.057053 0.081083 0.064103 0.038226 0.006008 0.005403 0.012405 0.933351 0.923842 0.888067 1640.537268 1650.886841 326.658714 1488.225880 0
1.971187 0.130959 0.869041 0.061939 0.002061 0.056965 0.080948 0.063999 0.038075 0.006047 0.005355 0.012461 0.933478 0.924065 0.888274 1640.287822 1651.887207 323.586347 1486.754994 0
2.000323 0.133052 0.866948 0.061891 0.002061 0.056949 0.080932 0.063952 0.038067 0.006047 0.005339 0.012437 0.933542 0.924097 0.888337 1640.244430 1640.313110 324.405582 1486.540453 0
2.029341 0.134548 0.865452 0.061843 0.001989 0.056846 0.080892 0.063832 0.038107 0.006008 0.005339 0.012389 0.933661 0.924192 0.888552 1640.162130 1706.219238 323.121200 1485.183019 0
2.051215 0.136139 0.863861 0.061843 0.001989 0.056838 0.080892 0.063832 0.038099 0.005992 0.005363 0.012389 0.933661 0.924192 0.888624 1640.430604 1692.734741 325.399072 1484.386877 0
2.089222 0.135964 0.864036 0.061843 0.001989 0.056838 0.080892 0.063832 0.038083 0.006008 0.005363 0.012389 0.933661 0.924192 0.888695 1640.389089 1666.747437 325.817361 1484.103850 0
2.123173 0.135017 0.864983 0.061843 0.001989 0.056838 0.080892 0.063832 0.038083 0.006008 0.005363 0.012389 0.933661 0.924192 0.888743 1640.222533 1693.455200 324.224384 1482.779386 0
2.160315 0.133999 0.866001 0.061827 0.001989 0.056822 0.080853 0.063816 0.038075 0.006016 0.005363 0.012373 0.933669 0.924216 0.888743 1640.048137 1647.949585 323.991992 1483.657991 0
2.195394 0.137452 0.862548 0.061827 0.001989 0.056822 0.080845 0.063816 0.038075 0.006016 0.005363 0.012373 0.933669 0.924216 0.888791 1640.316543 1647.119141 325.454906 1481.986823 0
2.233876 0.142091 0.857909 0.061819 0.001989 0.056814 0.080821 0.063808 0.038075 0.006016 0.005363 0.012365 0.933709 0.924256 0.889029 1640.411946 1652.297241 324.643577 1479.567204 0
2.270978 0.143420 0.856580 0.061819 0.001989 0.056814 0.080821 0.063808 0.038059 0.006032 0.005363 0.012365 0.933709 0.924256 0.889069 1640.329962 1658.984375 322.185575 1477.651378 0
2.313272 0.144478 0.855522 0.061819 0.001989 0.056814 0.080821 0.063808 0.038059 0.006032 0.005363 0.012365 0.933709 0.924256 0.889077 1640.310371 1698.475220 322.911062 1477.290036 0
2.354925 0.145139 0.854861 0.061819 0.001989 0.056814 0.080821 0.063808 0.038059 0.006032 0.005363 0.012365 0.933709 0.924256 0.889093 1640.346992 1644.915894 323.301258 1475.715541 0
2.397233 0.144852 0.855148 0.061819 0.001989 0.056814 0.080821 0.063808 0.038059 0.006032 0.005363 0.012365 0.933709 0.924256 0.889117 1640.402451 1691.103394 323.768910 1474.863671 0
2.440332 0.144033 0.855967 0.061819 0.001989 0.056814 0.080813 0.063808 0.038059 0.006032 0.005363 0.012365 0.933709 0.924256 0.889157 1640.297928 1664.462769 322.501783 1473.984113 0
2.485555 0.146197 0.853803 0.061819 0.001989 0.056814 0.080813 0.063808 0.038059 0.006032 0.005363 0.012365 0.933709 0.924256 0.889165 1640.361458 1649.409668 323.396333 1473.196054 0
2.526674 0.149849 0.850151 0.061819 0.001989 0.056814 0.080813 0.063808 0.038059 0.006032 0.005363 0.012365 0.933709 0.924256 0.889165 1640.319884 1651.722168 323.125929 1471.420052 0
2.582247 0.151242 0.848758 0.061819 0.001989 0.056814 0.080813 0.063808 0.038059 0.006032 0.005363 0.012365 0.933709 0.924256 0.889189 1640.264016 1662.536621 322.774746 1469.771813 0
2.635595 0.151441 0.848559 0.061819 0.001989 0.056814 0.080813 0.063808 0.038059 0.006032 0.005363 0.012365 0.933709 0.924256 0.889189 1640.384200 1642.656738 323.755192 1468.253409 0
2.687284 0.153788 0.846212 0.061827 0.001981 0.056814 0.080813 0.063808 0.038067 0.006032 0.005363 0.012365 0.933709 0.924256 0.889189 1640.275384 1646.261597 320.705337 1465.960985 0
2.749483 0.157035 0.842965 0.061827 0.001981 0.056814 0.080813 0.063808 0.038067 0.006032 0.005363 0.012365 0.933709 0.924256 0.889197 1640.073316 1668.058838 321.759940 1464.020252 0
2.800907 0.162398 0.837602 0.061827 0.001981 0.056814 0.080813 0.063808 0.038067 0.006032 0.005363 0.012365 0.933709 0.924256 0.889197 1640.176809 1640.513184 319.905267 1461.248646 0
2.851795 0.164912 0.835088 0.061827 0.001981 0.056814 0.080813 0.063808 0.038067 0.006032 0.005363 0.012365 0.933709 0.924256 0.889197 1640.255626 1645.695068 320.474365 1458.253426 0
2.914892 0.166169 0.833831 0.061827 0.001981 0.056814 0.080813 0.063808 0.038067 0.006032 0.005363 0.012365 0.933709 0.924256 0.889197 1640.209909 1643.094116 319.860106 1455.750935 0
2.979697 0.170697 0.829303 0.061827 0.001981 0.056814 0.080813 0.063808 0.038067 0.006032 0.005363 0.012365 0.933709 0.924256 0.889197 1640.252272 1641.188110 319.899467 1452.973642 0
3.044543 0.173721 0.826279 0.061827 0.001981 0.056814 0.080813 0.063808 0.038067 0.006032 0.005363 0.012365 0.933709 0.924256 0.889197 1640.310675 1652.532104 319.441717 1450.010081 0
3.119980 0.177596 0.822404 0.061827 0.001981 0.056814 0.080813 0.063808 0.038067 0.006032 0.005363 0.012365 0.933709 0.924256 0.889197 1639.813688 1648.100830 318.764625 1446.211511 0
3.196546 0.182283 0.817717 0.061827 0.001981 0.056814 0.080813 0.063808 0.038067 0.006032 0.005363 0.012365 0.933709 0.924256 0.889197 1640.332448 1640.917358 318.067464 1442.353759 0
3.265380 0.186786 0.813214 0.061827 0.001981 0.056814 0.080813 0.063808 0.038067 0.006032 0.005363 0.012365 0.933709 0.924256 0.889197 1640.102855 1706.533081 317.254644 1439.461747 0
3.346612 0.191107 0.808893 0.061827 0.001981 0.056814 0.080813 0.063808 0.038067 0.006032 0.005363 0.012365 0.933709 0.924256 0.889197 1640.479428 1640.573608 316.988528 1434.773320 0
3.430858 0.196916 0.803084 0.061827 0.001981 0.056814 0.080813 0.063808 0.038067 0.006032 0.005363 0.012365 0.933709 0.924256 0.889197 1640.408291 1653.480957 316.278758 1430.040221 0
3.516877 0.200743 0.799257 0.061827 0.001981 0.056814 0.080813 0.063808 0.038067 0.006032 0.005363 0.012365 0.933709 0.924256 0.889197 1640.253880 1642.273682 315.356665 1425.504973 0
3.609301 0.209512 0.790488 0.061827 0.001981 0.056814 0.080813 0.063808 0.038067 0.006032 0.005363 0.012365 0.933709 0.924256 0.889197 1640.168356 1640.702393 314.119640 1420.221366 0
3.706286 0.216172 0.783828 0.061827 0.001981 0.056814 0.080813 0.063808 0.038067 0.006032 0.005363 0.012365 0.933709 0.924256 0.889197 1640.296040 1654.597168 313.882473 1414.215405 0
3.808205 0.222808 0.777192 0.061827 0.001981 0.056814 0.080813 0.063808 0.038067 0.006032 0.005363 0.012365 0.933709 0.924256 0.889197 1639.996687 1643.397461 312.999003 1408.028947 0
3.914620 0.231275 0.768725 0.061827 0.001981 0.056814 0.080813 0.063808 0.038067 0.006032 0.005363 0.012365 0.933709 0.924256 0.889197 1640.284478 1640.703247 312.052703 1401.449169 0
4.025138 0.237298 0.762702 0.061827 0.001981 0.056814 0.080813 0.063808 0.038067 0.006032 0.005363 0.012365 0.933709 0.924256 0.889197 1640.278375 1644.622925 311.102270 1394.959735 0
4.141988 0.247905 0.752095 0.061827 0.001981 0.056814 0.080813 0.063808 0.038067 0.006032 0.005363 0.012365 0.933709 0.924256 0.889197 1640.188111 1641.504272 310.089581 1387.710660 0
4.262633 0.255950 0.744050 0.061827 0.001981 0.056814 0.080813 0.063808 0.038067 0.006032 0.005363 0.012365 0.933709 0.924256 0.889197 1640.314518 1640.343872 309.004267 1380.173732 0
4.389044 0.266183 0.733817 0.061827 0.001981 0.056814 0.080813 0.063808 0.038067 0.006032 0.005363 0.012365 0.933709 0.924256 0.889197 1640.272283 1640.510742 307.886871 1372.207689 0
4.521678 0.276352 0.723648 0.061827 0.001981 0.056814 0.080813 0.063808 0.038067 0.006032 0.005363 0.012365 0.933709 0.924256 0.889197 1640.308381 1640.424683 306.745508 1363.747551 0
4.658487 0.286553 0.713447 0.061827 0.001981 0.056814 0.080813 0.063808 0.038067 0.006032 0.005363 0.012365 0.933709 0.924256 0.889197 1640.061402 1640.676514 305.082931 1355.093593 0
4.805387 0.297367 0.702633 0.061827 0.001981 0.056814 0.080813 0.063808 0.038067 0.006032 0.005363 0.012365 0.933709 0.924256 0.889197 1640.290764 1640.624634 304.284632 1345.907358 0
4.955269 0.307902 0.692098 0.061827 0.001981 0.056814 0.080813 0.063808 0.038067 0.006032 0.005363 0.012365 0.933709 0.924256 0.889197 1640.225991 1641.047485 302.975288 1336.553110 0
5.112670 0.319743 0.680257 0.061827 0.001981 0.056814 0.080813 0.063808 0.038067 0.006032 0.005363 0.012365 0.933709 0.924256 0.889197 1640.210496 1657.740845 301.670558 1326.787520 0
5.278341 0.331853 0.668147 0.061827 0.001981 0.056814 0.080813 0.063808 0.038067 0.006032 0.005363 0.012365 0.933709 0.924256 0.889197 1640.248532 1640.918701 300.298273 1316.630872 0
5.450614 0.344776 0.655224 0.061827 0.001981 0.056814 0.080813 0.063808 0.038067 0.006032 0.005363 0.012365 0.933709 0.924256 0.889197 1640.257713 1643.423096 298.880953 1306.108537 0
5.630052 0.357420 0.642580 0.061827 0.001981 0.056814 0.080813 0.063808 0.038067 0.006032 0.005363 0.012365 0.933709 0.924256 0.889197 1640.223372 1640.291870 297.432136 1295.318184 0
5.817782 0.370414 0.629586 0.061827 0.001981 0.056814 0.080813 0.063808 0.038067 0.006032 0.005363 0.012365 0.933709 0.924256 0.889197 1640.230660 1640.843628 295.950295 1284.246319 0
6.013623 0.383050 0.616950 0.061827 0.001981 0.056814 0.080813 0.063808 0.038067 0.006032 0.005363 0.012365 0.933709 0.924256 0.889197 1640.209652 1640.227539 294.440707 1272.931777 0
6.217841 0.396465 0.603535 0.061827 0.001981 0.056814 0.080813 0.063808 0.038067 0.006032 0.005363 0.012365 0.933709 0.924256 0.889197 1640.241563 1640.620728 292.907351 1261.403110 0
6.727841 0.427029 0.572971 0.061827 0.001981 0.056814 0.080813 0.063808 0.038067 0.006032 0.005363 0.012365 0.933709 0.924256 0.889197 1640.214729 1640.444580 289.731131 1234.696572 0
7.237841 0.455794 0.544206 0.061827 0.001981 0.056814 0.080813 0.063808 0.038067 0.006032 0.005363 0.012365 0.933709 0.924256 0.889197 1640.211969 1640.356567 286.265492 1208.893358 0
7.747841 0.482888 0.517112 0.061827 0.001981 0.056814 0.080813 0.063808 0.038067 0.006032 0.005363 0.012365 0.933709 0.924256 0.889197 1640.233395 1640.248047 283.005419 1184.454839 0
8.257841 0.508295 0.491705 0.061827 0.001981 0.056814 0.080813 0.063808 0.038067 0.006032 0.005363 0.012365 0.933709 0.924256 0.889197 1640.215377 1640.230347 279.938919 1161.333552 0
8.767841 0.532230 0.467770 0.061827 0.001981 0.056814 0.080813 0.063808 0.038067 0.006032 0.005363 0.012365 0.933709 0.924256 0.889197 1640.234797 1640.234985 277.048063 1139.434503 0
9.277841 0.554614 0.445386 0.061827 0.001981 0.056814 0.080813 0.063808 0.038067 0.006032 0.005363 0.012365 0.933709 0.924256 0.889197 1640.232900 1640.233154 274.315523 1118.655595 0
9.787841 0.575852 0.424148 0.061827 0.001981 0.056814 0.080813 0.063808 0.038067 0.006032 0.005363 0.012365 0.933709 0.924256 0.889197 1640.234222 1640.234497 271.724209 1098.887908 0
10.297841 0.596278 0.403722 0.061827 0.001981 0.056814 0.080813 0.063808 0.038067 0.006032 0.005363 0.012365 0.933709 0.924256 0.889197 1640.236690 1640.237183 269.259092 1080.032965 0
10.807841 0.615383 0.384617 0.061827 0.001981 0.056814 0.080813 0.063808 0.038067 0.006032 0.005363 0.012365 0.933709 0.924256 0.889197 1640.234656 1640.235352 266.907361 1062.004915 0
