0.100000 1.000000 0.000000 0.000000 1.000000 1.000000 1.000000 1.000000 0.000000 0.000000 0.000000 0.000000 0.000000 0.000000 0.000000 150.000000 150.000000 150.000000 150.000000 0
0.106367 1.000000 0.000000 0.000000 1.000000 1.000000 1.000000 1.000000 0.000000 0.000000 0.000000 0.000000 0.000000 0.000000 0.000000 176.862171 176.862534 154.857393 175.749219 0
0.110399 1.000000 0.000000 0.000000 1.000000 1.000000 1.000000 1.000000 0.000000 0.000000 0.000000 0.000000 0.000000 0.000000 0.000000 193.779955 193.780304 156.986263 191.515292 0
0.114250 1.000000 0.000000 0.000000 1.000000 1.000000 1.000000 1.000000 0.000000 0.000000 0.000000 0.000000 0.000000 0.000000 0.000000 209.879701 209.879807 158.942898 206.414932 0
0.118012 1.000000 0.000000 0.000000 1.000000 1.000000 1.000000 1.000000 0.000000 0.000000 0.000000 0.000000 0.000000 0.000000 0.000000 225.549248 225.549332 160.817315 220.855880 0
0.121714 1.000000 0.000000 0.000000 1.000000 1.000000 1.000000 1.000000 0.000000 0.000000 0.000000 0.000000 0.000000 0.000000 0.000000 240.911297 240.911301 162.638255 234.969966 0
0.125369 1.000000 0.000000 0.000000 1.000000 1.000000 1.000000 1.000000 0.000000 0.000000 0.000000 0.000000 0.000000 0.000000 0.000000 256.025188 256.025177 164.418999 248.821440 0
0.128986 1.000000 0.000000 0.000000 1.000000 1.000000 1.000000 1.000000 0.000000 0.000000 0.000000 0.000000 0.000000 0.000000 0.000000 270.926691 270.926697 166.166974 262.449025 0
0.132569 1.000000 0.000000 0.896382 0.103618 1.000000 1.000000 1.000000 0.896382 0.000000 0.000000 0.000000 0.000000 0.000000 0.000000 285.640191 285.640198 167.886887 275.878967 0
0.136123 1.000000 0.000000 0.907968 0.092032 1.000000 1.000000 1.000000 0.907968 0.000000 0.000000 0.000000 0.000000 0.000000 0.000000 300.183520 300.183533 169.581983 289.130466 0
0.139651 1.000000 0.000000 0.912312 0.087688 1.000000 1.000000 1.000000 0.912312 0.000000 0.000000 0.000000 0.000000 0.000000 0.000000 314.570628 314.570618 171.254667 302.218412 0
0.157313 1.000000 0.000000 0.920182 0.079818 1.000000 1.000000 1.000000 0.920182 0.000000 0.000000 0.000000 0.000000 0.000000 0.000000 385.864137 385.864136 179.493608 366.795596 0
0.174551 1.000000 0.000000 0.923150 0.076850 1.000000 1.000000 1.000000 0.923150 0.000000 0.000000 0.000000 0.000000 0.000000 0.000000 454.276515 454.276520 187.336813 428.376644 0
0.191471 1.000000 0.000000 0.924749 0.075251 1.000000 1.000000 1.000000 0.924749 0.000000 0.000000 0.000000 0.000000 0.000000 0.000000 520.292127 520.292114 194.857367 487.483131 0
0.208143 1.000000 0.000000 0.925784 0.074216 1.000000 1.000000 1.000000 0.925784 0.000000 0.000000 0.000000 0.000000 0.000000 0.000000 583.106271 583.106262 201.981442 543.502045 0
0.224616 1.000000 0.000000 0.926540 0.073460 1.000000 1.000000 1.000000 0.926540 0.000000 0.000000 0.000000 0.000000 0.000000 0.000000 642.893859 642.893860 208.732138 596.609926 0
0.240927 1.000000 0.000000 0.927160 0.072840 1.000000 1.000000 1.000000 0.927160 0.000000 0.000000 0.000000 0.000000 0.000000 0.000000 700.235925 700.235901 215.179749 647.341328 0
0.257107 1.000000 0.000000 0.927526 0.072474 1.000000 1.000000 1.000000 0.927526 0.000000 0.000000 0.000000 0.000000 0.000000 0.000000 755.542030 755.542053 221.366442 696.077221 0
0.273181 1.000000 0.000000 0.927980 0.072020 1.000000 1.000000 1.000000 0.096974 0.831006 0.000000 0.000000 0.000000 0.000000 0.000000 809.073554 809.073547 227.333030 743.076609 0
0.289164 1.000000 0.000000 0.928330 0.071670 1.000000 1.000000 1.000000 0.074177 0.854153 0.000000 0.000000 0.000000 0.000000 0.000000 861.025170 861.025146 233.107769 788.527935 0
0.305074 1.000000 0.000000 0.928553 0.071447 1.000000 1.000000 1.000000 0.063729 0.044695 0.820128 0.000000 0.000000 0.000000 0.000000 911.560223 911.560242 238.696383 832.584763 0
0.320832 1.000000 0.000000 0.928664 0.071336 1.000000 1.000000 1.000000 0.056870 0.029060 0.842735 0.000000 0.000000 0.000000 0.000000 960.518608 960.518616 244.090297 875.120071 0
0.336627 1.000000 0.000000 0.928887 0.071113 1.000000 1.000000 1.000000 0.052318 0.022344 0.048754 0.805471 0.000000 0.000000 0.000000 1008.555610 1008.555603 249.377590 916.729517 0
0.352183 1.000000 0.000000 0.928998 0.071002 1.000000 1.000000 1.000000 0.048865 0.018858 0.031391 0.829884 0.000000 0.000000 0.000000 1054.873108 1054.873047 254.450285 956.715759 0
0.367813 1.000000 0.000000 0.929142 0.070858 0.214589 1.000000 1.000000 0.046279 0.016288 0.024333 0.842241 0.000000 0.000000 0.000000 1100.397529 1100.397583 259.413581 995.905321 0
0.383506 1.000000 0.000000 0.929237 0.070763 0.184606 1.000000 1.000000 0.043884 0.014729 0.020458 0.850167 0.000000 0.000000 0.000000 1145.201277 1145.201294 264.295238 1034.356637 0
0.398971 1.000000 0.000000 0.929340 0.070660 0.170641 1.000000 1.000000 0.041982 0.013623 0.017585 0.856150 0.000000 0.000000 0.000000 1188.417961 1188.417969 268.991028 1071.337693 0
0.414534 1.000000 0.000000 0.203305 0.070564 0.161443 1.000000 0.273869 0.040438 0.012755 0.015954 0.134158 0.000000 0.000000 0.000000 1231.083074 1231.083130 273.598116 1107.730533 0
0.430112 1.000000 0.000000 0.142401 0.070485 0.155085 1.000000 0.212886 0.039197 0.011872 0.014562 0.076771 0.000000 0.000000 0.000000 1272.966302 1272.966309 278.115870 1143.362020 0
0.445543 1.000000 0.000000 0.123105 0.070381 0.150351 1.000000 0.193486 0.038210 0.011164 0.013400 0.060331 0.774661 0.000000 0.000000 1313.658411 1313.658447 282.442277 1177.875488 0
0.461110 1.000000 0.000000 0.111575 0.070294 0.146085 1.000000 0.181869 0.037279 0.010663 0.012461 0.051172 0.797546 0.000000 0.000000 1353.915284 1353.915283 286.800092 1211.914226 0
0.476544 1.000000 0.000000 0.103634 0.070198 0.143038 1.000000 0.173832 0.036380 0.010432 0.011641 0.045181 0.810421 0.000000 0.000000 1393.058543 1393.058594 291.002921 1244.935432 0
0.492079 0.278357 0.721643 0.097475 0.070142 0.140404 1.000000 0.167618 0.035648 0.009915 0.011299 0.040613 0.819436 0.722208 0.000000 1426.378810 1426.378784 294.630630 1273.702836 0
0.507496 0.235158 0.764842 0.092685 0.070126 0.138096 1.000000 0.162811 0.034948 0.009565 0.010806 0.037367 0.825913 0.764969 0.000000 1450.048793 1450.048828 297.289509 1294.826067 0
0.523009 0.216992 0.783008 0.089009 0.070063 0.136147 0.351165 0.159072 0.034224 0.009206 0.010623 0.034956 0.831030 0.783064 0.000000 1473.472026 1473.472046 299.916562 1315.321464 0
0.538505 0.205446 0.794554 0.085802 0.070023 0.134404 0.249831 0.155825 0.033699 0.009000 0.010137 0.032967 0.835191 0.794642 0.000000 1496.488489 1496.488647 302.304987 1335.190165 0
0.554029 0.197186 0.802814 0.083407 0.069991 0.132877 0.227503 0.153398 0.033261 0.008681 0.009811 0.031654 0.838454 0.802869 0.000000 1519.155388 1519.155518 304.781660 1354.615241 0
0.569498 0.191274 0.808726 0.081068 0.069943 0.131516 0.214843 0.151011 0.032815 0.008578 0.009636 0.030038 0.841008 0.808782 0.000000 1541.364536 1541.364624 307.145057 1373.511369 0
0.585072 0.186229 0.813771 0.079309 0.069935 0.130466 0.205899 0.149244 0.032561 0.008164 0.009421 0.029163 0.843467 0.813771 0.000000 1563.363445 1563.363525 309.648606 1392.102830 0
0.600566 0.182267 0.817733 0.077535 0.069928 0.129391 0.199375 0.147462 0.032155 0.008220 0.009143 0.028017 0.845265 0.817749 0.000000 1584.845879 1584.845947 311.767195 1410.117176 0
0.616233 0.179004 0.820996 0.076007 0.069920 0.128556 0.194186 0.145926 0.031908 0.008029 0.008840 0.027229 0.846785 0.821036 0.000000 1606.196367 1606.196411 314.190306 1427.994293 0
0.631613 0.176076 0.823924 0.074885 0.069912 0.127903 0.190017 0.144796 0.031765 0.007854 0.008777 0.026489 0.848360 0.823948 0.000000 1626.854697 1626.854736 316.210031 1445.126494 0
0.646957 0.158809 0.841191 0.068360 0.069848 0.124713 0.166519 0.138208 0.031192 0.007408 0.008100 0.021659 0.856978 0.841255 0.742984 1640.659094 1647.575439 318.542181 1463.012812 0
0.657091 0.140484 0.859516 0.053528 0.068607 0.112562 0.145417 0.122134 0.026975 0.005498 0.005841 0.015214 0.874062 0.861195 0.768303 1640.345768 1686.890991 318.678122 1476.884753 0
0.664927 0.131802 0.868198 0.047711 0.063800 0.103212 0.134468 0.111512 0.025200 0.004464 0.004838 0.013209 0.885011 0.871993 0.778815 1640.347388 1789.285034 321.115508 1487.096157 0
0.670594 0.124943 0.875057 0.045706 0.059002 0.096640 0.127999 0.104708 0.024604 0.004138 0.004305 0.012660 0.891647 0.879091 0.786159 1640.469662 1709.441162 321.964811 1493.555930 0
0.675728 0.120137 0.879863 0.045857 0.054125 0.091897 0.122683 0.099982 0.025558 0.003796 0.004018 0.012485 0.896629 0.884613 0.791626 1640.370550 1866.772461 321.772169 1498.334604 1
0.678417 0.119318 0.880682 0.046207 0.051905 0.090043 0.120352 0.098112 0.026155 0.003764 0.003835 0.012453 0.898554 0.886443 0.793957 1640.380126 1807.710205 322.115300 1500.378479 1
0.681327 0.116429 0.883571 0.046899 0.049342 0.088173 0.117583 0.096242 0.026832 0.003772 0.003987 0.012310 0.900623 0.889006 0.796384 1640.359892 1729.916504 322.389850 1502.698679 0
0.685017 0.114090 0.885910 0.047218 0.046454 0.085722 0.114352 0.093672 0.027603 0.003597 0.003947 0.012071 0.903161 0.892005 0.800450 1640.373423 1732.577759 323.605430 1505.717982 0
0.689787 0.112586 0.887414 0.047409 0.042579 0.082325 0.109554 0.089988 0.028359 0.003557 0.003780 0.011713 0.907029 0.896406 0.805249 1640.401528 1923.943970 324.584856 1508.634922 1
0.693127 0.110183 0.889817 0.047807 0.040701 0.081243 0.107716 0.088507 0.029107 0.003573 0.003756 0.011371 0.908493 0.898292 0.806808 1640.384601 1829.071777 323.866861 1509.481670 1
0.696135 0.108918 0.891082 0.049247 0.037709 0.079802 0.106021 0.086956 0.030150 0.003732 0.003907 0.011458 0.910028 0.899947 0.809975 1640.416213 1886.036011 324.717307 1510.768078 2
0.698834 0.107302 0.892698 0.049342 0.036627 0.078625 0.104645 0.085969 0.030293 0.003748 0.003772 0.011530 0.911079 0.901093 0.812044 1640.349834 1814.269897 323.124354 1511.516000 1
0.701422 0.107032 0.892968 0.049382 0.035584 0.077813 0.103777 0.084967 0.030532 0.003804 0.003740 0.011307 0.912129 0.901888 0.813110 1640.388414 1835.600220 325.113507 1512.916936 2
0.704565 0.107151 0.892849 0.049382 0.034542 0.076930 0.102775 0.083924 0.030691 0.003819 0.003708 0.011164 0.913179 0.902915 0.814033 1640.362219 1801.710571 323.843401 1513.313260 0
0.706828 0.107048 0.892952 0.050122 0.033492 0.076699 0.102170 0.083614 0.031288 0.003811 0.003891 0.011132 0.913625 0.903464 0.815179 1640.345230 1829.630127 323.526335 1513.347035 1
0.709103 0.107453 0.892547 0.051196 0.031845 0.076245 0.101128 0.083041 0.031988 0.003843 0.004209 0.011156 0.914222 0.904267 0.816389 1640.380990 1886.393921 323.713647 1514.428952 1
0.710807 0.107581 0.892419 0.051188 0.031606 0.076039 0.100984 0.082794 0.032043 0.003875 0.004201 0.011068 0.914445 0.904411 0.817001 1640.363122 1844.354248 324.125715 1513.856336 1
0.713181 0.106029 0.893971 0.050982 0.031431 0.075728 0.100602 0.082412 0.032083 0.003843 0.004154 0.010901 0.914850 0.905023 0.818107 1640.369972 1874.594971 324.553587 1514.274833 2
0.714934 0.105782 0.894218 0.051260 0.030914 0.075545 0.100403 0.082174 0.032362 0.003835 0.004241 0.010822 0.915049 0.905214 0.818434 1640.360505 1839.257446 324.508353 1514.340234 1
0.717867 0.108321 0.891679 0.052048 0.029370 0.074519 0.099544 0.081418 0.032736 0.003955 0.004154 0.011204 0.915837 0.905835 0.819651 1640.368854 1894.995972 324.657411 1515.163046 1
0.719289 0.108034 0.891966 0.052199 0.029075 0.074344 0.099011 0.081274 0.032831 0.003939 0.004162 0.011267 0.915964 0.906050 0.820288 1640.328518 1902.498657 323.496739 1514.167378 2
0.721471 0.107597 0.892403 0.052358 0.028558 0.073827 0.098589 0.080916 0.032855 0.003947 0.004122 0.011434 0.916330 0.906448 0.821433 1640.369130 1856.102539 325.325551 1514.980065 2
0.723715 0.105528 0.894472 0.052366 0.028168 0.073540 0.098040 0.080534 0.032967 0.003939 0.004098 0.011363 0.916728 0.906917 0.822165 1640.334933 1935.832153 323.803509 1514.606569 2
0.726323 0.105225 0.894775 0.052533 0.027763 0.073397 0.097929 0.080296 0.033110 0.003987 0.004122 0.011315 0.917039 0.907084 0.822667 1640.353870 2047.711792 324.161707 1514.848960 2
0.728685 0.104605 0.895395 0.052509 0.027603 0.073301 0.097626 0.080113 0.033173 0.003987 0.004146 0.011204 0.917238 0.907363 0.823216 1640.361848 2013.188843 323.796501 1514.759124 1
0.731418 0.106642 0.893358 0.053186 0.026704 0.072991 0.097284 0.079890 0.033555 0.004018 0.004297 0.011315 0.917492 0.907729 0.823876 1640.352708 1825.558105 325.021757 1515.346045 1
0.733610 0.106371 0.893629 0.053305 0.026473 0.072864 0.097053 0.079778 0.033595 0.004034 0.004289 0.011387 0.917620 0.908031 0.824163 1640.361160 1982.154297 324.237378 1515.002719 3
0.735398 0.107016 0.892984 0.053448 0.026187 0.072744 0.096942 0.079635 0.033699 0.004058 0.004289 0.011403 0.917731 0.908103 0.824433 1640.362637 1952.318726 324.734889 1515.139361 4
0.738619 0.107326 0.892674 0.054093 0.025352 0.072514 0.096616 0.079444 0.034136 0.004138 0.004353 0.011466 0.917970 0.908381 0.825253 1640.342818 2097.330566 323.742027 1515.064679 2
0.740559 0.106586 0.893414 0.054308 0.025081 0.072426 0.096385 0.079389 0.034319 0.004170 0.004361 0.011458 0.918041 0.908540 0.825515 1640.350335 2042.700806 324.511019 1514.630249 3
0.743097 0.106252 0.893748 0.054586 0.024723 0.072331 0.096218 0.079309 0.034447 0.004257 0.004392 0.011490 0.918153 0.908779 0.826224 1640.345672 2205.418457 324.539901 1514.504267 3
0.745434 0.105345 0.894655 0.054698 0.024532 0.072275 0.096115 0.079229 0.034542 0.004289 0.004408 0.011458 0.918224 0.908883 0.826399 1640.339124 2122.923096 323.782357 1514.478722 4
0.747168 0.104406 0.895594 0.054753 0.024460 0.072275 0.096067 0.079214 0.034590 0.004305 0.004416 0.011442 0.918248 0.908930 0.826614 1640.340148 2173.871826 323.928661 1514.638309 5
0.749595 0.107390 0.892610 0.054960 0.024031 0.071885 0.095892 0.078991 0.034693 0.004281 0.004400 0.011586 0.918423 0.909177 0.827003 1640.341341 2095.462402 325.170811 1515.315277 3
0.752409 0.106475 0.893525 0.055453 0.023497 0.071789 0.095701 0.078951 0.034956 0.004273 0.004544 0.011681 0.918527 0.909304 0.827728 1640.385379 2259.603760 324.887263 1515.130125 4
0.754749 0.105528 0.894472 0.055461 0.023474 0.071766 0.095653 0.078935 0.034948 0.004281 0.004528 0.011705 0.918543 0.909352 0.827990 1640.367770 2241.886230 325.174675 1514.885687 4
0.757483 0.105599 0.894401 0.055613 0.023092 0.071567 0.095406 0.078704 0.035091 0.004305 0.004583 0.011633 0.918781 0.909670 0.828627 1640.342890 2163.159668 324.415039 1515.012535 6
0.759229 0.105568 0.894432 0.056002 0.022662 0.071431 0.095231 0.078664 0.035258 0.004297 0.004687 0.011761 0.918805 0.909774 0.828889 1640.344498 2099.366455 323.849334 1514.780726 5
0.761639 0.105870 0.894130 0.056162 0.022344 0.071272 0.095096 0.078505 0.035338 0.004337 0.004727 0.011761 0.918956 0.909957 0.829502 1640.337163 2293.519043 323.852496 1515.065186 5
0.764692 0.105878 0.894122 0.056361 0.022017 0.071137 0.094961 0.078378 0.035497 0.004345 0.004719 0.011800 0.919092 0.910044 0.830027 1640.371412 2170.381836 325.226876 1515.582794 4
0.767115 0.104764 0.895236 0.056178 0.021866 0.070922 0.094865 0.078044 0.035553 0.004337 0.004623 0.011665 0.919330 0.910180 0.830258 1640.342487 2279.618164 324.731183 1514.916844 3
0.768765 0.104684 0.895316 0.056392 0.021643 0.070874 0.094841 0.078036 0.035632 0.004329 0.004687 0.011745 0.919346 0.910227 0.830393 1640.343279 2212.822754 323.707340 1514.473653 3
0.771085 0.105042 0.894958 0.056464 0.021532 0.070819 0.094674 0.077996 0.035672 0.004337 0.004711 0.011745 0.919386 0.910283 0.830624 1640.354790 2186.420654 324.838102 1514.930115 3
0.773046 0.105981 0.894019 0.056520 0.021429 0.070763 0.094603 0.077948 0.035656 0.004384 0.004679 0.011800 0.919434 0.910355 0.830783 1640.377527 2144.079834 324.690484 1514.722718 3
0.774984 0.105090 0.894910 0.056623 0.021317 0.070715 0.094587 0.077940 0.035704 0.004376 0.004671 0.011872 0.919450 0.910410 0.830910 1640.350621 2180.907227 324.497694 1514.486939 2
0.777126 0.106435 0.893565 0.056766 0.021126 0.070668 0.094404 0.077893 0.035704 0.004400 0.004727 0.011936 0.919513 0.910522 0.831149 1640.338911 2325.660156 323.787569 1514.680583 2
0.778983 0.104836 0.895164 0.056750 0.021118 0.070660 0.094356 0.077869 0.035680 0.004424 0.004735 0.011912 0.919537 0.910609 0.831205 1640.355369 2255.648926 324.412659 1514.470511 4
0.782320 0.106021 0.893979 0.057172 0.020434 0.070437 0.094030 0.077606 0.036030 0.004456 0.004623 0.012063 0.919808 0.910991 0.831985 1640.331086 2159.756836 323.914916 1515.158138 3
0.784495 0.106881 0.893119 0.057132 0.020426 0.070429 0.094014 0.077558 0.036014 0.004472 0.004615 0.012031 0.919816 0.910999 0.832080 1640.398056 2248.260010 324.999599 1514.648883 2
0.787075 0.106578 0.893422 0.057156 0.020378 0.070373 0.093982 0.077535 0.036006 0.004520 0.004615 0.012015 0.919855 0.911007 0.832168 1640.341285 2301.900635 324.161067 1514.352612 3
0.789126 0.106920 0.893080 0.057180 0.020346 0.070357 0.093942 0.077527 0.035974 0.004551 0.004639 0.012015 0.919871 0.911055 0.832303 1640.340232 2084.682861 323.978762 1514.316720 3
0.792011 0.105178 0.894822 0.057196 0.020291 0.070309 0.093831 0.077487 0.036006 0.004536 0.004639 0.012015 0.919887 0.911150 0.832422 1640.383566 2141.633301 325.243971 1514.644240 2
0.793767 0.105011 0.894989 0.057196 0.020259 0.070262 0.093711 0.077455 0.035974 0.004536 0.004671 0.012015 0.919911 0.911206 0.832542 1640.357064 2104.599854 324.245895 1514.145265 4
0.797260 0.105257 0.894743 0.057395 0.019996 0.070230 0.093608 0.077391 0.036165 0.004528 0.004671 0.012031 0.919967 0.911278 0.832828 1640.343624 2219.453613 323.943418 1514.715261 4
0.800438 0.106324 0.893676 0.057681 0.019614 0.070142 0.093544 0.077296 0.036396 0.004599 0.004671 0.012015 0.920054 0.911317 0.833011 1640.304120 2148.927490 325.635373 1514.954811 7
0.802750 0.106316 0.893684 0.057729 0.019479 0.070015 0.093306 0.077208 0.036412 0.004599 0.004695 0.012023 0.920118 0.911500 0.833560 1640.356584 2152.957764 324.117739 1514.394570 7
0.804692 0.106308 0.893692 0.057721 0.019479 0.070015 0.093290 0.077200 0.036404 0.004607 0.004695 0.012015 0.920118 0.911500 0.833600 1640.334987 1938.361816 324.060411 1513.833856 6
0.806782 0.105997 0.894003 0.057658 0.019439 0.069920 0.093250 0.077097 0.036428 0.004583 0.004695 0.011952 0.920214 0.911636 0.833791 1640.318702 1897.900879 323.496208 1514.080990 4
0.808739 0.107597 0.892403 0.057745 0.019352 0.069920 0.093250 0.077097 0.036444 0.004599 0.004727 0.011976 0.920214 0.911636 0.833894 1640.340903 1861.295166 323.562726 1514.222497 3
0.819685 0.108297 0.891703 0.058971 0.015707 0.067509 0.091316 0.074678 0.037343 0.004886 0.004806 0.011936 0.922617 0.913673 0.839425 1640.324475 2032.517944 329.204351 1513.760124 2
0.832829 0.111997 0.888003 0.061501 0.011100 0.065257 0.089725 0.072601 0.038815 0.005482 0.005021 0.012182 0.924614 0.915487 0.843976 1640.430875 1875.003906 329.759377 1511.736047 1
0.846184 0.110111 0.889889 0.061795 0.009302 0.063753 0.087903 0.071097 0.039054 0.005506 0.005164 0.012071 0.926221 0.917214 0.848392 1640.437344 1784.444336 330.511289 1512.592907 0
0.860726 0.110063 0.889937 0.062066 0.007997 0.062615 0.086956 0.070063 0.038934 0.005554 0.005268 0.012310 0.927240 0.918073 0.851599 1640.617102 1783.314941 333.381328 1512.504770 0
0.873796 0.112403 0.887597 0.062153 0.006549 0.061318 0.085993 0.068702 0.039078 0.005538 0.005204 0.012334 0.928457 0.918893 0.856341 1640.441325 2190.453857 331.012448 1513.276156 5
0.888169 0.114527 0.885473 0.062177 0.005817 0.060562 0.084990 0.067994 0.038815 0.005522 0.005315 0.012525 0.929142 0.919935 0.858458 1640.263884 1954.078003 331.114322 1511.352156 1
0.901613 0.111496 0.888504 0.062663 0.004862 0.060124 0.084433 0.067524 0.039229 0.005482 0.005347 0.012604 0.929651 0.920452 0.860344 1640.530952 1957.746216 330.717000 1510.769302 1
0.915244 0.113732 0.886268 0.062663 0.004353 0.059416 0.083964 0.067015 0.038743 0.005498 0.005443 0.012978 0.930208 0.920874 0.862301 1640.411549 1845.834351 326.604243 1510.745116 1
0.926331 0.112037 0.887963 0.062583 0.004002 0.058851 0.083479 0.066586 0.038656 0.005427 0.005451 0.013050 0.930590 0.921208 0.864776 1640.596431 2020.800415 331.479377 1510.025891 1
0.942111 0.111782 0.888218 0.062384 0.003262 0.057864 0.082762 0.065647 0.038393 0.005594 0.005451 0.012946 0.931377 0.921932 0.867203 1640.365766 1759.429443 329.122689 1509.925903 0
0.955556 0.114862 0.885138 0.062655 0.002570 0.057411 0.082563 0.065225 0.038369 0.005745 0.005514 0.013026 0.931720 0.922131 0.868269 1640.504751 1805.754639 326.504675 1510.295456 1
0.967146 0.111472 0.888528 0.062320 0.002355 0.056933 0.082094 0.064676 0.038194 0.005745 0.005459 0.012922 0.932316 0.922768 0.870585 1640.408811 1988.628052 328.510065 1509.363929 2
0.980147 0.112323 0.887677 0.062225 0.002180 0.056464 0.081951 0.064405 0.037828 0.005777 0.005467 0.013153 0.932531 0.922887 0.871412 1640.544232 1801.416382 329.793329 1508.611787 0
0.997921 0.112968 0.887032 0.062137 0.001886 0.056090 0.081259 0.064023 0.037804 0.005785 0.005443 0.013105 0.932953 0.923420 0.874221 1640.358398 1776.415039 328.867815 1509.632605 0
1.010784 0.113748 0.886252 0.062058 0.001870 0.055939 0.081075 0.063928 0.037534 0.005801 0.005475 0.013249 0.933048 0.923611 0.875216 1640.367518 1827.506226 328.292402 1508.863702 1
1.026442 0.111520 0.888480 0.061954 0.001719 0.055700 0.080797 0.063673 0.037558 0.005650 0.005514 0.013233 0.933351 0.923882 0.876728 1640.531004 1689.470337 330.182233 1508.610463 0
1.037803 0.114862 0.885138 0.061891 0.001687 0.055605 0.080781 0.063578 0.037534 0.005642 0.005522 0.013193 0.933414 0.923882 0.877102 1640.576042 1839.468750 329.671460 1507.858898 1
1.051890 0.114137 0.885863 0.061875 0.001552 0.055533 0.080511 0.063427 0.037566 0.005689 0.005506 0.013113 0.933566 0.924033 0.878001 1640.756112 1765.699951 336.910652 1509.269039 0
1.069489 0.112753 0.887247 0.061358 0.001520 0.055056 0.080081 0.062877 0.037279 0.005634 0.005427 0.013018 0.934186 0.924693 0.879401 1640.305201 1668.507202 326.328352 1508.876562 0
1.081154 0.112315 0.887685 0.061397 0.001472 0.055048 0.080025 0.062870 0.037303 0.005634 0.005443 0.013018 0.934186 0.924733 0.879990 1640.489712 1744.990356 329.862265 1508.407256 0
1.097840 0.111002 0.888998 0.061214 0.001217 0.054578 0.079858 0.062432 0.037176 0.005610 0.005419 0.013010 0.934584 0.925044 0.880897 1640.375504 1774.598511 327.683721 1509.719930 0
1.114183 0.112602 0.887398 0.061222 0.001034 0.054371 0.079739 0.062257 0.037184 0.005570 0.005475 0.012994 0.934696 0.925139 0.881773 1640.559259 1721.788940 331.119033 1508.561216 0
1.126489 0.113779 0.886221 0.061119 0.000979 0.054331 0.079611 0.062098 0.037224 0.005570 0.005475 0.012851 0.934879 0.925258 0.882369 1640.412502 1986.885254 327.149141 1507.540019 1
1.142626 0.114448 0.885552 0.061111 0.000883 0.054212 0.079540 0.061994 0.037088 0.005602 0.005498 0.012922 0.935038 0.925346 0.882680 1640.467515 1957.910278 329.582689 1507.174291 1
1.158075 0.115323 0.884677 0.061095 0.000843 0.054101 0.079428 0.061939 0.037033 0.005618 0.005514 0.012930 0.935093 0.925418 0.882990 1640.555059 1780.757690 329.663508 1506.372382 0
1.178319 0.113063 0.886937 0.061008 0.000772 0.053981 0.079341 0.061779 0.036993 0.005610 0.005522 0.012883 0.935284 0.925529 0.883746 1640.463036 1761.625977 330.105627 1507.002381 0
1.196340 0.113397 0.886603 0.060793 0.000740 0.053862 0.079206 0.061533 0.036889 0.005626 0.005498 0.012779 0.935595 0.925744 0.884772 1640.387307 1737.416504 329.010164 1507.686346 0
1.213188 0.117989 0.882011 0.060785 0.000605 0.053647 0.079038 0.061389 0.036873 0.005626 0.005482 0.012803 0.935770 0.925895 0.885457 1640.706511 1704.308594 333.544989 1505.764638 0
1.229043 0.117090 0.882910 0.060713 0.000605 0.053584 0.078895 0.061318 0.036834 0.005618 0.005451 0.012811 0.935873 0.926046 0.885624 1640.298506 1705.448486 325.690635 1504.985000 0
1.246515 0.114893 0.885107 0.060443 0.000581 0.053297 0.078760 0.061023 0.036706 0.005602 0.005355 0.012779 0.936184 0.926301 0.886165 1640.352221 1676.322021 326.581419 1505.255270 0
1.261859 0.116350 0.883650 0.060474 0.000509 0.053241 0.078736 0.060984 0.036611 0.005705 0.005339 0.012819 0.936200 0.926309 0.886324 1640.517435 1787.602539 331.268913 1505.941755 0
1.278418 0.117106 0.882894 0.060244 0.000509 0.053130 0.078553 0.060753 0.036499 0.005713 0.005331 0.012700 0.936446 0.926476 0.887621 1640.424166 1766.453369 332.205702 1505.616257 0
1.300544 0.114957 0.885043 0.060132 0.000501 0.053034 0.078497 0.060634 0.036460 0.005689 0.005284 0.012700 0.936550 0.926571 0.888560 1640.660045 1806.141724 332.001488 1505.415312 1
1.316510 0.118466 0.881534 0.060085 0.000501 0.052979 0.078458 0.060586 0.036348 0.005713 0.005307 0.012716 0.936597 0.926611 0.888719 1640.297008 1759.022705 331.718519 1504.720031 0
1.333870 0.115140 0.884860 0.059997 0.000501 0.052947 0.078322 0.060498 0.036301 0.005737 0.005292 0.012668 0.936725 0.926723 0.889189 1640.418200 1815.992310 327.976198 1504.987269 1
1.351349 0.117265 0.882735 0.060085 0.000294 0.052828 0.078290 0.060379 0.036348 0.005705 0.005284 0.012747 0.936820 0.926754 0.889292 1640.278491 1781.097290 328.021280 1503.924081 0
1.369003 0.115347 0.884653 0.059997 0.000286 0.052716 0.078235 0.060283 0.036086 0.005729 0.005339 0.012843 0.936876 0.926826 0.889873 1640.443853 1730.579102 327.199529 1503.433008 0
1.392120 0.117782 0.882218 0.060005 0.000279 0.052716 0.078227 0.060283 0.036030 0.005777 0.005331 0.012867 0.936876 0.926826 0.889952 1640.580640 1707.029907 332.517764 1504.116955 0
1.410730 0.119707 0.880293 0.060013 0.000255 0.052660 0.078219 0.060268 0.035911 0.005825 0.005395 0.012883 0.936884 0.926850 0.890207 1640.526789 1664.340454 332.189913 1503.563835 0
1.429011 0.119190 0.880810 0.060013 0.000255 0.052660 0.078187 0.060268 0.035911 0.005825 0.005395 0.012883 0.936884 0.926850 0.890470 1640.348612 1760.304565 328.898824 1501.442214 0
1.450878 0.114050 0.885950 0.059870 0.000255 0.052589 0.078123 0.060124 0.035887 0.005769 0.005363 0.012851 0.937107 0.926985 0.891146 1640.340281 1834.850098 328.757224 1503.352345 1
1.466055 0.116986 0.883014 0.059822 0.000255 0.052549 0.078123 0.060077 0.035839 0.005769 0.005363 0.012851 0.937130 0.926985 0.891385 1640.553171 1692.982178 328.032414 1501.217381 0
1.487381 0.119461 0.880539 0.059742 0.000255 0.052454 0.077932 0.059997 0.035767 0.005785 0.005355 0.012835 0.937186 0.927152 0.891655 1640.321397 1740.749390 325.491569 1501.100950 0
1.508071 0.117400 0.882600 0.059703 0.000255 0.052398 0.077885 0.059957 0.035720 0.005801 0.005347 0.012835 0.937258 0.927224 0.891982 1640.465371 1776.557007 328.268358 1501.753855 0
1.527778 0.118840 0.881160 0.059703 0.000255 0.052398 0.077861 0.059957 0.035720 0.005801 0.005347 0.012835 0.937258 0.927224 0.892101 1640.567479 1863.510986 328.457888 1500.889063 1
1.550378 0.116843 0.883157 0.059639 0.000247 0.052310 0.077829 0.059886 0.035616 0.005793 0.005371 0.012859 0.937314 0.927248 0.892427 1640.483137 1732.319336 329.445632 1501.776082 0
1.567179 0.122373 0.877627 0.059639 0.000247 0.052310 0.077829 0.059886 0.035584 0.005777 0.005395 0.012883 0.937314 0.927248 0.892483 1640.441647 1711.892456 327.278044 1499.834849 0
1.589764 0.121259 0.878741 0.059639 0.000247 0.052310 0.077829 0.059886 0.035584 0.005777 0.005395 0.012883 0.937314 0.927248 0.892539 1640.369463 1643.811768 326.051868 1499.246833 0
1.617415 0.116891 0.883109 0.059551 0.000239 0.052255 0.077694 0.059790 0.035513 0.005801 0.005371 0.012867 0.937441 0.927383 0.892825 1639.701998 1836.521118 326.850837 1500.879526 2
1.633625 0.120989 0.879011 0.059591 0.000167 0.052231 0.077646 0.059758 0.035513 0.005841 0.005355 0.012883 0.937465 0.927407 0.892905 1640.409175 1662.045166 328.341586 1499.043421 0
1.651708 0.123463 0.876537 0.059512 0.000167 0.052167 0.077638 0.059679 0.035433 0.005825 0.005379 0.012875 0.937536 0.927423 0.893040 1640.670237 1674.218750 328.847424 1498.138743 0
1.682040 0.120185 0.879815 0.059472 0.000159 0.052119 0.077487 0.059631 0.035409 0.005817 0.005355 0.012891 0.937624 0.927550 0.893119 1640.448682 1771.942017 330.386800 1500.160743 0
1.701354 0.122827 0.877173 0.059456 0.000159 0.052111 0.077439 0.059615 0.035409 0.005817 0.005355 0.012875 0.937664 0.927590 0.893239 1640.502518 1794.417847 327.761489 1497.546647 0
1.726566 0.119294 0.880706 0.059456 0.000159 0.052111 0.077439 0.059615 0.035409 0.005817 0.005355 0.012875 0.937664 0.927606 0.893684 1640.083385 1683.312134 329.018822 1498.752940 0
1.749298 0.121100 0.878900 0.059448 0.000159 0.052111 0.077431 0.059607 0.035393 0.005833 0.005355 0.012867 0.937680 0.927606 0.893836 1640.485740 1691.983643 327.166527 1497.097269 0
1.779026 0.119660 0.880340 0.059448 0.000159 0.052111 0.077367 0.059607 0.035393 0.005833 0.005355 0.012867 0.937680 0.927614 0.894042 1640.409708 1757.560791 327.152022 1498.134171 0
1.807199 0.121299 0.878701 0.059448 0.000159 0.052111 0.077367 0.059607 0.035393 0.005833 0.005355 0.012867 0.937680 0.927614 0.894066 1640.451243 1672.588989 327.134972 1497.750541 0
1.832807 0.123511 0.876489 0.059448 0.000159 0.052111 0.077367 0.059607 0.035393 0.005833 0.005355 0.012867 0.937680 0.927614 0.894138 1640.290938 1686.432617 328.698430 1497.220167 0
1.854817 0.123113 0.876887 0.059392 0.000159 0.052064 0.077344 0.059551 0.035385 0.005833 0.005315 0.012859 0.937751 0.927646 0.894241 1640.247146 1687.884644 325.506270 1495.259500 0
1.882440 0.125763 0.874237 0.059392 0.000159 0.052064 0.077312 0.059551 0.035385 0.005833 0.005315 0.012859 0.937751 0.927654 0.894584 1640.637131 1771.646240 328.378939 1494.918445 0
1.907030 0.123869 0.876131 0.059408 0.000143 0.052056 0.077312 0.059551 0.035401 0.005833 0.005284 0.012891 0.937751 0.927669 0.894679 1640.372733 1726.800049 327.015367 1494.007912 0
1.934626 0.123686 0.876314 0.059352 0.000143 0.051976 0.077137 0.059496 0.035338 0.005856 0.005268 0.012891 0.937807 0.927813 0.894775 1640.393945 1647.440308 326.428815 1494.340681 0
1.966748 0.125898 0.874102 0.059352 0.000143 0.051968 0.077137 0.059496 0.035338 0.005856 0.005268 0.012891 0.937807 0.927813 0.894806 1640.287753 1663.324585 323.752093 1493.863381 0
1.996159 0.125532 0.874468 0.059305 0.000143 0.051905 0.077121 0.059448 0.035322 0.005849 0.005244 0.012891 0.937855 0.927900 0.894846 1640.409286 1640.452759 326.727140 1494.163548 0
2.031678 0.125278 0.874722 0.059305 0.000143 0.051905 0.077121 0.059448 0.035322 0.005849 0.005236 0.012899 0.937855 0.927900 0.894846 1640.533715 1644.138428 328.088008 1493.067199 0
2.072767 0.127012 0.872988 0.059297 0.000143 0.051881 0.076898 0.059440 0.035306 0.005856 0.005228 0.012907 0.937902 0.927996 0.894918 1640.161677 1669.155884 328.099283 1492.201591 0
2.107252 0.125556 0.874444 0.059297 0.000143 0.051881 0.076898 0.059440 0.035306 0.005856 0.005228 0.012907 0.937902 0.927996 0.894926 1640.441393 1654.982422 325.892407 1491.716237 0
2.146727 0.124490 0.875510 0.059297 0.000143 0.051873 0.076898 0.059440 0.035306 0.005856 0.005228 0.012907 0.937918 0.927996 0.895069 1640.242238 1659.014160 328.453517 1491.738593 0
2.185571 0.125699 0.874301 0.059249 0.000143 0.051833 0.076802 0.059392 0.035306 0.005841 0.005204 0.012899 0.937982 0.928067 0.895260 1640.462741 1659.107056 326.230343 1490.222914 0
2.222751 0.128810 0.871190 0.059249 0.000143 0.051833 0.076802 0.059392 0.035306 0.005841 0.005204 0.012899 0.937982 0.928067 0.895284 1640.484923 1656.558105 326.737599 1489.591161 0
2.263048 0.128850 0.871150 0.059249 0.000143 0.051833 0.076802 0.059392 0.035306 0.005841 0.005204 0.012899 0.937982 0.928067 0.895292 1640.269085 1662.926758 322.221170 1488.679419 0
2.294843 0.129988 0.870012 0.059249 0.000143 0.051833 0.076802 0.059392 0.035306 0.005841 0.005204 0.012899 0.937982 0.928067 0.895308 1640.455218 1648.474854 326.086349 1487.763432 0
2.343199 0.130760 0.869240 0.059249 0.000143 0.051833 0.076802 0.059392 0.035306 0.005841 0.005204 0.012899 0.937982 0.928067 0.895339 1640.543083 1757.998291 325.785695 1486.836385 0
2.395220 0.132646 0.867354 0.059249 0.000143 0.051833 0.076802 0.059392 0.035306 0.005841 0.005204 0.012899 0.937982 0.928067 0.895355 1640.445227 1651.508057 326.455480 1485.968711 0
2.441236 0.132495 0.867505 0.059225 0.000143 0.051801 0.076739 0.059368 0.035306 0.005841 0.005196 0.012883 0.938030 0.928155 0.895427 1640.435347 1647.322998 325.406542 1484.934373 0
2.481867 0.135073 0.864927 0.059225 0.000143 0.051801 0.076739 0.059368 0.035306 0.005841 0.005196 0.012883 0.938030 0.928155 0.895427 1640.305597 1648.480225 324.361683 1482.579979 0
2.532321 0.137778 0.862222 0.059225 0.000143 0.051801 0.076739 0.059368 0.035306 0.005841 0.005196 0.012883 0.938030 0.928155 0.895427 1639.964752 1661.544067 324.829261 1481.043340 0
2.579023 0.139863 0.860137 0.059225 0.000143 0.051801 0.076739 0.059368 0.035306 0.005841 0.005196 0.012883 0.938030 0.928155 0.895435 1640.352587 1680.816528 323.275478 1480.325777 0
2.628890 0.138224 0.861776 0.059225 0.000143 0.051801 0.076739 0.059368 0.035306 0.005841 0.005196 0.012883 0.938030 0.928155 0.895443 1640.464240 1642.146240 324.232564 1478.927431 0
2.691374 0.140722 0.859278 0.059225 0.000143 0.051801 0.076739 0.059368 0.035306 0.005841 0.005196 0.012883 0.938030 0.928155 0.895499 1640.280864 1655.144897 324.364319 1477.502791 0
2.757708 0.144916 0.855084 0.059225 0.000143 0.051801 0.076739 0.059368 0.035306 0.005841 0.005196 0.012883 0.938030 0.928155 0.895499 1640.203959 1645.664551 324.264027 1475.498800 0
2.815100 0.145353 0.854647 0.059225 0.000143 0.051801 0.076739 0.059368 0.035306 0.005841 0.005196 0.012883 0.938030 0.928155 0.895515 1640.534488 1647.885254 322.978515 1472.712627 0
2.880979 0.149388 0.850612 0.059225 0.000143 0.051801 0.076739 0.059368 0.035306 0.005841 0.005196 0.012883 0.938030 0.928155 0.895515 1640.382675 1657.360962 322.801518 1470.512521 0
2.951492 0.153136 0.846864 0.059225 0.000143 0.051801 0.076739 0.059368 0.035306 0.005841 0.005196 0.012883 0.938030 0.928155 0.895515 1640.413488 1802.221802 321.945375 1467.815555 0
3.022157 0.157997 0.842003 0.059225 0.000143 0.051801 0.076739 0.059368 0.035306 0.005841 0.005196 0.012883 0.938030 0.928155 0.895515 1640.080364 1660.269897 320.593714 1464.962150 0
3.099479 0.158833 0.841167 0.059225 0.000143 0.051801 0.076739 0.059368 0.035306 0.005841 0.005196 0.012883 0.938030 0.928155 0.895515 1640.401657 1648.348511 321.470199 1462.107394 0
3.174846 0.162262 0.837738 0.059225 0.000143 0.051801 0.076739 0.059368 0.035306 0.005841 0.005196 0.012883 0.938030 0.928155 0.895515 1640.461322 1701.261475 320.629562 1458.811803 0
3.262626 0.167880 0.832120 0.059225 0.000143 0.051801 0.076739 0.059368 0.035306 0.005841 0.005196 0.012883 0.938030 0.928155 0.895515 1640.450024 1665.524414 320.378357 1455.647822 0
3.340391 0.172312 0.827688 0.059225 0.000143 0.051801 0.076739 0.059368 0.035306 0.005841 0.005196 0.012883 0.938030 0.928155 0.895515 1640.239759 1656.046997 319.279775 1451.818584 0
3.433132 0.175638 0.824362 0.059225 0.000143 0.051801 0.076739 0.059368 0.035306 0.005841 0.005196 0.012883 0.938030 0.928155 0.895515 1640.099622 1679.159180 318.968286 1447.756669 0
3.530038 0.182625 0.817375 0.059225 0.000143 0.051801 0.076739 0.059368 0.035306 0.005841 0.005196 0.012883 0.938030 0.928155 0.895515 1640.424507 1675.602417 317.993006 1443.055155 0
3.630985 0.187980 0.812020 0.059225 0.000143 0.051801 0.076739 0.059368 0.035306 0.005841 0.005196 0.012883 0.938030 0.928155 0.895515 1640.261032 1652.967285 316.840878 1438.217297 0
3.737243 0.194274 0.805726 0.059225 0.000143 0.051801 0.076739 0.059368 0.035306 0.005841 0.005196 0.012883 0.938030 0.928155 0.895515 1640.076026 1651.724121 315.946406 1433.246727 0
3.852953 0.201388 0.798612 0.059225 0.000143 0.051801 0.076739 0.059368 0.035306 0.005841 0.005196 0.012883 0.938030 0.928155 0.895515 1640.386358 1674.061035 315.957004 1427.258370 0
3.974290 0.208804 0.791196 0.059225 0.000143 0.051801 0.076739 0.059368 0.035306 0.005841 0.005196 0.012883 0.938030 0.928155 0.895515 1640.523091 1640.554932 314.961951 1421.004456 0
4.101238 0.216093 0.783907 0.059225 0.000143 0.051801 0.076739 0.059368 0.035306 0.005841 0.005196 0.012883 0.938030 0.928155 0.895515 1640.512708 1641.908936 313.872972 1413.965390 0
4.234849 0.223493 0.776507 0.059225 0.000143 0.051801 0.076739 0.059368 0.035306 0.005841 0.005196 0.012883 0.938030 0.928155 0.895515 1640.338296 1644.337402 312.883854 1407.056140 0
4.379702 0.232707 0.767293 0.059225 0.000143 0.051801 0.076739 0.059368 0.035306 0.005841 0.005196 0.012883 0.938030 0.928155 0.895515 1640.342012 1640.428101 311.777370 1399.324530 0
4.529828 0.243187 0.756813 0.059225 0.000143 0.051801 0.076739 0.059368 0.035306 0.005841 0.005196 0.012883 0.938030 0.928155 0.895515 1640.306988 1652.138550 310.327134 1391.038490 0
4.690569 0.253913 0.746087 0.059225 0.000143 0.051801 0.076739 0.059368 0.035306 0.005841 0.005196 0.012883 0.938030 0.928155 0.895515 1640.388185 1640.405762 309.360202 1382.371092 0
5.200569 0.287054 0.712946 0.059225 0.000143 0.051801 0.076739 0.059368 0.035306 0.005841 0.005196 0.012883 0.938030 0.928155 0.895515 1640.330635 1640.442383 306.696138 1356.538836 0
5.710569 0.319695 0.680305 0.059225 0.000143 0.051801 0.076739 0.059368 0.035306 0.005841 0.005196 0.012883 0.938030 0.928155 0.895515 1640.375546 1641.877441 302.712014 1329.190325 0
6.220569 0.349279 0.650721 0.059225 0.000143 0.051801 0.076739 0.059368 0.035306 0.005841 0.005196 0.012883 0.938030 0.928155 0.895515 1640.302887 1641.022339 299.021575 1303.149281 0
6.730569 0.378299 0.621701 0.059225 0.000143 0.051801 0.076739 0.059368 0.035306 0.005841 0.005196 0.012883 0.938030 0.928155 0.895515 1640.327256 1640.711426 295.588840 1278.400473 0
7.240569 0.404454 0.595546 0.059225 0.000143 0.051801 0.076739 0.059368 0.035306 0.005841 0.005196 0.012883 0.938030 0.928155 0.895515 1640.326686 1640.334229 292.391080 1255.021790 0
7.750569 0.429010 0.570990 0.059225 0.000143 0.051801 0.076739 0.059368 0.035306 0.005841 0.005196 0.012883 0.938030 0.928155 0.895515 1640.330642 1640.390503 289.405006 1232.959974 0
8.260569 0.452349 0.547651 0.059225 0.000143 0.051801 0.076739 0.059368 0.035306 0.005841 0.005196 0.012883 0.938030 0.928155 0.895515 1640.321643 1640.321289 286.606709 1212.115462 0
8.770569 0.474255 0.525745 0.059225 0.000143 0.051801 0.076739 0.059368 0.035306 0.005841 0.005196 0.012883 0.938030 0.928155 0.895515 1640.322922 1640.324829 283.975120 1192.387380 0
9.280569 0.494808 0.505192 0.059225 0.000143 0.051801 0.076739 0.059368 0.035306 0.005841 0.005196 0.012883 0.938030 0.928155 0.895515 1640.326877 1640.327148 281.491133 1173.670926 0
9.790569 0.514343 0.485657 0.059225 0.000143 0.051801 0.076739 0.059368 0.035306 0.005841 0.005196 0.012883 0.938030 0.928155 0.895515 1640.320096 1640.323853 279.138497 1155.871079 0
10.300569 0.532891 0.467109 0.059225 0.000143 0.051801 0.076739 0.059368 0.035306 0.005841 0.005196 0.012883 0.938030 0.928155 0.895515 1640.331328 1640.331665 276.902917 1138.898847 0
10.810569 0.550309 0.449691 0.059225 0.000143 0.051801 0.076739 0.059368 0.035306 0.005841 0.005196 0.012883 0.938030 0.928155 0.895515 1640.332931 1640.333252 274.771503 1122.670466 0
