2.150000 1.000000 0.000000 0.000000 1.000000 1.000000 1.000000 1.000000 0.000000 0.000000 0.000000 0.000000 0.000000 0.000000 0.000000 150.000000 150.000000 150.000000 150.000000 0
2.163420 1.000000 0.000000 0.000000 1.000000 1.000000 1.000000 1.000000 0.000000 0.000000 0.000000 0.000000 0.000000 0.000000 0.000000 157.787227 157.787262 151.542069 157.467182 0
2.179630 1.000000 0.000000 0.000000 1.000000 1.000000 1.000000 1.000000 0.000000 0.000000 0.000000 0.000000 0.000000 0.000000 0.000000 167.065587 167.065598 152.886161 166.123805 0
2.194045 1.000000 0.000000 0.000000 1.000000 1.000000 1.000000 1.000000 0.000000 0.000000 0.000000 0.000000 0.000000 0.000000 0.000000 175.192344 175.192337 153.876104 173.596344 0
2.208021 1.000000 0.000000 0.000000 1.000000 1.000000 1.000000 1.000000 0.000000 0.000000 0.000000 0.000000 0.000000 0.000000 0.000000 182.964503 182.964508 154.800337 180.699196 0
2.221739 1.000000 0.000000 0.000000 1.000000 1.000000 1.000000 1.000000 0.000000 0.000000 0.000000 0.000000 0.000000 0.000000 0.000000 190.491301 190.491302 155.685215 187.547063 0
2.235272 1.000000 0.000000 0.000000 1.000000 1.000000 1.000000 1.000000 0.000000 0.000000 0.000000 0.000000 0.000000 0.000000 0.000000 197.819022 197.819016 156.540235 194.188745 0
2.248660 1.000000 0.000000 0.000000 1.000000 1.000000 1.000000 1.000000 0.000000 0.000000 0.000000 0.000000 0.000000 0.000000 0.000000 204.974893 204.974899 157.370372 200.652921 0
2.261932 1.000000 0.000000 0.000000 1.000000 1.000000 1.000000 1.000000 0.000000 0.000000 0.000000 0.000000 0.000000 0.000000 0.000000 211.977488 211.977493 158.178785 206.959121 0
2.275107 1.000000 0.000000 0.000000 1.000000 1.000000 1.000000 1.000000 0.000000 0.000000 0.000000 0.000000 0.000000 0.000000 0.000000 218.840593 218.840591 158.967715 213.121866 0
2.288200 1.000000 0.000000 0.000000 1.000000 1.000000 1.000000 1.000000 0.000000 0.000000 0.000000 0.000000 0.000000 0.000000 0.000000 225.575025 225.575027 159.738869 219.152556 0
2.354079 1.000000 0.000000 0.000000 1.000000 1.000000 1.000000 1.000000 0.000000 0.000000 0.000000 0.000000 0.000000 0.000000 0.000000 258.196250 258.196259 163.437425 248.146182 0
2.419084 1.000000 0.000000 0.851591 0.148409 1.000000 1.000000 1.000000 0.851591 0.000000 0.000000 0.000000 0.000000 0.000000 0.000000 288.411529 288.411530 166.814830 274.694263 0
2.483735 1.000000 0.000000 0.876035 0.123965 1.000000 1.000000 1.000000 0.876035 0.000000 0.000000 0.000000 0.000000 0.000000 0.000000 316.638184 316.638184 169.931301 299.235202 0
2.548353 1.000000 0.000000 0.885138 0.114862 1.000000 1.000000 1.000000 0.885138 0.000000 0.000000 0.000000 0.000000 0.000000 0.000000 343.142486 343.142487 172.824461 322.048346 0
2.613157 1.000000 0.000000 0.890151 0.109849 1.000000 1.000000 1.000000 0.890151 0.000000 0.000000 0.000000 0.000000 0.000000 0.000000 368.112949 368.112946 175.520562 343.331013 0
2.678312 1.000000 0.000000 0.893231 0.106769 1.000000 1.000000 1.000000 0.893231 0.000000 0.000000 0.000000 0.000000 0.000000 0.000000 391.691862 391.691864 178.039223 363.231885 0
2.743948 1.000000 0.000000 0.895260 0.104740 1.000000 1.000000 1.000000 0.895260 0.000000 0.000000 0.000000 0.000000 0.000000 0.000000 413.991511 413.991516 180.395816 381.868154 0
2.810174 1.000000 0.000000 0.896780 0.103220 1.000000 1.000000 1.000000 0.896780 0.000000 0.000000 0.000000 0.000000 0.000000 0.000000 435.103902 435.103912 182.602839 399.335552 0
2.877082 1.000000 0.000000 0.897663 0.102337 1.000000 1.000000 1.000000 0.897663 0.000000 0.000000 0.000000 0.000000 0.000000 0.000000 455.106273 455.106262 184.670732 415.714300 0
2.944754 1.000000 0.000000 0.898276 0.101724 1.000000 1.000000 1.000000 0.898276 0.000000 0.000000 0.000000 0.000000 0.000000 0.000000 474.065027 474.065033 186.608411 431.073184 0
3.013265 1.000000 0.000000 0.898753 0.101247 1.000000 1.000000 1.000000 0.898753 0.000000 0.000000 0.000000 0.000000 0.000000 0.000000 492.037818 492.037811 188.423617 445.471962 0
3.082684 1.000000 0.000000 0.899008 0.100992 1.000000 1.000000 1.000000 0.899008 0.000000 0.000000 0.000000 0.000000 0.000000 0.000000 509.076291 509.076294 190.123204 458.963739 0
3.153074 1.000000 0.000000 0.899095 0.100905 1.000000 1.000000 1.000000 0.899095 0.000000 0.000000 0.000000 0.000000 0.000000 0.000000 525.150488 525.150513 191.706963 471.545994 0
3.224498 1.000000 0.000000 0.899103 0.100897 1.000000 1.000000 1.000000 0.899103 0.000000 0.000000 0.000000 0.000000 0.000000 0.000000 540.271138 540.271118 193.177331 483.237233 0
3.297015 1.000000 0.000000 0.899103 0.100897 1.000000 1.000000 1.000000 0.899103 0.000000 0.000000 0.000000 0.000000 0.000000 0.000000 554.505148 554.505127 194.541700 494.095236 0
3.370683 1.000000 0.000000 0.899103 0.100897 1.000000 1.000000 1.000000 0.899103 0.000000 0.000000 0.000000 0.000000 0.000000 0.000000 567.909591 567.909607 195.806718 504.171964 0
3.445557 1.000000 0.000000 0.899103 0.100897 1.000000 1.000000 1.000000 0.899103 0.000000 0.000000 0.000000 0.000000 0.000000 0.000000 580.532351 580.532349 196.978124 513.512250 0
3.521694 1.000000 0.000000 0.899103 0.100897 1.000000 1.000000 1.000000 0.899103 0.000000 0.000000 0.000000 0.000000 0.000000 0.000000 592.418282 592.418274 198.061242 522.157752 0
3.599150 1.000000 0.000000 0.899103 0.100897 1.000000 1.000000 1.000000 0.899103 0.000000 0.000000 0.000000 0.000000 0.000000 0.000000 603.605291 603.605286 199.060724 530.144856 0
3.677978 1.000000 0.000000 0.899103 0.100897 1.000000 1.000000 1.000000 0.899103 0.000000 0.000000 0.000000 0.000000 0.000000 0.000000 614.123677 614.123657 199.980597 537.505027 0
3.758233 1.000000 0.000000 0.899103 0.100897 1.000000 1.000000 1.000000 0.899103 0.000000 0.000000 0.000000 0.000000 0.000000 0.000000 624.012506 624.012512 200.825367 544.273542 0
3.839971 1.000000 0.000000 0.899103 0.100897 1.000000 1.000000 1.000000 0.899103 0.000000 0.000000 0.000000 0.000000 0.000000 0.000000 633.304801 633.304810 201.598946 550.481022 0
3.923246 1.000000 0.000000 0.899103 0.100897 1.000000 1.000000 1.000000 0.899103 0.000000 0.000000 0.000000 0.000000 0.000000 0.000000 642.030699 642.030701 202.304883 556.155211 0
4.008111 1.000000 0.000000 0.899103 0.100897 1.000000 1.000000 1.000000 0.899103 0.000000 0.000000 0.000000 0.000000 0.000000 0.000000 650.203395 650.203369 202.945708 561.315851 0
4.094621 1.000000 0.000000 0.899103 0.100897 1.000000 1.000000 1.000000 0.899103 0.000000 0.000000 0.000000 0.000000 0.000000 0.000000 657.864687 657.864685 203.525627 565.995921 0
4.182830 1.000000 0.000000 0.899103 0.100897 1.000000 1.000000 1.000000 0.899103 0.000000 0.000000 0.000000 0.000000 0.000000 0.000000 665.032627 665.032654 204.047158 570.215077 0
4.272791 1.000000 0.000000 0.899103 0.100897 1.000000 1.000000 1.000000 0.899103 0.000000 0.000000 0.000000 0.000000 0.000000 0.000000 671.730103 671.730103 204.513278 573.996606 0
4.364556 1.000000 0.000000 0.899103 0.100897 1.000000 1.000000 1.000000 0.899103 0.000000 0.000000 0.000000 0.000000 0.000000 0.000000 677.982411 677.982422 204.926800 577.362542 0
4.458178 1.000000 0.000000 0.899103 0.100897 1.000000 1.000000 1.000000 0.899103 0.000000 0.000000 0.000000 0.000000 0.000000 0.000000 683.807202 683.807251 205.290290 580.332970 0
4.553707 1.000000 0.000000 0.899103 0.100897 1.000000 1.000000 1.000000 0.899103 0.000000 0.000000 0.000000 0.000000 0.000000 0.000000 689.227088 689.227173 205.606276 582.927663 0
4.651195 1.000000 0.000000 0.899103 0.100897 1.000000 1.000000 1.000000 0.899103 0.000000 0.000000 0.000000 0.000000 0.000000 0.000000 694.266321 694.266296 205.877565 585.168675 0
4.750690 1.000000 0.000000 0.899103 0.100897 1.000000 1.000000 1.000000 0.899103 0.000000 0.000000 0.000000 0.000000 0.000000 0.000000 698.934011 698.934082 206.105926 587.069924 0
4.852241 1.000000 0.000000 0.899103 0.100897 1.000000 1.000000 1.000000 0.899103 0.000000 0.000000 0.000000 0.000000 0.000000 0.000000 703.260372 703.260437 206.294287 588.654365 0
4.955893 1.000000 0.000000 0.899103 0.100897 1.000000 1.000000 1.000000 0.899103 0.000000 0.000000 0.000000 0.000000 0.000000 0.000000 707.261176 707.261169 206.444800 589.938824 0
5.061693 1.000000 0.000000 0.899103 0.100897 1.000000 1.000000 1.000000 0.899103 0.000000 0.000000 0.000000 0.000000 0.000000 0.000000 710.946317 710.946289 206.559268 590.937401 0
5.169681 1.000000 0.000000 0.899103 0.100897 1.000000 1.000000 1.000000 0.899103 0.000000 0.000000 0.000000 0.000000 0.000000 0.000000 714.342292 714.342285 206.640244 591.670113 0
5.279901 1.000000 0.000000 0.899103 0.100897 1.000000 1.000000 1.000000 0.899103 0.000000 0.000000 0.000000 0.000000 0.000000 0.000000 717.465207 717.465210 206.689793 592.153161 0
5.392389 1.000000 0.000000 0.899103 0.100897 1.000000 1.000000 1.000000 0.899103 0.000000 0.000000 0.000000 0.000000 0.000000 0.000000 720.328215 720.328186 206.709797 592.401265 0
5.507182 1.000000 0.000000 0.899103 0.100897 1.000000 1.000000 1.000000 0.899103 0.000000 0.000000 0.000000 0.000000 0.000000 0.000000 722.945466 722.945496 206.702086 592.428758 0
5.624313 1.000000 0.000000 0.899103 0.100897 1.000000 1.000000 1.000000 0.899103 0.000000 0.000000 0.000000 0.000000 0.000000 0.000000 725.337180 725.337158 206.668773 592.252165 0
5.743812 1.000000 0.000000 0.899103 0.100897 1.000000 1.000000 1.000000 0.899103 0.000000 0.000000 0.000000 0.000000 0.000000 0.000000 727.517934 727.517944 206.611667 591.885858 0
5.865707 1.000000 0.000000 0.899103 0.100897 1.000000 1.000000 1.000000 0.899103 0.000000 0.000000 0.000000 0.000000 0.000000 0.000000 729.501882 729.501892 206.532526 591.343635 0
5.990022 1.000000 0.000000 0.899103 0.100897 1.000000 1.000000 1.000000 0.899103 0.000000 0.000000 0.000000 0.000000 0.000000 0.000000 731.302928 731.302917 206.433043 590.638814 0
6.116732 1.000000 0.000000 0.899103 0.100897 1.000000 1.000000 1.000000 0.899103 0.000000 0.000000 0.000000 0.000000 0.000000 0.000000 732.931375 732.931396 206.313968 589.783731 0
6.244232 1.000000 0.000000 0.899103 0.100897 1.000000 1.000000 1.000000 0.899103 0.000000 0.000000 0.000000 0.000000 0.000000 0.000000 734.383649 734.383667 206.173730 588.801037 0
6.371732 1.000000 0.000000 0.899103 0.100897 1.000000 1.000000 1.000000 0.899103 0.000000 0.000000 0.000000 0.000000 0.000000 0.000000 735.672989 735.672974 206.021227 587.716004 0
6.499232 1.000000 0.000000 0.899103 0.100897 1.000000 1.000000 1.000000 0.899103 0.000000 0.000000 0.000000 0.000000 0.000000 0.000000 736.816988 736.817017 205.858611 586.544509 0
6.626732 1.000000 0.000000 0.899103 0.100897 1.000000 1.000000 1.000000 0.899103 0.000000 0.000000 0.000000 0.000000 0.000000 0.000000 737.833121 737.833130 205.687574 585.300253 0
6.754232 1.000000 0.000000 0.899103 0.100897 1.000000 1.000000 1.000000 0.899103 0.000000 0.000000 0.000000 0.000000 0.000000 0.000000 738.736144 738.736206 205.509574 583.995119 0
6.881732 1.000000 0.000000 0.899103 0.100897 1.000000 1.000000 1.000000 0.899103 0.000000 0.000000 0.000000 0.000000 0.000000 0.000000 739.539171 739.539185 205.325862 582.639402 0
7.009232 1.000000 0.000000 0.899103 0.100897 1.000000 1.000000 1.000000 0.899103 0.000000 0.000000 0.000000 0.000000 0.000000 0.000000 740.253809 740.253845 205.137531 581.242107 0
7.136732 1.000000 0.000000 0.899103 0.100897 1.000000 1.000000 1.000000 0.899103 0.000000 0.000000 0.000000 0.000000 0.000000 0.000000 740.890308 740.890320 204.945524 579.811049 0
7.264232 1.000000 0.000000 0.899103 0.100897 1.000000 1.000000 1.000000 0.899103 0.000000 0.000000 0.000000 0.000000 0.000000 0.000000 741.457821 741.457825 204.750657 578.353002 0
7.391732 1.000000 0.000000 0.899103 0.100897 1.000000 1.000000 1.000000 0.899103 0.000000 0.000000 0.000000 0.000000 0.000000 0.000000 741.964385 741.964417 204.553637 576.873864 0
7.519232 1.000000 0.000000 0.899103 0.100897 1.000000 1.000000 1.000000 0.899103 0.000000 0.000000 0.000000 0.000000 0.000000 0.000000 742.417047 742.417175 204.355076 575.378741 0
7.646732 1.000000 0.000000 0.899103 0.100897 1.000000 1.000000 1.000000 0.899103 0.000000 0.000000 0.000000 0.000000 0.000000 0.000000 742.821867 742.821960 204.155500 573.872055 0
7.774232 1.000000 0.000000 0.899103 0.100897 1.000000 1.000000 1.000000 0.899103 0.000000 0.000000 0.000000 0.000000 0.000000 0.000000 743.184470 743.184570 203.955362 572.357616 0
7.901732 1.000000 0.000000 0.899103 0.100897 1.000000 1.000000 1.000000 0.899103 0.000000 0.000000 0.000000 0.000000 0.000000 0.000000 743.509771 743.509888 203.755050 570.838713 0
8.029232 1.000000 0.000000 0.899103 0.100897 1.000000 1.000000 1.000000 0.899103 0.000000 0.000000 0.000000 0.000000 0.000000 0.000000 743.802069 743.802185 203.554893 569.318159 0
8.156732 1.000000 0.000000 0.899103 0.100897 1.000000 1.000000 1.000000 0.899103 0.000000 0.000000 0.000000 0.000000 0.000000 0.000000 744.065159 744.065247 203.355174 567.798378 0
8.284232 1.000000 0.000000 0.899103 0.100897 1.000000 1.000000 1.000000 0.899103 0.000000 0.000000 0.000000 0.000000 0.000000 0.000000 744.302598 744.302734 203.156136 566.281454 0
8.411732 1.000000 0.000000 0.899103 0.100897 1.000000 1.000000 1.000000 0.899103 0.000000 0.000000 0.000000 0.000000 0.000000 0.000000 744.517264 744.517395 202.957977 564.769129 0
8.539232 1.000000 0.000000 0.899103 0.100897 1.000000 1.000000 1.000000 0.899103 0.000000 0.000000 0.000000 0.000000 0.000000 0.000000 744.711704 744.711853 202.760870 563.262908 0
8.666732 1.000000 0.000000 0.899103 0.100897 1.000000 1.000000 1.000000 0.899103 0.000000 0.000000 0.000000 0.000000 0.000000 0.000000 744.888255 744.888367 202.564957 561.764056 0
8.794232 1.000000 0.000000 0.899103 0.100897 1.000000 1.000000 1.000000 0.899103 0.000000 0.000000 0.000000 0.000000 0.000000 0.000000 745.048913 745.049011 202.370355 560.273630 0
8.921732 1.000000 0.000000 0.899103 0.100897 1.000000 1.000000 1.000000 0.899103 0.000000 0.000000 0.000000 0.000000 0.000000 0.000000 745.195324 745.195435 202.177157 558.792481 0
9.049232 1.000000 0.000000 0.899103 0.100897 1.000000 1.000000 1.000000 0.899103 0.000000 0.000000 0.000000 0.000000 0.000000 0.000000 745.329386 745.329468 201.985442 557.321345 0
9.176732 1.000000 0.000000 0.899103 0.100897 1.000000 1.000000 1.000000 0.899103 0.000000 0.000000 0.000000 0.000000 0.000000 0.000000 745.452472 745.452576 201.795275 555.860833 0
9.304232 1.000000 0.000000 0.899103 0.100897 1.000000 1.000000 1.000000 0.899103 0.000000 0.000000 0.000000 0.000000 0.000000 0.000000 745.565859 745.565979 201.606704 554.411417 0
9.431732 1.000000 0.000000 0.899103 0.100897 1.000000 1.000000 1.000000 0.899103 0.000000 0.000000 0.000000 0.000000 0.000000 0.000000 745.670681 745.670776 201.419762 552.973456 0
9.559232 1.000000 0.000000 0.899103 0.100897 1.000000 1.000000 1.000000 0.899103 0.000000 0.000000 0.000000 0.000000 0.000000 0.000000 745.767622 745.767761 201.234477 551.547245 0
9.686732 1.000000 0.000000 0.899103 0.100897 1.000000 1.000000 1.000000 0.899103 0.000000 0.000000 0.000000 0.000000 0.000000 0.000000 745.857806 745.857971 201.050867 550.132999 0
9.814232 1.000000 0.000000 0.899103 0.100897 1.000000 1.000000 1.000000 0.899103 0.000000 0.000000 0.000000 0.000000 0.000000 0.000000 745.941839 745.942017 200.868939 548.730848 0
9.941732 1.000000 0.000000 0.899103 0.100897 1.000000 1.000000 1.000000 0.899103 0.000000 0.000000 0.000000 0.000000 0.000000 0.000000 746.020321 746.020569 200.688697 547.340892 0
10.069232 1.000000 0.000000 0.899103 0.100897 1.000000 1.000000 1.000000 0.899103 0.000000 0.000000 0.000000 0.000000 0.000000 0.000000 746.092305 746.092651 200.510138 545.963160 0
10.196732 1.000000 0.000000 0.899103 0.100897 1.000000 1.000000 1.000000 0.899103 0.000000 0.000000 0.000000 0.000000 0.000000 0.000000 746.159573 746.159973 200.333258 544.597677 0
10.324232 1.000000 0.000000 0.899103 0.100897 1.000000 1.000000 1.000000 0.899103 0.000000 0.000000 0.000000 0.000000 0.000000 0.000000 746.222914 746.223267 200.158044 543.244402 0
10.451732 1.000000 0.000000 0.899103 0.100897 1.000000 1.000000 1.000000 0.899103 0.000000 0.000000 0.000000 0.000000 0.000000 0.000000 746.282840 746.283203 199.984484 541.903281 0
10.579232 1.000000 0.000000 0.899103 0.100897 1.000000 1.000000 1.000000 0.899103 0.000000 0.000000 0.000000 0.000000 0.000000 0.000000 746.339720 746.340088 199.812560 540.574218 0
10.706732 1.000000 0.000000 0.899103 0.100897 1.000000 1.000000 1.000000 0.899103 0.000000 0.000000 0.000000 0.000000 0.000000 0.000000 746.394232 746.394958 199.642253 539.257110 0
10.834232 1.000000 0.000000 0.899103 0.100897 1.000000 1.000000 1.000000 0.899103 0.000000 0.000000 0.000000 0.000000 0.000000 0.000000 746.446837 746.447510 199.473545 537.951855 0
10.961732 1.000000 0.000000 0.899103 0.100897 1.000000 1.000000 1.000000 0.899103 0.000000 0.000000 0.000000 0.000000 0.000000 0.000000 746.497077 746.497986 199.306414 536.658304 0
