3.000000 1.000000 0.000000 0.000000 1.000000 1.000000 1.000000 1.000000 0.000000 0.000000 0.000000 0.000000 0.000000 0.000000 0.000000 150.000000 150.000000 150.000000 150.000000 0
3.013420 1.000000 0.000000 0.000000 1.000000 1.000000 1.000000 1.000000 0.000000 0.000000 0.000000 0.000000 0.000000 0.000000 0.000000 153.426474 153.426498 150.678528 153.285642 0
3.038420 1.000000 0.000000 0.000000 1.000000 1.000000 1.000000 1.000000 0.000000 0.000000 0.000000 0.000000 0.000000 0.000000 0.000000 159.703277 159.703278 151.690186 159.156150 0
3.062080 1.000000 0.000000 0.000000 1.000000 1.000000 1.000000 1.000000 0.000000 0.000000 0.000000 0.000000 0.000000 0.000000 0.000000 165.505521 165.505524 152.406407 164.476976 0
3.084765 1.000000 0.000000 0.000000 1.000000 1.000000 1.000000 1.000000 0.000000 0.000000 0.000000 0.000000 0.000000 0.000000 0.000000 170.944593 170.944595 153.051718 169.422048 0
3.106984 1.000000 0.000000 0.000000 1.000000 1.000000 1.000000 1.000000 0.000000 0.000000 0.000000 0.000000 0.000000 0.000000 0.000000 176.157444 176.157440 153.661371 174.133260 0
3.128894 1.000000 0.000000 0.000000 1.000000 1.000000 1.000000 1.000000 0.000000 0.000000 0.000000 0.000000 0.000000 0.000000 0.000000 181.189182 181.189178 154.244301 178.657795 0
3.150579 1.000000 0.000000 0.000000 1.000000 1.000000 1.000000 1.000000 0.000000 0.000000 0.000000 0.000000 0.000000 0.000000 0.000000 186.065336 186.065338 154.804961 183.022417 0
3.172093 1.000000 0.000000 0.000000 1.000000 1.000000 1.000000 1.000000 0.000000 0.000000 0.000000 0.000000 0.000000 0.000000 0.000000 190.802987 190.802994 155.346173 187.245107 0
3.193475 1.000000 0.000000 0.000000 1.000000 1.000000 1.000000 1.000000 0.000000 0.000000 0.000000 0.000000 0.000000 0.000000 0.000000 195.415217 195.415222 155.870024 191.339562 0
3.214756 1.000000 0.000000 0.000000 1.000000 1.000000 1.000000 1.000000 0.000000 0.000000 0.000000 0.000000 0.000000 0.000000 0.000000 199.912070 199.912064 156.378074 195.316358 0
3.322467 1.000000 0.000000 0.000000 1.000000 1.000000 1.000000 1.000000 0.000000 0.000000 0.000000 0.000000 0.000000 0.000000 0.000000 221.307277 221.307281 158.761997 214.036705 0
3.430032 1.000000 0.000000 0.000000 1.000000 1.000000 1.000000 1.000000 0.000000 0.000000 0.000000 0.000000 0.000000 0.000000 0.000000 240.565384 240.565384 160.863682 230.603690 0
3.538488 1.000000 0.000000 0.000000 1.000000 1.000000 1.000000 1.000000 0.000000 0.000000 0.000000 0.000000 0.000000 0.000000 0.000000 258.062267 258.062256 162.737061 245.411140 0
3.648504 1.000000 0.000000 0.677313 0.322687 1.000000 1.000000 1.000000 0.677313 0.000000 0.000000 0.000000 0.000000 0.000000 0.000000 274.036561 274.036560 164.415610 258.708384 0
3.760575 1.000000 0.000000 0.792199 0.207801 1.000000 1.000000 1.000000 0.792199 0.000000 0.000000 0.000000 0.000000 0.000000 0.000000 288.658170 288.658173 165.922772 270.672132 0
3.875111 1.000000 0.000000 0.812354 0.187646 1.000000 1.000000 1.000000 0.812354 0.000000 0.000000 0.000000 0.000000 0.000000 0.000000 302.056297 302.056305 167.276194 281.436493 0
3.992471 1.000000 0.000000 0.821815 0.178185 1.000000 1.000000 1.000000 0.821815 0.000000 0.000000 0.000000 0.000000 0.000000 0.000000 314.334811 314.334808 168.489910 291.108699 0
4.112990 1.000000 0.000000 0.826828 0.173172 1.000000 1.000000 1.000000 0.826828 0.000000 0.000000 0.000000 0.000000 0.000000 0.000000 325.580008 325.580017 169.575504 299.777650 0
4.236988 1.000000 0.000000 0.829820 0.170180 1.000000 1.000000 1.000000 0.829820 0.000000 0.000000 0.000000 0.000000 0.000000 0.000000 335.866331 335.866333 170.542853 307.519389 0
4.364129 1.000000 0.000000 0.831260 0.168740 1.000000 1.000000 1.000000 0.831260 0.000000 0.000000 0.000000 0.000000 0.000000 0.000000 345.213985 345.213989 171.391315 314.366030 0
4.491629 1.000000 0.000000 0.831595 0.168405 1.000000 1.000000 1.000000 0.831595 0.000000 0.000000 0.000000 0.000000 0.000000 0.000000 353.507531 353.507568 172.113728 320.256664 0
4.619129 1.000000 0.000000 0.831595 0.168405 1.000000 1.000000 1.000000 0.831595 0.000000 0.000000 0.000000 0.000000 0.000000 0.000000 360.844438 360.844452 172.728862 325.294275 0
4.746629 1.000000 0.000000 0.831595 0.168405 1.000000 1.000000 1.000000 0.831595 0.000000 0.000000 0.000000 0.000000 0.000000 0.000000 367.335673 367.335663 173.250428 329.585507 0
4.874129 1.000000 0.000000 0.831595 0.168405 1.000000 1.000000 1.000000 0.831595 0.000000 0.000000 0.000000 0.000000 0.000000 0.000000 373.079359 373.079346 173.690326 333.223653 0
5.001629 1.000000 0.000000 0.831595 0.168405 1.000000 1.000000 1.000000 0.831595 0.000000 0.000000 0.000000 0.000000 0.000000 0.000000 378.162047 378.162048 174.058942 336.290428 0
5.129129 1.000000 0.000000 0.831595 0.168405 1.000000 1.000000 1.000000 0.831595 0.000000 0.000000 0.000000 0.000000 0.000000 0.000000 382.660394 382.660400 174.365352 338.857461 0
5.256629 1.000000 0.000000 0.831595 0.168405 1.000000 1.000000 1.000000 0.831595 0.000000 0.000000 0.000000 0.000000 0.000000 0.000000 386.642229 386.642242 174.617498 340.987596 0
5.384129 1.000000 0.000000 0.831595 0.168405 1.000000 1.000000 1.000000 0.831595 0.000000 0.000000 0.000000 0.000000 0.000000 0.000000 390.167497 390.167511 174.822333 342.735966 0
5.511629 1.000000 0.000000 0.831595 0.168405 1.000000 1.000000 1.000000 0.831595 0.000000 0.000000 0.000000 0.000000 0.000000 0.000000 393.289018 393.289032 174.985935 344.150899 0
5.639129 1.000000 0.000000 0.831595 0.168405 1.000000 1.000000 1.000000 0.831595 0.000000 0.000000 0.000000 0.000000 0.000000 0.000000 396.053767 396.053772 175.113638 345.274851 0
5.766629 1.000000 0.000000 0.831595 0.168405 1.000000 1.000000 1.000000 0.831595 0.000000 0.000000 0.000000 0.000000 0.000000 0.000000 398.502995 398.502991 175.210105 346.145032 0
5.894129 1.000000 0.000000 0.831595 0.168405 1.000000 1.000000 1.000000 0.831595 0.000000 0.000000 0.000000 0.000000 0.000000 0.000000 400.673357 400.673370 175.279423 346.794113 0
6.021629 1.000000 0.000000 0.831595 0.168405 1.000000 1.000000 1.000000 0.831595 0.000000 0.000000 0.000000 0.000000 0.000000 0.000000 402.597154 402.597168 175.325172 347.250744 0
6.149129 1.000000 0.000000 0.831595 0.168405 1.000000 1.000000 1.000000 0.831595 0.000000 0.000000 0.000000 0.000000 0.000000 0.000000 404.302972 404.302979 175.350485 347.540059 0
6.276629 1.000000 0.000000 0.831595 0.168405 1.000000 1.000000 1.000000 0.831595 0.000000 0.000000 0.000000 0.000000 0.000000 0.000000 405.816111 405.816101 175.358106 347.684113 0
6.404129 1.000000 0.000000 0.831595 0.168405 1.000000 1.000000 1.000000 0.831595 0.000000 0.000000 0.000000 0.000000 0.000000 0.000000 407.158794 407.158783 175.350437 347.702233 0
6.531629 1.000000 0.000000 0.831595 0.168405 1.000000 1.000000 1.000000 0.831595 0.000000 0.000000 0.000000 0.000000 0.000000 0.000000 408.350993 408.350983 175.329583 347.611385 0
6.659129 1.000000 0.000000 0.831595 0.168405 1.000000 1.000000 1.000000 0.831595 0.000000 0.000000 0.000000 0.000000 0.000000 0.000000 409.410030 409.410034 175.297381 347.426412 0
6.786629 1.000000 0.000000 0.831595 0.168405 1.000000 1.000000 1.000000 0.831595 0.000000 0.000000 0.000000 0.000000 0.000000 0.000000 410.351371 410.351379 175.255439 347.160328 0
6.914129 1.000000 0.000000 0.831595 0.168405 1.000000 1.000000 1.000000 0.831595 0.000000 0.000000 0.000000 0.000000 0.000000 0.000000 411.188716 411.188721 175.205164 346.824532 0
7.041629 1.000000 0.000000 0.831595 0.168405 1.000000 1.000000 1.000000 0.831595 0.000000 0.000000 0.000000 0.000000 0.000000 0.000000 411.934120 411.934113 175.147784 346.428998 0
7.169129 1.000000 0.000000 0.831595 0.168405 1.000000 1.000000 1.000000 0.831595 0.000000 0.000000 0.000000 0.000000 0.000000 0.000000 412.598086 412.598083 175.084371 345.982452 0
7.296629 1.000000 0.000000 0.831595 0.168405 1.000000 1.000000 1.000000 0.831595 0.000000 0.000000 0.000000 0.000000 0.000000 0.000000 413.190235 413.190247 175.015862 345.492531 0
7.424129 1.000000 0.000000 0.831595 0.168405 1.000000 1.000000 1.000000 0.831595 0.000000 0.000000 0.000000 0.000000 0.000000 0.000000 413.718909 413.718903 174.943073 344.965901 0
7.551629 1.000000 0.000000 0.831595 0.168405 1.000000 1.000000 1.000000 0.831595 0.000000 0.000000 0.000000 0.000000 0.000000 0.000000 414.191353 414.191345 174.866715 344.408388 0
7.679129 1.000000 0.000000 0.831595 0.168405 1.000000 1.000000 1.000000 0.831595 0.000000 0.000000 0.000000 0.000000 0.000000 0.000000 414.614125 414.614136 174.787407 343.825073 0
7.806629 1.000000 0.000000 0.831595 0.168405 1.000000 1.000000 1.000000 0.831595 0.000000 0.000000 0.000000 0.000000 0.000000 0.000000 414.993033 414.993073 174.705688 343.220386 0
7.934129 1.000000 0.000000 0.831595 0.168405 1.000000 1.000000 1.000000 0.831595 0.000000 0.000000 0.000000 0.000000 0.000000 0.000000 415.333115 415.333160 174.622025 342.598185 0
8.061629 1.000000 0.000000 0.831595 0.168405 1.000000 1.000000 1.000000 0.831595 0.000000 0.000000 0.000000 0.000000 0.000000 0.000000 415.638909 415.638947 174.536825 341.961828 0
8.189129 1.000000 0.000000 0.831595 0.168405 1.000000 1.000000 1.000000 0.831595 0.000000 0.000000 0.000000 0.000000 0.000000 0.000000 415.914371 415.914429 174.450437 341.314229 0
8.316629 1.000000 0.000000 0.831595 0.168405 1.000000 1.000000 1.000000 0.831595 0.000000 0.000000 0.000000 0.000000 0.000000 0.000000 416.162960 416.163025 174.363167 340.657920 0
8.444129 1.000000 0.000000 0.831595 0.168405 1.000000 1.000000 1.000000 0.831595 0.000000 0.000000 0.000000 0.000000 0.000000 0.000000 416.387834 416.387909 174.275278 339.995096 0
8.571629 1.000000 0.000000 0.831595 0.168405 1.000000 1.000000 1.000000 0.831595 0.000000 0.000000 0.000000 0.000000 0.000000 0.000000 416.591732 416.591797 174.186993 339.327648 0
8.699129 1.000000 0.000000 0.831595 0.168405 1.000000 1.000000 1.000000 0.831595 0.000000 0.000000 0.000000 0.000000 0.000000 0.000000 416.777118 416.777191 174.098509 338.657215 0
8.826629 1.000000 0.000000 0.831595 0.168405 1.000000 1.000000 1.000000 0.831595 0.000000 0.000000 0.000000 0.000000 0.000000 0.000000 416.946102 416.946198 174.009991 337.985204 0
8.954129 1.000000 0.000000 0.831595 0.168405 1.000000 1.000000 1.000000 0.831595 0.000000 0.000000 0.000000 0.000000 0.000000 0.000000 417.100620 417.100708 173.921581 337.312828 0
9.081629 1.000000 0.000000 0.831595 0.168405 1.000000 1.000000 1.000000 0.831595 0.000000 0.000000 0.000000 0.000000 0.000000 0.000000 417.242292 417.242371 173.833401 336.641121 0
9.209129 1.000000 0.000000 0.831595 0.168405 1.000000 1.000000 1.000000 0.831595 0.000000 0.000000 0.000000 0.000000 0.000000 0.000000 417.372637 417.372711 173.745553 335.970970 0
9.336629 1.000000 0.000000 0.831595 0.168405 1.000000 1.000000 1.000000 0.831595 0.000000 0.000000 0.000000 0.000000 0.000000 0.000000 417.492953 417.493011 173.658123 335.303128 0
9.464129 1.000000 0.000000 0.831595 0.168405 1.000000 1.000000 1.000000 0.831595 0.000000 0.000000 0.000000 0.000000 0.000000 0.000000 417.604359 417.604431 173.571186 334.638232 0
9.591629 1.000000 0.000000 0.831595 0.168405 1.000000 1.000000 1.000000 0.831595 0.000000 0.000000 0.000000 0.000000 0.000000 0.000000 417.707928 417.707977 173.484800 333.976817 0
9.719129 1.000000 0.000000 0.831595 0.168405 1.000000 1.000000 1.000000 0.831595 0.000000 0.000000 0.000000 0.000000 0.000000 0.000000 417.804496 417.804535 173.399015 333.319331 0
9.846629 1.000000 0.000000 0.831595 0.168405 1.000000 1.000000 1.000000 0.831595 0.000000 0.000000 0.000000 0.000000 0.000000 0.000000 417.894896 417.894928 173.313873 332.666143 0
9.974129 1.000000 0.000000 0.831595 0.168405 1.000000 1.000000 1.000000 0.831595 0.000000 0.000000 0.000000 0.000000 0.000000 0.000000 417.979785 417.979828 173.229405 332.017563 0
10.101629 1.000000 0.000000 0.831595 0.168405 1.000000 1.000000 1.000000 0.831595 0.000000 0.000000 0.000000 0.000000 0.000000 0.000000 418.059810 418.059875 173.145638 331.373835 0
10.229129 1.000000 0.000000 0.831595 0.168405 1.000000 1.000000 1.000000 0.831595 0.000000 0.000000 0.000000 0.000000 0.000000 0.000000 418.135521 418.135590 173.062592 330.735156 0
10.356629 1.000000 0.000000 0.831595 0.168405 1.000000 1.000000 1.000000 0.831595 0.000000 0.000000 0.000000 0.000000 0.000000 0.000000 418.207247 418.207336 172.980281 330.101679 0
10.484129 1.000000 0.000000 0.831595 0.168405 1.000000 1.000000 1.000000 0.831595 0.000000 0.000000 0.000000 0.000000 0.000000 0.000000 418.275388 418.275574 172.898716 329.473519 0
10.611629 1.000000 0.000000 0.831595 0.168405 1.000000 1.000000 1.000000 0.831595 0.000000 0.000000 0.000000 0.000000 0.000000 0.000000 418.339664 418.339813 172.817903 328.850761 0
10.739129 1.000000 0.000000 0.831595 0.168405 1.000000 1.000000 1.000000 0.831595 0.000000 0.000000 0.000000 0.000000 0.000000 0.000000 418.401166 418.401306 172.737845 328.233463 0
10.866629 1.000000 0.000000 0.831595 0.168405 1.000000 1.000000 1.000000 0.831595 0.000000 0.000000 0.000000 0.000000 0.000000 0.000000 418.460020 418.460175 172.658544 327.621661 0
10.994129 1.000000 0.000000 0.831595 0.168405 1.000000 1.000000 1.000000 0.831595 0.000000 0.000000 0.000000 0.000000 0.000000 0.000000 418.516946 418.517120 172.579999 327.015370 0
