0.200000 1.000000 0.000000 0.000000 1.000000 1.000000 1.000000 1.000000 0.000000 0.000000 0.000000 0.000000 0.000000 0.000000 0.000000 150.000000 150.000000 150.000000 150.000000 0
0.207790 1.000000 0.000000 0.000000 1.000000 1.000000 1.000000 1.000000 0.000000 0.000000 0.000000 0.000000 0.000000 0.000000 0.000000 179.822951 179.823410 155.429183 178.670527 0
0.213035 1.000000 0.000000 0.000000 1.000000 1.000000 1.000000 1.000000 0.000000 0.000000 0.000000 0.000000 0.000000 0.000000 0.000000 199.768417 199.769669 157.950788 197.312425 0
0.218017 1.000000 0.000000 0.000000 1.000000 1.000000 1.000000 1.000000 0.000000 0.000000 0.000000 0.000000 0.000000 0.000000 0.000000 218.619527 218.619690 160.249568 214.800280 0
0.222883 1.000000 0.000000 0.000000 1.000000 1.000000 1.000000 1.000000 0.000000 0.000000 0.000000 0.000000 0.000000 0.000000 0.000000 236.944475 236.944595 162.447587 231.726816 0
0.227674 1.000000 0.000000 0.000000 1.000000 1.000000 1.000000 1.000000 0.000000 0.000000 0.000000 0.000000 0.000000 0.000000 0.000000 254.905758 254.905930 164.581279 248.266204 0
0.232411 1.000000 0.000000 0.000000 1.000000 1.000000 1.000000 1.000000 0.000000 0.000000 0.000000 0.000000 0.000000 0.000000 0.000000 272.576545 272.576569 166.667122 264.498024 0
0.237101 1.000000 0.000000 0.907180 0.092820 1.000000 1.000000 1.000000 0.907180 0.000000 0.000000 0.000000 0.000000 0.000000 0.000000 289.999119 289.999176 168.714227 280.468486 0
0.241754 1.000000 0.000000 0.914134 0.085866 1.000000 1.000000 1.000000 0.914134 0.000000 0.000000 0.000000 0.000000 0.000000 0.000000 307.201751 307.201752 170.728300 296.208368 0
0.246374 1.000000 0.000000 0.917484 0.082516 1.000000 1.000000 1.000000 0.917484 0.000000 0.000000 0.000000 0.000000 0.000000 0.000000 324.204985 324.204987 172.713234 311.739931 0
0.250964 1.000000 0.000000 0.919617 0.080383 1.000000 1.000000 1.000000 0.919617 0.000000 0.000000 0.000000 0.000000 0.000000 0.000000 341.024606 341.024597 174.671868 327.080210 0
0.274006 1.000000 0.000000 0.924908 0.075092 1.000000 1.000000 1.000000 0.924908 0.000000 0.000000 0.000000 0.000000 0.000000 0.000000 424.341480 424.341492 184.317674 402.761821 0
0.296586 1.000000 0.000000 0.927001 0.072999 1.000000 1.000000 1.000000 0.927001 0.000000 0.000000 0.000000 0.000000 0.000000 0.000000 504.207646 504.207642 193.494296 474.884393 0
0.318833 1.000000 0.000000 0.928242 0.071758 1.000000 1.000000 1.000000 0.928242 0.000000 0.000000 0.000000 0.000000 0.000000 0.000000 580.044109 580.044128 202.162383 543.068532 0
0.340830 1.000000 0.000000 0.928927 0.071073 1.000000 1.000000 1.000000 0.928927 0.000000 0.000000 0.000000 0.000000 0.000000 0.000000 651.548565 651.548584 210.297841 607.095156 0
0.362642 1.000000 0.000000 0.929340 0.070660 1.000000 1.000000 1.000000 0.929340 0.000000 0.000000 0.000000 0.000000 0.000000 0.000000 719.698259 719.698242 218.019606 667.870561 0
0.384220 1.000000 0.000000 0.929746 0.070254 1.000000 1.000000 1.000000 0.111408 0.818338 0.000000 0.000000 0.000000 0.000000 0.000000 784.789414 784.789429 225.338410 725.675407 0
0.405463 1.000000 0.000000 0.930017 0.069983 1.000000 1.000000 1.000000 0.067405 0.862612 0.000000 0.000000 0.000000 0.000000 0.000000 846.852755 846.852783 232.327676 780.593598 0
0.426991 1.000000 0.000000 0.930303 0.069697 1.000000 1.000000 1.000000 0.054793 0.041011 0.834499 0.000000 0.000000 0.000000 0.000000 907.889506 907.889526 239.157146 834.412964 0
0.448313 1.000000 0.000000 0.930526 0.069474 1.000000 1.000000 1.000000 0.048101 0.024381 0.858044 0.000000 0.000000 0.000000 0.000000 966.618609 966.618591 245.636085 886.002786 0
0.469405 1.000000 0.000000 0.930709 0.069291 1.000000 1.000000 1.000000 0.043462 0.018278 0.035855 0.833115 0.000000 0.000000 0.000000 1023.119334 1023.119324 251.982664 935.484213 0
0.490737 1.000000 0.000000 0.930828 0.069172 0.239574 1.000000 1.000000 0.040223 0.015302 0.023649 0.851655 0.000000 0.000000 0.000000 1078.696720 1078.696777 258.132698 983.993408 0
0.511655 1.000000 0.000000 0.930948 0.069052 0.172774 1.000000 1.000000 0.037940 0.013209 0.018477 0.861323 0.000000 0.000000 0.000000 1131.696475 1131.696533 263.975678 1030.089630 0
0.532839 1.000000 0.000000 0.931091 0.068909 0.155952 1.000000 1.000000 0.036022 0.012007 0.015222 0.867840 0.000000 0.000000 0.000000 1183.911213 1183.911255 269.623565 1075.370517 0
0.553678 1.000000 0.000000 0.167880 0.068814 0.146595 1.000000 0.236694 0.034447 0.010933 0.013615 0.108886 0.000000 0.000000 0.000000 1233.990121 1233.990112 275.189240 1118.666837 0
0.575044 1.000000 0.000000 0.117456 0.068734 0.140348 1.000000 0.186190 0.033245 0.009962 0.012461 0.061787 0.757426 0.000000 0.000000 1284.036327 1284.036377 280.678270 1161.819694 0
0.595936 1.000000 0.000000 0.101263 0.068630 0.135861 1.000000 0.169893 0.032378 0.009342 0.011307 0.048236 0.807803 0.000000 0.000000 1331.727387 1331.727417 285.864491 1202.774806 0
0.617198 1.000000 0.000000 0.091460 0.068575 0.132017 1.000000 0.160034 0.031463 0.008944 0.010408 0.040645 0.825054 0.000000 0.000000 1379.041143 1379.041138 290.816814 1243.291944 0
0.637800 0.273312 0.726688 0.085197 0.068511 0.129208 1.000000 0.153708 0.030842 0.008474 0.009899 0.035982 0.834961 0.728016 0.000000 1421.487545 1421.487671 295.562987 1279.825740 0
0.658900 0.212392 0.787608 0.080216 0.068463 0.127028 1.000000 0.148680 0.030213 0.008132 0.009326 0.032545 0.841621 0.787830 0.000000 1449.556785 1449.556885 298.835770 1305.136759 0
0.679991 0.194019 0.805981 0.076253 0.068408 0.125214 0.273432 0.144661 0.029609 0.007846 0.008960 0.029839 0.846546 0.806076 0.000000 1476.991585 1476.991699 301.770183 1329.285824 0
0.700961 0.183357 0.816643 0.073556 0.068344 0.123471 0.216482 0.141900 0.029235 0.007559 0.008451 0.028312 0.850302 0.816699 0.000000 1503.668974 1503.669067 304.770592 1352.523698 0
0.721632 0.176124 0.823876 0.071264 0.068296 0.122111 0.198937 0.139561 0.028924 0.007138 0.008323 0.026879 0.853509 0.823908 0.000000 1529.366120 1529.366211 307.537021 1374.686534 0
0.743062 0.170570 0.829430 0.069315 0.068233 0.121092 0.188585 0.137547 0.028534 0.007066 0.007989 0.025725 0.856031 0.829486 0.000000 1555.464774 1555.464844 310.482286 1397.087491 0
0.763960 0.166249 0.833751 0.067723 0.068217 0.120129 0.181543 0.135940 0.028200 0.007026 0.007814 0.024683 0.857790 0.833799 0.000000 1580.298528 1580.298584 313.087968 1418.216032 0
0.785480 0.162788 0.837212 0.066307 0.068209 0.119341 0.176164 0.134516 0.027882 0.006915 0.007583 0.023927 0.859485 0.837252 0.000000 1605.276948 1605.277100 315.772969 1439.393335 0
0.807131 0.160106 0.839894 0.065169 0.068185 0.118586 0.171930 0.133354 0.027635 0.006867 0.007583 0.023084 0.860853 0.839918 0.000000 1629.895319 1629.895386 318.300522 1460.107197 0
0.825568 0.137261 0.862739 0.053011 0.067580 0.110692 0.145497 0.120591 0.025574 0.005506 0.005841 0.016089 0.875725 0.862954 0.769855 1640.603517 1709.363525 319.982352 1479.522791 0
0.833542 0.130171 0.869829 0.047313 0.064946 0.103483 0.134818 0.112260 0.024134 0.004480 0.004711 0.013989 0.884446 0.872343 0.778592 1640.626457 1733.256226 320.591751 1488.274025 0
0.840678 0.121904 0.878096 0.044194 0.059273 0.095518 0.125699 0.103467 0.023887 0.003724 0.004066 0.012517 0.893072 0.881017 0.788387 1640.600960 1701.333130 321.835836 1496.265738 0
0.846751 0.117360 0.882640 0.043868 0.054204 0.090338 0.119341 0.098072 0.024739 0.003278 0.003891 0.011960 0.898618 0.886714 0.794459 1640.575030 1708.853882 323.035321 1502.031868 0
0.852625 0.112220 0.887780 0.044170 0.049279 0.085969 0.113509 0.093449 0.025678 0.003262 0.003565 0.011665 0.903647 0.892618 0.800673 1640.548354 1715.764526 322.387668 1506.692762 0
0.856141 0.111034 0.888966 0.045109 0.046788 0.084489 0.111098 0.091897 0.026625 0.003223 0.003628 0.011633 0.905453 0.894878 0.803673 1640.572889 1800.545776 323.643108 1508.952564 0
0.860098 0.110382 0.889618 0.046565 0.043136 0.082253 0.108766 0.089701 0.027946 0.003294 0.003676 0.011649 0.907601 0.897114 0.806896 1640.611298 1892.080566 324.688339 1511.492165 2
0.864152 0.109140 0.890860 0.048340 0.039762 0.080813 0.106968 0.088102 0.029529 0.003437 0.003740 0.011633 0.909137 0.898761 0.809076 1640.597381 1926.312988 325.050395 1513.082865 5
0.868052 0.106355 0.893645 0.049040 0.037152 0.079007 0.104525 0.086192 0.030452 0.003445 0.003915 0.011228 0.911325 0.901077 0.811328 1640.573679 1990.707764 325.383813 1514.798905 3
0.870610 0.106841 0.893159 0.049740 0.035831 0.078466 0.103968 0.085571 0.031081 0.003485 0.003883 0.011291 0.911851 0.901737 0.811909 1640.580398 1957.982422 324.505052 1515.015510 3
0.873877 0.106045 0.893955 0.050122 0.034216 0.077169 0.102592 0.084338 0.031542 0.003541 0.003628 0.011411 0.913052 0.902891 0.813102 1640.548852 2039.076172 324.278289 1516.074025 4
0.877313 0.105719 0.894281 0.051753 0.031884 0.076556 0.101653 0.083638 0.032760 0.003692 0.004002 0.011299 0.913713 0.903846 0.814535 1640.545820 2120.648682 324.378278 1516.836891 2
0.880712 0.103435 0.896565 0.051833 0.030189 0.075307 0.100085 0.082022 0.033189 0.003668 0.003963 0.011013 0.915415 0.905525 0.817383 1640.534534 2057.163818 324.204912 1517.825590 2
0.883854 0.104119 0.895881 0.052008 0.029577 0.074845 0.099528 0.081585 0.033372 0.003732 0.003947 0.010957 0.915734 0.905986 0.818155 1640.561402 2040.805054 324.918344 1517.965478 3
0.888127 0.103905 0.896095 0.052653 0.028272 0.073771 0.098541 0.080924 0.033746 0.003740 0.003955 0.011212 0.916450 0.906989 0.819914 1640.544445 2271.326904 325.099157 1518.719642 3
0.890324 0.103634 0.896366 0.052828 0.028009 0.073707 0.098303 0.080837 0.033699 0.003843 0.004026 0.011259 0.916537 0.907251 0.820303 1640.536153 2222.788574 324.709074 1518.257590 2
0.893880 0.102265 0.897735 0.052708 0.027460 0.073126 0.097308 0.080168 0.033722 0.003947 0.003963 0.011076 0.917293 0.908238 0.822452 1640.570956 2225.735596 325.797057 1519.590930 5
0.896287 0.103642 0.896358 0.053074 0.026832 0.072736 0.097085 0.079906 0.033858 0.003947 0.004074 0.011196 0.917548 0.908604 0.822866 1640.523982 2439.109131 324.192023 1518.989569 5
0.898590 0.103809 0.896191 0.053782 0.026020 0.072609 0.096839 0.079802 0.034240 0.004098 0.004146 0.011299 0.917675 0.908811 0.823407 1640.544634 2383.359375 324.995429 1518.966111 5
0.902139 0.103005 0.896995 0.053544 0.025702 0.072108 0.096234 0.079245 0.034120 0.004193 0.004090 0.011140 0.918073 0.909448 0.824274 1640.551562 2299.753174 325.416324 1519.438755 5
0.904859 0.103761 0.896239 0.053790 0.025304 0.071965 0.095963 0.079094 0.034248 0.004273 0.004058 0.011212 0.918232 0.909591 0.825014 1640.583243 2237.380615 325.564440 1519.180860 4
0.907530 0.103451 0.896549 0.053902 0.025033 0.071782 0.095669 0.078935 0.034264 0.004249 0.004114 0.011275 0.918447 0.909901 0.825531 1640.535857 2259.356934 324.585976 1519.307142 6
0.909868 0.104215 0.895785 0.054395 0.024444 0.071654 0.095422 0.078840 0.034447 0.004361 0.004217 0.011371 0.918535 0.910092 0.826224 1640.536085 2204.455566 324.792573 1519.300710 5
0.912646 0.103443 0.896557 0.054801 0.023848 0.071527 0.095247 0.078649 0.034781 0.004392 0.004313 0.011315 0.918741 0.910259 0.826486 1640.549230 2139.591309 325.362964 1519.022985 5
0.915314 0.103809 0.896191 0.055040 0.023418 0.071344 0.095056 0.078458 0.034940 0.004400 0.004448 0.011251 0.918917 0.910458 0.826717 1640.529230 2085.304199 324.702785 1518.899369 7
0.918013 0.104629 0.895371 0.055207 0.022893 0.071105 0.094627 0.078100 0.035107 0.004400 0.004528 0.011172 0.919298 0.910816 0.827377 1640.521401 2039.504395 324.439465 1519.024544 8
0.920673 0.104239 0.895761 0.055390 0.022559 0.071018 0.094420 0.077948 0.035234 0.004432 0.004567 0.011156 0.919426 0.911023 0.827735 1640.535478 2201.777588 325.685657 1519.463020 7
0.923731 0.103745 0.896255 0.055589 0.022240 0.070795 0.094014 0.077829 0.035362 0.004408 0.004599 0.011220 0.919609 0.911230 0.828507 1640.530002 2124.259033 324.596477 1518.892314 8
0.927058 0.103523 0.896477 0.055780 0.021978 0.070739 0.093847 0.077757 0.035489 0.004400 0.004647 0.011243 0.919680 0.911365 0.828794 1640.545427 2368.767090 325.235646 1518.993313 6
0.930226 0.104223 0.895777 0.056178 0.021484 0.070636 0.093727 0.077662 0.035656 0.004496 0.004735 0.011291 0.919784 0.911556 0.829152 1640.554693 2291.075439 325.362057 1518.930688 3
0.933441 0.102997 0.897003 0.056154 0.021325 0.070508 0.093568 0.077479 0.035624 0.004567 0.004695 0.011267 0.919935 0.911699 0.829589 1640.585612 2589.178223 325.771782 1519.096786 3
0.936075 0.104143 0.895857 0.056130 0.021277 0.070492 0.093417 0.077407 0.035537 0.004599 0.004687 0.011307 0.919983 0.911771 0.829836 1640.531570 2516.427246 324.653632 1518.993367 4
0.938782 0.103141 0.896859 0.056154 0.021158 0.070429 0.093274 0.077312 0.035505 0.004607 0.004727 0.011315 0.920126 0.911882 0.830282 1640.519316 2442.789551 324.412890 1518.842518 4
0.941685 0.101860 0.898140 0.056114 0.021142 0.070389 0.093210 0.077256 0.035521 0.004599 0.004671 0.011323 0.920158 0.911954 0.830417 1640.533236 2378.766357 325.035793 1518.928412 4
0.944636 0.101899 0.898101 0.056146 0.020967 0.070270 0.093059 0.077113 0.035584 0.004591 0.004679 0.011291 0.920373 0.912105 0.830600 1640.556021 2327.108398 325.256184 1518.822426 3
0.948175 0.104637 0.895363 0.056329 0.020577 0.069999 0.092836 0.076906 0.035648 0.004679 0.004607 0.011395 0.920619 0.912336 0.831149 1640.529268 2498.613037 324.410465 1519.354045 5
0.951027 0.104294 0.895706 0.056313 0.020569 0.069991 0.092773 0.076882 0.035624 0.004695 0.004599 0.011395 0.920627 0.912360 0.831372 1640.536904 2427.491699 324.891987 1518.894849 3
0.954099 0.103419 0.896581 0.056392 0.020458 0.069975 0.092733 0.076850 0.035664 0.004703 0.004647 0.011379 0.920667 0.912463 0.831706 1640.523905 2347.197998 324.477775 1518.837992 2
0.956553 0.103308 0.896692 0.056392 0.020450 0.069959 0.092709 0.076842 0.035640 0.004695 0.004655 0.011403 0.920699 0.912487 0.831977 1640.531062 2285.852051 324.745599 1518.617710 3
0.959840 0.102242 0.897758 0.056528 0.020251 0.069912 0.092605 0.076779 0.035752 0.004742 0.004647 0.011387 0.920779 0.912583 0.832295 1640.535563 2330.250000 324.466833 1519.280359 5
0.963231 0.103308 0.896692 0.056790 0.019917 0.069800 0.092454 0.076707 0.036006 0.004750 0.004631 0.011403 0.920858 0.912750 0.832884 1640.529078 2363.040527 325.270494 1519.412241 5
0.966132 0.103180 0.896820 0.056735 0.019893 0.069705 0.092375 0.076627 0.035950 0.004782 0.004639 0.011363 0.920898 0.912853 0.833067 1640.565302 2287.125000 325.795098 1519.103889 2
0.970097 0.102974 0.897026 0.056782 0.019654 0.069474 0.092144 0.076436 0.036038 0.004735 0.004591 0.011419 0.921129 0.913036 0.833496 1640.533095 2189.874268 324.254004 1519.657303 3
0.972187 0.102616 0.897384 0.056790 0.019591 0.069442 0.092104 0.076381 0.036046 0.004774 0.004599 0.011371 0.921192 0.913068 0.833807 1640.556188 2139.817871 324.405007 1518.850323 2
0.975057 0.102114 0.897886 0.056878 0.019495 0.069434 0.092001 0.076373 0.036094 0.004782 0.004607 0.011395 0.921232 0.913100 0.834045 1640.529940 2001.940430 324.627679 1518.969676 5
0.977797 0.102997 0.897003 0.056854 0.019495 0.069426 0.091945 0.076349 0.036094 0.004758 0.004599 0.011403 0.921256 0.913108 0.834181 1640.529270 1941.808228 324.496134 1518.950284 2
0.980295 0.102814 0.897186 0.056949 0.019384 0.069418 0.091881 0.076333 0.036189 0.004766 0.004591 0.011403 0.921296 0.913203 0.834316 1640.527649 1861.168823 324.819017 1518.731426 2
0.983771 0.103690 0.896310 0.057085 0.019161 0.069371 0.091794 0.076245 0.036301 0.004814 0.004551 0.011419 0.921399 0.913291 0.834682 1640.521341 2036.290649 324.225218 1518.956646 3
0.986463 0.104732 0.895268 0.057180 0.019041 0.069323 0.091754 0.076222 0.036348 0.004790 0.004575 0.011466 0.921431 0.913331 0.834976 1640.545262 1937.249756 324.189329 1518.877023 3
0.988694 0.103793 0.896207 0.057180 0.019041 0.069323 0.091698 0.076222 0.036348 0.004782 0.004575 0.011474 0.921431 0.913331 0.835048 1640.515610 2179.487793 324.049977 1518.548373 3
0.990915 0.104040 0.895960 0.057204 0.019018 0.069323 0.091698 0.076222 0.036309 0.004806 0.004615 0.011474 0.921431 0.913339 0.835104 1640.534198 2091.141357 324.836174 1518.443084 4
0.993318 0.103753 0.896247 0.057220 0.019002 0.069307 0.091643 0.076222 0.036309 0.004814 0.004615 0.011482 0.921439 0.913347 0.835327 1640.570002 2014.096191 324.296504 1518.079387 4
0.996972 0.105090 0.894910 0.057276 0.018858 0.069227 0.091547 0.076134 0.036324 0.004814 0.004679 0.011458 0.921534 0.913418 0.835724 1640.564481 1922.562134 324.235154 1518.909136 6
1.000270 0.104263 0.895737 0.057276 0.018851 0.069211 0.091523 0.076126 0.036285 0.004838 0.004679 0.011474 0.921558 0.913466 0.835892 1640.593362 1979.600220 326.077658 1518.433777 5
1.003247 0.105265 0.894735 0.057490 0.018604 0.069195 0.091468 0.076094 0.036316 0.004854 0.004798 0.011522 0.921614 0.913490 0.836051 1640.554190 2016.974609 324.328727 1517.992206 6
1.006411 0.104430 0.895570 0.057554 0.018532 0.069195 0.091420 0.076086 0.036356 0.004886 0.004798 0.011514 0.921630 0.913506 0.836162 1640.528185 2030.637817 325.418773 1518.091026 6
1.010040 0.105170 0.894830 0.057841 0.018198 0.069108 0.091308 0.076039 0.036603 0.004862 0.004782 0.011594 0.921710 0.913633 0.836504 1640.518829 2034.246704 324.810191 1517.783030 3
1.015316 0.102799 0.897201 0.058238 0.017561 0.068853 0.091046 0.075800 0.036921 0.004957 0.004727 0.011633 0.921916 0.913864 0.837364 1640.557546 2128.505859 326.471551 1517.912397 6
1.019348 0.103610 0.896390 0.058461 0.017259 0.068853 0.090767 0.075720 0.037168 0.004965 0.004758 0.011570 0.921972 0.914063 0.837825 1640.560497 2194.745117 325.044924 1517.553699 4
1.022929 0.103960 0.896040 0.058597 0.017044 0.068758 0.090656 0.075641 0.037311 0.004997 0.004758 0.011530 0.922076 0.914158 0.838271 1640.554195 2235.138428 324.253905 1518.138147 8
1.025343 0.104104 0.895896 0.058597 0.017044 0.068758 0.090656 0.075641 0.037311 0.004997 0.004758 0.011530 0.922076 0.914158 0.838311 1640.560832 2060.154785 324.657938 1517.593978 5
1.027542 0.103777 0.896223 0.058597 0.017044 0.068758 0.090608 0.075641 0.037311 0.004997 0.004750 0.011538 0.922076 0.914166 0.838438 1640.536948 2035.320923 324.435944 1517.439089 6
1.030769 0.103499 0.896501 0.058597 0.017012 0.068710 0.090592 0.075609 0.037271 0.005021 0.004766 0.011538 0.922107 0.914214 0.838549 1640.537472 2345.649414 324.493725 1517.679613 7
1.034296 0.103634 0.896366 0.058875 0.016718 0.068615 0.090592 0.075593 0.037494 0.005005 0.004766 0.011609 0.922147 0.914214 0.838621 1640.541405 2260.726807 325.620370 1517.937504 7
1.051226 0.108671 0.891329 0.060085 0.010830 0.063976 0.085953 0.070914 0.038314 0.005148 0.005196 0.011426 0.926937 0.918710 0.848384 1640.690269 2388.982910 330.062616 1515.994853 2
1.068892 0.107660 0.892340 0.060856 0.009071 0.062933 0.085165 0.069928 0.038322 0.005451 0.005498 0.011586 0.927940 0.919505 0.851599 1641.048948 2009.200073 335.516816 1516.616843 2
1.084489 0.107501 0.892499 0.061183 0.007337 0.061270 0.084505 0.068519 0.038155 0.005546 0.005586 0.011896 0.929094 0.920381 0.853859 1640.638070 1772.107422 329.729322 1514.958113 0
1.101574 0.107231 0.892769 0.061397 0.006191 0.060252 0.083677 0.067588 0.038282 0.005498 0.005610 0.012007 0.930001 0.921057 0.855991 1640.629990 1847.731323 333.010252 1515.432981 1
1.118016 0.102918 0.897082 0.061199 0.005347 0.059392 0.082723 0.066546 0.038202 0.005403 0.005618 0.011976 0.931171 0.922084 0.860201 1640.468823 1831.698486 328.431077 1515.150043 1
1.135118 0.107652 0.892348 0.060848 0.004925 0.058644 0.082213 0.065774 0.037892 0.005347 0.005570 0.012039 0.931879 0.922648 0.863161 1640.684433 1813.154907 332.271016 1516.689823 1
1.152127 0.109761 0.890239 0.060769 0.004265 0.057705 0.081664 0.065034 0.037367 0.005355 0.005642 0.012405 0.932579 0.923229 0.864856 1640.612523 1745.788818 328.369812 1514.950997 0
1.171165 0.111074 0.888926 0.060825 0.003207 0.056623 0.080471 0.064031 0.037240 0.005347 0.005594 0.012644 0.933542 0.924264 0.867975 1640.729678 1754.203613 330.201764 1515.764335 0
1.186878 0.112315 0.887685 0.060554 0.002697 0.055915 0.080089 0.063251 0.037001 0.005315 0.005602 0.012636 0.934186 0.924646 0.869304 1640.884293 2022.413818 333.159802 1513.145857 1
1.205505 0.106713 0.893287 0.060570 0.002467 0.055660 0.079794 0.063037 0.036953 0.005276 0.005626 0.012716 0.934433 0.924988 0.871484 1640.769261 1790.389404 331.152274 1514.556851 0
1.227218 0.109331 0.890669 0.060649 0.002140 0.055414 0.079468 0.062790 0.036969 0.005363 0.005602 0.012716 0.934640 0.925203 0.872693 1640.921367 1825.057983 333.836939 1513.399822 1
1.243604 0.109061 0.890939 0.060347 0.002061 0.055032 0.079301 0.062408 0.036794 0.005323 0.005602 0.012628 0.934950 0.925362 0.874150 1640.648634 1781.851196 330.243480 1512.677859 0
1.263557 0.109045 0.890955 0.060307 0.001695 0.054658 0.078943 0.062002 0.036770 0.005284 0.005626 0.012628 0.935284 0.925712 0.875972 1640.521319 1795.981689 328.276004 1512.405148 0
1.279696 0.109586 0.890414 0.060156 0.001647 0.054459 0.078847 0.061803 0.036627 0.005236 0.005705 0.012588 0.935467 0.925823 0.876815 1640.752833 1834.476074 331.632882 1512.655752 2
1.296482 0.110294 0.889706 0.060236 0.001448 0.054331 0.078609 0.061684 0.036635 0.005323 0.005665 0.012612 0.935611 0.926014 0.878009 1640.569003 1726.065674 328.182261 1511.398739 0
1.313461 0.111512 0.888488 0.060053 0.001313 0.053981 0.078529 0.061366 0.036547 0.005347 0.005570 0.012588 0.935897 0.926086 0.879043 1640.717545 1676.309692 327.463051 1511.123385 0
1.334676 0.112196 0.887804 0.059973 0.001178 0.053671 0.078378 0.061151 0.036436 0.005363 0.005546 0.012628 0.936088 0.926293 0.879688 1640.735312 1820.776367 331.927026 1510.849538 1
1.354555 0.112976 0.887024 0.059901 0.001042 0.053512 0.078211 0.060944 0.036444 0.005331 0.005570 0.012556 0.936303 0.926571 0.880897 1640.625840 1834.423950 329.681067 1510.601844 1
1.375600 0.110525 0.889475 0.059846 0.000995 0.053456 0.078123 0.060840 0.036388 0.005292 0.005650 0.012517 0.936454 0.926667 0.881582 1640.120471 1878.941772 333.734999 1511.533523 1
1.399264 0.111209 0.888791 0.059925 0.000621 0.053114 0.077821 0.060546 0.036492 0.005299 0.005650 0.012485 0.936733 0.926985 0.883253 1640.394328 1832.745728 329.933270 1510.475119 1
1.419062 0.112530 0.887470 0.059774 0.000621 0.052859 0.077733 0.060395 0.036277 0.005292 0.005634 0.012572 0.936892 0.927041 0.883969 1640.675490 1748.000122 328.118133 1509.825587 0
1.439383 0.114050 0.885950 0.059615 0.000557 0.052565 0.077471 0.060172 0.036046 0.005323 0.005586 0.012660 0.937186 0.927351 0.885067 1640.457914 1760.391479 333.137662 1509.759684 0
1.462224 0.115339 0.884661 0.059480 0.000342 0.052271 0.077383 0.059822 0.035783 0.005387 0.005721 0.012588 0.937497 0.927470 0.885910 1640.658987 1736.391602 329.696899 1509.415469 0
1.480119 0.111424 0.888576 0.059185 0.000334 0.052056 0.077153 0.059520 0.035672 0.005395 0.005689 0.012429 0.937807 0.927821 0.886531 1640.657264 1702.342773 327.193201 1507.398474 0
1.503073 0.116111 0.883889 0.059002 0.000326 0.051865 0.076890 0.059329 0.035441 0.005459 0.005673 0.012429 0.937982 0.928067 0.887549 1640.576962 1807.949585 329.771606 1510.400110 1
1.525768 0.115697 0.884303 0.058899 0.000326 0.051769 0.076810 0.059225 0.035417 0.005403 0.005697 0.012381 0.938117 0.928099 0.888401 1640.795864 1989.161255 331.799429 1507.620853 1
1.552723 0.110788 0.889212 0.058692 0.000263 0.051523 0.076659 0.058955 0.035202 0.005459 0.005642 0.012389 0.938380 0.928298 0.889714 1640.740544 1749.549805 331.167683 1507.634401 0
1.577616 0.116445 0.883555 0.058461 0.000263 0.051340 0.076596 0.058724 0.035035 0.005498 0.005586 0.012342 0.938595 0.928481 0.890334 1640.590195 1745.833374 328.886518 1506.083561 0
1.606610 0.114376 0.885624 0.058469 0.000223 0.051276 0.076572 0.058692 0.035027 0.005490 0.005602 0.012350 0.938611 0.928481 0.890685 1640.554568 1714.481445 330.505518 1507.291247 0
1.627800 0.115108 0.884892 0.058421 0.000223 0.051252 0.076429 0.058644 0.035011 0.005498 0.005570 0.012342 0.938626 0.928592 0.891090 1640.687660 1691.726807 325.739989 1506.539276 0
1.653351 0.115912 0.884088 0.058414 0.000223 0.051244 0.076325 0.058636 0.035011 0.005498 0.005570 0.012334 0.938650 0.928688 0.891464 1640.581932 1707.276367 330.086319 1506.120373 0
1.676442 0.111480 0.888520 0.058262 0.000215 0.051133 0.076206 0.058477 0.034884 0.005530 0.005562 0.012286 0.938873 0.928823 0.892141 1640.691783 1786.568970 330.486948 1505.669692 0
1.702582 0.118395 0.881605 0.058127 0.000199 0.051045 0.076150 0.058326 0.034765 0.005570 0.005570 0.012222 0.939000 0.928895 0.892833 1640.299415 1652.630005 331.879438 1505.461970 0
1.729520 0.118395 0.881605 0.058119 0.000191 0.051013 0.076150 0.058310 0.034669 0.005618 0.005570 0.012262 0.939008 0.928895 0.893048 1640.519801 1917.654175 330.668886 1504.741358 1
1.755906 0.115920 0.884080 0.058000 0.000191 0.050870 0.076062 0.058191 0.034598 0.005634 0.005514 0.012254 0.939088 0.928943 0.893668 1640.530131 1776.629517 326.746499 1505.617304 0
1.781377 0.116103 0.883897 0.057872 0.000191 0.050735 0.076062 0.058063 0.034478 0.005665 0.005490 0.012238 0.939191 0.928951 0.894003 1640.569277 1913.039551 327.887352 1504.287347 2
1.815137 0.116549 0.883451 0.057833 0.000191 0.050671 0.076031 0.058024 0.034470 0.005665 0.005427 0.012270 0.939239 0.929062 0.894385 1640.631473 1757.244263 331.026831 1504.152128 0
1.849225 0.113302 0.886698 0.057713 0.000191 0.050576 0.075975 0.057904 0.034399 0.005673 0.005371 0.012270 0.939382 0.929142 0.894607 1640.787790 1753.996826 332.652126 1505.066873 0
1.875611 0.116525 0.883475 0.057681 0.000191 0.050576 0.075975 0.057872 0.034391 0.005650 0.005395 0.012246 0.939406 0.929142 0.894655 1640.560688 1738.702393 325.301436 1503.826152 0
1.901947 0.119079 0.880921 0.057713 0.000159 0.050568 0.075975 0.057872 0.034423 0.005650 0.005387 0.012254 0.939406 0.929142 0.894743 1640.791289 1824.743286 330.173655 1503.216069 1
1.930968 0.117448 0.882552 0.057681 0.000159 0.050552 0.075959 0.057841 0.034415 0.005642 0.005379 0.012246 0.939422 0.929189 0.894934 1640.760125 1828.687378 329.182520 1502.732573 1
1.957937 0.118721 0.881279 0.057610 0.000159 0.050432 0.075872 0.057769 0.034367 0.005634 0.005395 0.012214 0.939502 0.929221 0.895379 1640.276537 1696.293457 326.920735 1502.262715 0
1.990303 0.118816 0.881184 0.057594 0.000143 0.050425 0.075872 0.057737 0.034351 0.005618 0.005403 0.012222 0.939502 0.929229 0.895451 1640.778479 1919.367432 328.740713 1500.653252 1
2.029247 0.121100 0.878900 0.057395 0.000143 0.050249 0.075537 0.057538 0.034128 0.005586 0.005475 0.012206 0.939709 0.929508 0.895650 1640.684009 1654.269287 328.935460 1499.258503 0
2.055789 0.117567 0.882433 0.057236 0.000143 0.050122 0.075482 0.057379 0.034001 0.005594 0.005506 0.012135 0.939876 0.929667 0.895889 1640.533503 1848.470337 331.311352 1500.393346 1
2.089506 0.122222 0.877778 0.057132 0.000143 0.050066 0.075482 0.057276 0.033961 0.005578 0.005506 0.012087 0.939963 0.929675 0.895920 1640.556762 1677.761230 329.862011 1499.426593 0
2.129549 0.120861 0.879139 0.057053 0.000143 0.049995 0.075410 0.057196 0.033913 0.005578 0.005506 0.012055 0.940059 0.929802 0.896040 1640.655835 1706.695312 328.041063 1498.960606 0
2.163705 0.118649 0.881351 0.057053 0.000143 0.049979 0.075394 0.057196 0.033913 0.005578 0.005498 0.012063 0.940059 0.929818 0.896207 1640.428937 1682.581665 325.630208 1498.915689 0
2.197026 0.117273 0.882727 0.057045 0.000143 0.049979 0.075386 0.057188 0.033897 0.005578 0.005506 0.012063 0.940075 0.929834 0.896247 1640.543909 1869.713623 325.544910 1498.427753 1
2.229899 0.123057 0.876943 0.057045 0.000143 0.049979 0.075386 0.057188 0.033897 0.005578 0.005506 0.012063 0.940075 0.929834 0.896255 1640.487196 1646.702148 325.396169 1497.967226 0
2.270207 0.122413 0.877587 0.057045 0.000143 0.049979 0.075354 0.057188 0.033890 0.005586 0.005506 0.012063 0.940083 0.929842 0.896350 1640.647702 1646.582031 327.582291 1496.922923 0
2.310491 0.122079 0.877921 0.057045 0.000143 0.049979 0.075299 0.057188 0.033874 0.005602 0.005506 0.012063 0.940099 0.929905 0.896581 1640.532318 1660.713989 324.421226 1495.462242 0
2.352414 0.121474 0.878526 0.057045 0.000143 0.049979 0.075299 0.057188 0.033874 0.005602 0.005506 0.012063 0.940099 0.929905 0.896581 1640.497620 1645.160278 328.816655 1495.958241 0
2.389241 0.121188 0.878812 0.057037 0.000143 0.049979 0.075283 0.057180 0.033874 0.005602 0.005506 0.012055 0.940106 0.929929 0.896629 1640.748537 1691.324707 326.604356 1495.333026 0
2.441059 0.121203 0.878797 0.057037 0.000143 0.049971 0.075171 0.057180 0.033866 0.005610 0.005498 0.012063 0.940122 0.930033 0.896995 1640.639519 1677.632202 328.746759 1496.078905 0
2.484566 0.124235 0.875765 0.057037 0.000143 0.049971 0.075171 0.057180 0.033866 0.005610 0.005498 0.012063 0.940122 0.930033 0.897265 1640.429864 1710.166138 326.274625 1492.777146 0
2.540069 0.124522 0.875478 0.057037 0.000143 0.049971 0.075171 0.057180 0.033866 0.005610 0.005498 0.012063 0.940122 0.930033 0.897337 1640.710677 1651.224243 327.835508 1492.340723 0
2.572351 0.127864 0.872136 0.057037 0.000143 0.049955 0.075147 0.057180 0.033866 0.005602 0.005498 0.012071 0.940122 0.930041 0.897456 1640.646527 1657.141235 324.522762 1490.377547 0
2.628994 0.126041 0.873959 0.057029 0.000143 0.049947 0.075139 0.057172 0.033866 0.005602 0.005498 0.012063 0.940130 0.930041 0.897663 1640.555040 1642.511475 324.049020 1490.767762 0
2.689366 0.129598 0.870402 0.057029 0.000143 0.049947 0.075139 0.057172 0.033866 0.005602 0.005498 0.012063 0.940130 0.930041 0.897719 1640.686132 1649.085938 326.102797 1488.821188 0
2.756586 0.130768 0.869232 0.057029 0.000143 0.049947 0.075139 0.057172 0.033866 0.005602 0.005490 0.012071 0.940130 0.930041 0.897743 1640.512097 1666.891602 326.228851 1487.755473 0
2.808506 0.134834 0.865166 0.057021 0.000143 0.049947 0.075139 0.057164 0.033866 0.005602 0.005482 0.012071 0.940130 0.930041 0.897751 1640.557664 1661.521118 324.679635 1485.301883 0
2.878633 0.135232 0.864768 0.057021 0.000143 0.049947 0.075139 0.057164 0.033866 0.005602 0.005475 0.012079 0.940130 0.930041 0.897751 1640.742855 1803.446289 326.184789 1484.779948 0
2.943573 0.132781 0.867219 0.057021 0.000143 0.049947 0.075139 0.057164 0.033866 0.005602 0.005475 0.012079 0.940130 0.930041 0.897751 1640.356726 1654.718018 324.783099 1483.506058 0
3.004768 0.137691 0.862309 0.057021 0.000143 0.049947 0.075139 0.057164 0.033866 0.005602 0.005475 0.012079 0.940130 0.930041 0.897758 1640.578268 1643.282104 323.562912 1481.397995 0
3.078517 0.138916 0.861084 0.057021 0.000143 0.049947 0.075139 0.057164 0.033866 0.005602 0.005475 0.012079 0.940130 0.930041 0.897758 1640.541385 1644.459229 323.943169 1479.202235 0
3.156004 0.143571 0.856429 0.057021 0.000143 0.049947 0.075139 0.057164 0.033866 0.005602 0.005475 0.012079 0.940130 0.930041 0.897758 1640.520327 1664.417847 322.564279 1476.354843 0
3.230473 0.143476 0.856524 0.057021 0.000143 0.049947 0.075139 0.057164 0.033866 0.005602 0.005475 0.012079 0.940130 0.930041 0.897782 1640.564277 1640.564209 320.660058 1474.499940 0
3.310237 0.146499 0.853501 0.057021 0.000143 0.049947 0.075139 0.057164 0.033866 0.005602 0.005475 0.012079 0.940130 0.930041 0.897782 1640.575328 1656.793091 322.623154 1472.466460 0
3.407686 0.151067 0.848933 0.057021 0.000143 0.049947 0.075139 0.057164 0.033866 0.005602 0.005475 0.012079 0.940130 0.930041 0.897782 1640.777914 1643.703857 322.937184 1469.379145 0
3.522535 0.155539 0.844461 0.057021 0.000143 0.049947 0.075139 0.057164 0.033866 0.005602 0.005475 0.012079 0.940130 0.930041 0.897782 1640.455330 1647.342163 321.853806 1465.782659 0
3.629498 0.158706 0.841294 0.057021 0.000143 0.049947 0.075139 0.057164 0.033866 0.005602 0.005475 0.012079 0.940130 0.930041 0.897782 1640.585756 1644.772339 321.181904 1462.515404 0
3.759005 0.162772 0.837228 0.057021 0.000143 0.049947 0.075139 0.057164 0.033866 0.005602 0.005475 0.012079 0.940130 0.930041 0.897782 1640.675929 1640.675903 320.726053 1458.499792 0
3.903713 0.171326 0.828674 0.057021 0.000143 0.049947 0.075139 0.057164 0.033866 0.005602 0.005475 0.012079 0.940130 0.930041 0.897782 1640.630927 1644.868042 319.900412 1453.215636 0
4.029722 0.175145 0.824855 0.057021 0.000143 0.049947 0.075139 0.057164 0.033866 0.005602 0.005475 0.012079 0.940130 0.930041 0.897782 1640.538301 1641.886597 318.906924 1448.697945 0
4.186308 0.184877 0.815123 0.057021 0.000143 0.049947 0.075139 0.057164 0.033866 0.005602 0.005475 0.012079 0.940130 0.930041 0.897782 1640.692665 1642.647339 318.115231 1441.747308 0
4.358744 0.192905 0.807095 0.057021 0.000143 0.049947 0.075139 0.057164 0.033866 0.005602 0.005475 0.012079 0.940130 0.930041 0.897782 1640.267947 1657.304443 316.960883 1434.777606 0
4.539935 0.201332 0.798668 0.057021 0.000143 0.049947 0.075139 0.057164 0.033866 0.005602 0.005475 0.012079 0.940130 0.930041 0.897782 1640.639798 1640.737183 315.856714 1427.356467 0
4.732478 0.211461 0.788539 0.057021 0.000143 0.049947 0.075139 0.057164 0.033866 0.005602 0.005475 0.012079 0.940130 0.930041 0.897782 1640.488870 1642.438599 314.622115 1419.126665 0
4.937245 0.221917 0.778083 0.057021 0.000143 0.049947 0.075139 0.057164 0.033866 0.005602 0.005475 0.012079 0.940130 0.930041 0.897782 1640.604509 1648.051392 313.320908 1410.321411 0
5.157187 0.233097 0.766903 0.057021 0.000143 0.049947 0.075139 0.057164 0.033866 0.005602 0.005475 0.012079 0.940130 0.930041 0.897782 1640.396870 1640.550415 311.929967 1400.801188 0
5.390575 0.245208 0.754792 0.057021 0.000143 0.049947 0.075139 0.057164 0.033866 0.005602 0.005475 0.012079 0.940130 0.930041 0.897782 1640.456007 1640.729736 310.522425 1390.794898 0
5.640373 0.258990 0.741010 0.057021 0.000143 0.049947 0.075139 0.057164 0.033866 0.005602 0.005475 0.012079 0.940130 0.930041 0.897782 1640.563874 1643.245972 309.002832 1380.000646 0
5.900501 0.270504 0.729496 0.057021 0.000143 0.049947 0.075139 0.057164 0.033866 0.005602 0.005475 0.012079 0.940130 0.930041 0.897782 1640.511086 1640.554688 307.450230 1369.090958 0
6.181945 0.284858 0.715142 0.057021 0.000143 0.049947 0.075139 0.057164 0.033866 0.005602 0.005475 0.012079 0.940130 0.930041 0.897782 1640.538470 1640.699707 305.870607 1357.501110 0
6.478451 0.299022 0.700978 0.057021 0.000143 0.049947 0.075139 0.057164 0.033866 0.005602 0.005475 0.012079 0.940130 0.930041 0.897782 1640.555143 1640.605835 304.235756 1345.601706 0
6.793523 0.314196 0.685804 0.057021 0.000143 0.049947 0.075139 0.057164 0.033866 0.005602 0.005475 0.012079 0.940130 0.930041 0.897782 1640.554340 1640.774780 302.553308 1333.264222 0
7.125852 0.328957 0.671043 0.057021 0.000143 0.049947 0.075139 0.057164 0.033866 0.005602 0.005475 0.012079 0.940130 0.930041 0.897782 1640.546168 1640.728027 300.845935 1320.676857 0
7.476191 0.343638 0.656362 0.057021 0.000143 0.049947 0.075139 0.057164 0.033866 0.005602 0.005475 0.012079 0.940130 0.930041 0.897782 1640.535921 1640.542969 299.121442 1307.896989 0
7.845069 0.358518 0.641482 0.057021 0.000143 0.049947 0.075139 0.057164 0.033866 0.005602 0.005475 0.012079 0.940130 0.930041 0.897782 1640.539727 1640.538452 297.386928 1294.986459 0
8.232891 0.373246 0.626754 0.057021 0.000143 0.049947 0.075139 0.057164 0.033866 0.005602 0.005475 0.012079 0.940130 0.930041 0.897782 1640.540074 1640.539673 295.645743 1281.972042 0
8.639992 0.388079 0.611921 0.057021 0.000143 0.049947 0.075139 0.057164 0.033866 0.005602 0.005475 0.012079 0.940130 0.930041 0.897782 1640.542686 1640.544434 293.901871 1268.887401 0
9.066687 0.402704 0.597296 0.057021 0.000143 0.049947 0.075139 0.057164 0.033866 0.005602 0.005475 0.012079 0.940130 0.930041 0.897782 1640.537580 1640.540771 292.157871 1255.756049 0
9.513293 0.417425 0.582575 0.057021 0.000143 0.049947 0.075139 0.057164 0.033866 0.005602 0.005475 0.012079 0.940130 0.930041 0.897782 1640.543161 1640.546753 290.415807 1242.598657 0
9.980116 0.432225 0.567775 0.057021 0.000143 0.049947 0.075139 0.057164 0.033866 0.005602 0.005475 0.012079 0.940130 0.930041 0.897782 1640.551058 1640.552856 288.676989 1229.431236 0
10.467494 0.446787 0.553213 0.057021 0.000143 0.049947 0.075139 0.057164 0.033866 0.005602 0.005475 0.012079 0.940130 0.930041 0.897782 1640.551669 1640.552856 286.942708 1216.266709 0
10.931421 0.459964 0.540036 0.057021 0.000143 0.049947 0.075139 0.057164 0.033866 0.005602 0.005475 0.012079 0.940130 0.930041 0.897782 1640.554255 1640.554688 285.234030 1204.146688 0
