0.200000 1.000000 0.000000 0.000000 1.000000 1.000000 1.000000 1.000000 0.000000 0.000000 0.000000 0.000000 0.000000 0.000000 0.000000 150.000000 150.000000 150.000000 150.000000 0
0.208218 1.000000 0.000000 0.000000 1.000000 1.000000 1.000000 1.000000 0.000000 0.000000 0.000000 0.000000 0.000000 0.000000 0.000000 181.455059 181.455551 155.745531 180.287035 0
0.213965 1.000000 0.000000 0.000000 1.000000 1.000000 1.000000 1.000000 0.000000 0.000000 0.000000 0.000000 0.000000 0.000000 0.000000 203.297298 203.298798 158.513286 200.736523 0
0.219398 1.000000 0.000000 0.000000 1.000000 1.000000 1.000000 1.000000 0.000000 0.000000 0.000000 0.000000 0.000000 0.000000 0.000000 223.832991 223.834457 161.021877 219.812830 0
0.224701 1.000000 0.000000 0.000000 1.000000 1.000000 1.000000 1.000000 0.000000 0.000000 0.000000 0.000000 0.000000 0.000000 0.000000 243.776618 243.776718 163.417845 238.257575 0
0.229926 1.000000 0.000000 0.000000 1.000000 1.000000 1.000000 1.000000 0.000000 0.000000 0.000000 0.000000 0.000000 0.000000 0.000000 263.322006 263.322205 165.742892 256.277727 0
0.235092 1.000000 0.000000 0.901769 0.098231 1.000000 1.000000 1.000000 0.901769 0.000000 0.000000 0.000000 0.000000 0.000000 0.000000 282.552172 282.552338 168.015496 273.963743 0
0.240211 1.000000 0.000000 0.914429 0.085571 1.000000 1.000000 1.000000 0.914429 0.000000 0.000000 0.000000 0.000000 0.000000 0.000000 301.513889 301.513916 170.245832 291.366838 0
0.245291 1.000000 0.000000 0.918543 0.081457 1.000000 1.000000 1.000000 0.918543 0.000000 0.000000 0.000000 0.000000 0.000000 0.000000 320.237698 320.237701 172.440218 308.520568 0
0.250337 1.000000 0.000000 0.921137 0.078863 1.000000 1.000000 1.000000 0.921137 0.000000 0.000000 0.000000 0.000000 0.000000 0.000000 338.745791 338.745789 174.602957 325.449083 0
0.255353 1.000000 0.000000 0.922879 0.077121 1.000000 1.000000 1.000000 0.922879 0.000000 0.000000 0.000000 0.000000 0.000000 0.000000 357.055013 357.055054 176.737154 342.170705 0
0.280569 1.000000 0.000000 0.927184 0.072816 1.000000 1.000000 1.000000 0.927184 0.000000 0.000000 0.000000 0.000000 0.000000 0.000000 447.756217 447.756226 187.249055 424.682720 0
0.305328 1.000000 0.000000 0.928879 0.071121 1.000000 1.000000 1.000000 0.928879 0.000000 0.000000 0.000000 0.000000 0.000000 0.000000 534.517424 534.517395 197.233427 503.175940 0
0.329766 1.000000 0.000000 0.929675 0.070325 1.000000 1.000000 1.000000 0.929675 0.000000 0.000000 0.000000 0.000000 0.000000 0.000000 615.997318 615.997314 206.564568 576.589734 0
0.353975 1.000000 0.000000 0.930327 0.069673 1.000000 1.000000 1.000000 0.930327 0.000000 0.000000 0.000000 0.000000 0.000000 0.000000 692.953079 692.953064 215.336943 645.638994 0
0.377629 1.000000 0.000000 0.930789 0.069211 1.000000 1.000000 1.000000 0.930789 0.000000 0.000000 0.000000 0.000000 0.000000 0.000000 765.170323 765.170349 223.394332 710.144829 0
0.401537 1.000000 0.000000 0.931186 0.068814 1.000000 1.000000 1.000000 0.065766 0.865421 0.000000 0.000000 0.000000 0.000000 0.000000 835.573360 835.573364 231.483928 772.840719 0
0.425299 1.000000 0.000000 0.931425 0.068575 1.000000 1.000000 1.000000 0.051053 0.041075 0.839297 0.000000 0.000000 0.000000 0.000000 903.204599 903.204590 239.091060 832.818073 0
0.448733 1.000000 0.000000 0.931624 0.068376 1.000000 1.000000 1.000000 0.043709 0.022718 0.865198 0.000000 0.000000 0.000000 0.000000 967.809402 967.809387 246.340031 889.912953 0
0.472361 1.000000 0.000000 0.931839 0.068161 1.000000 1.000000 1.000000 0.039396 0.016519 0.030794 0.845130 0.000000 0.000000 0.000000 1030.972089 1030.972412 253.306184 945.547985 0
0.495409 1.000000 0.000000 0.931966 0.068034 0.194632 1.000000 1.000000 0.036126 0.013885 0.020331 0.861625 0.000000 0.000000 0.000000 1090.729672 1090.729614 260.035607 997.986706 0
0.518692 1.000000 0.000000 0.932141 0.067859 0.156947 1.000000 1.000000 0.034057 0.011705 0.015962 0.870418 0.000000 0.000000 0.000000 1149.252434 1149.255249 266.436860 1049.200397 0
0.541680 1.000000 0.000000 0.932261 0.067739 0.143746 1.000000 1.000000 0.032457 0.010336 0.013511 0.875956 0.000000 0.000000 0.000000 1205.374625 1205.376587 272.719750 1098.165056 0
0.564830 1.000000 0.000000 0.121514 0.067596 0.135964 1.000000 0.189110 0.031144 0.009509 0.011777 0.069084 0.000000 0.000000 0.000000 1260.335740 1260.336914 278.723652 1145.968837 0
0.587747 1.000000 0.000000 0.097658 0.067516 0.130497 1.000000 0.165175 0.030014 0.008840 0.010766 0.048037 0.808328 0.000000 0.000000 1313.246388 1313.246582 284.578126 1191.822139 0
0.611306 1.000000 0.000000 0.086439 0.067373 0.126575 1.000000 0.153812 0.029155 0.008212 0.009859 0.039213 0.831292 0.000000 0.000000 1366.122244 1366.122314 290.411053 1237.557031 0
0.634354 1.000000 0.000000 0.078991 0.067310 0.123646 1.000000 0.146300 0.028367 0.007798 0.009111 0.033714 0.842464 0.000000 0.000000 1416.402040 1416.402100 295.655253 1280.862146 0
0.657046 0.202207 0.797793 0.074145 0.067270 0.121283 1.000000 0.141415 0.027834 0.007416 0.008562 0.030333 0.849506 0.798008 0.000000 1447.328819 1447.330933 299.286193 1308.741682 0
0.680752 0.182505 0.817495 0.070230 0.067206 0.119254 0.251112 0.137436 0.027460 0.007066 0.008069 0.027635 0.854989 0.817598 0.000000 1478.176285 1478.181396 302.891795 1336.113594 0
0.702972 0.172185 0.827815 0.067365 0.067143 0.117901 0.201077 0.134508 0.027134 0.006772 0.007798 0.025662 0.858323 0.827911 0.000000 1506.395505 1506.401123 305.721774 1360.769923 0
0.726685 0.164705 0.835295 0.064891 0.067095 0.116493 0.184495 0.131985 0.026776 0.006573 0.007504 0.024039 0.861378 0.835350 0.000000 1535.764472 1535.772095 309.140299 1386.323985 0
0.749742 0.159820 0.840180 0.063164 0.066999 0.115474 0.175320 0.130163 0.026577 0.006342 0.007273 0.022972 0.863662 0.840252 0.000000 1563.655800 1563.663086 312.168426 1410.376374 0
0.773560 0.155650 0.844350 0.061660 0.066975 0.114511 0.168652 0.128635 0.026314 0.006262 0.006931 0.022153 0.865659 0.844374 0.000000 1591.693849 1591.701050 315.226708 1434.445179 0
0.796181 0.152929 0.847071 0.060474 0.066944 0.113684 0.163830 0.127418 0.026123 0.006175 0.006835 0.021341 0.867219 0.847111 0.000000 1617.688145 1617.695312 318.108310 1456.581431 0
0.819416 0.135113 0.864887 0.051268 0.066689 0.107995 0.141828 0.117957 0.024548 0.005140 0.005506 0.016073 0.878263 0.865047 0.784711 1640.116492 1659.224243 320.210831 1480.419481 0
0.830051 0.124728 0.875272 0.044369 0.064461 0.100674 0.130665 0.108830 0.023052 0.003947 0.004575 0.012795 0.888019 0.876393 0.791475 1640.708495 1652.750122 320.774429 1491.867971 0
0.837033 0.118060 0.881940 0.041807 0.059329 0.093624 0.122134 0.101135 0.022940 0.003445 0.003955 0.011466 0.895777 0.884526 0.797817 1640.759010 1784.854736 322.205393 1499.817938 0
0.840601 0.116262 0.883738 0.042865 0.055660 0.090958 0.118434 0.098526 0.023784 0.003525 0.003883 0.011673 0.898475 0.887987 0.800339 1640.686835 1787.785034 322.087709 1502.929764 0
0.845356 0.114583 0.885417 0.045117 0.048968 0.086311 0.113827 0.094085 0.026028 0.003358 0.003780 0.011952 0.902676 0.891934 0.804572 1640.682846 1899.886963 322.886735 1507.559729 3
0.850407 0.109117 0.890883 0.045913 0.043733 0.082595 0.109809 0.089645 0.027778 0.003071 0.003804 0.011259 0.907124 0.896326 0.807715 1640.706845 1875.154785 323.148868 1511.552570 2
0.854390 0.107756 0.892244 0.047090 0.041242 0.081274 0.108201 0.088332 0.029012 0.002968 0.003740 0.011371 0.908556 0.897926 0.809585 1640.706931 1958.691772 323.457707 1513.806226 2
0.857939 0.106578 0.893422 0.048093 0.038624 0.079619 0.105584 0.086717 0.029975 0.003000 0.003740 0.011379 0.910418 0.900122 0.812044 1640.714528 2109.748535 324.781080 1515.576191 4
0.861901 0.105416 0.894584 0.048698 0.036492 0.078187 0.103348 0.085189 0.030571 0.003199 0.003676 0.011251 0.912002 0.902246 0.814025 1640.676582 2050.309082 324.023016 1516.966922 4
0.865327 0.104676 0.895324 0.049231 0.034558 0.076993 0.101708 0.083789 0.031120 0.003262 0.003843 0.011005 0.913530 0.903655 0.815752 1640.701913 2074.333252 325.059670 1518.476487 5
0.868605 0.104374 0.895626 0.051149 0.031486 0.075720 0.100316 0.082635 0.032441 0.003525 0.004066 0.011116 0.914604 0.905007 0.817582 1640.739146 2040.542969 324.169633 1519.335137 6
0.871029 0.103801 0.896199 0.051316 0.031017 0.075394 0.099886 0.082333 0.032561 0.003493 0.004090 0.011172 0.915002 0.905373 0.818625 1640.667135 2033.185669 324.795143 1519.305203 6
0.874257 0.102178 0.897822 0.051387 0.030245 0.074805 0.098955 0.081632 0.032807 0.003605 0.004002 0.010973 0.915773 0.906209 0.819675 1640.682319 2005.881958 325.023189 1519.724866 5
0.879040 0.103029 0.896971 0.052000 0.028208 0.073071 0.097833 0.080208 0.032855 0.003692 0.004010 0.011442 0.917277 0.907665 0.821704 1640.703720 2110.047607 324.972237 1521.629548 5
0.882199 0.101987 0.898013 0.052231 0.027715 0.072752 0.097475 0.079946 0.032935 0.003796 0.003994 0.011506 0.917548 0.908119 0.822452 1640.691019 2066.913330 325.339233 1521.373315 3
0.885778 0.102544 0.897456 0.053066 0.026275 0.072203 0.096815 0.079341 0.033587 0.003875 0.004162 0.011442 0.918073 0.908755 0.823956 1640.676487 2126.065918 324.812978 1521.866404 4
0.888821 0.101963 0.898037 0.053424 0.025654 0.071933 0.096298 0.079078 0.033866 0.003915 0.004217 0.011426 0.918272 0.909129 0.824680 1640.695969 2076.555176 325.865432 1522.076585 7
0.892678 0.100952 0.899048 0.053615 0.025001 0.071559 0.095621 0.078617 0.034136 0.003875 0.004225 0.011379 0.918686 0.909758 0.825881 1640.665555 2315.997070 325.309722 1522.188090 5
0.896085 0.100881 0.899119 0.053870 0.024317 0.071089 0.094857 0.078187 0.034510 0.003819 0.004106 0.011434 0.919219 0.910466 0.826844 1640.673439 2505.733887 325.395233 1522.426666 4
0.899164 0.100594 0.899406 0.054331 0.023688 0.070986 0.094714 0.078020 0.034876 0.003859 0.004209 0.011387 0.919386 0.910697 0.827513 1640.674787 2445.191895 326.162644 1522.490711 4
0.902636 0.101239 0.898761 0.054849 0.022837 0.070771 0.094332 0.077686 0.035338 0.003907 0.004281 0.011323 0.919672 0.911015 0.828133 1640.676374 2378.875977 325.706541 1522.096916 5
0.906116 0.100754 0.899246 0.055016 0.022312 0.070524 0.093735 0.077328 0.035481 0.003987 0.004345 0.011204 0.920102 0.911477 0.829422 1640.655038 2320.157715 324.967053 1522.134416 3
0.909790 0.101096 0.898904 0.055732 0.021333 0.070214 0.093330 0.077065 0.036070 0.004082 0.004297 0.011283 0.920365 0.911827 0.830043 1640.666767 2561.928467 325.402733 1522.497077 6
0.913099 0.100921 0.899079 0.055907 0.021031 0.070103 0.093075 0.076938 0.036245 0.004106 0.004265 0.011291 0.920524 0.912105 0.830274 1640.652600 2490.527100 325.095262 1522.131096 4
0.916833 0.099982 0.900018 0.056090 0.020728 0.069935 0.092741 0.076818 0.036364 0.004130 0.004241 0.011355 0.920667 0.912463 0.830894 1640.697411 2420.449707 325.667587 1522.596739 6
0.919885 0.100308 0.899692 0.055987 0.020689 0.069832 0.092486 0.076675 0.036301 0.004066 0.004345 0.011275 0.920786 0.912622 0.831276 1640.661525 2423.698975 325.103587 1522.631958 2
0.922832 0.100690 0.899310 0.056265 0.020362 0.069776 0.092399 0.076627 0.036428 0.004146 0.004329 0.011363 0.920818 0.912718 0.831531 1640.648349 2608.763672 324.966231 1522.530612 2
0.925972 0.099870 0.900130 0.056257 0.020148 0.069561 0.092216 0.076405 0.036404 0.004193 0.004305 0.011355 0.921049 0.912996 0.832064 1640.707038 2681.897217 324.953805 1523.181161 5
0.928925 0.101056 0.898944 0.056361 0.019845 0.069339 0.092136 0.076206 0.036420 0.004233 0.004384 0.011323 0.921288 0.913124 0.832367 1640.645726 2624.532959 325.033306 1522.753743 1
0.932389 0.101135 0.898865 0.056408 0.019742 0.069251 0.092056 0.076150 0.036436 0.004241 0.004368 0.011363 0.921367 0.913227 0.832764 1640.688066 2582.755127 326.166773 1522.366271 2
0.936992 0.100109 0.899891 0.056567 0.019328 0.068997 0.091834 0.075895 0.036436 0.004329 0.004408 0.011395 0.921654 0.913402 0.833393 1640.653365 1842.524292 325.313831 1522.770258 1
0.940089 0.100610 0.899390 0.056806 0.019057 0.068989 0.091786 0.075864 0.036643 0.004329 0.004440 0.011395 0.921654 0.913458 0.833560 1640.656229 1856.082153 325.393230 1522.453261 1
0.942935 0.100419 0.899581 0.056838 0.018978 0.068933 0.091659 0.075816 0.036627 0.004281 0.004496 0.011434 0.921749 0.913561 0.833831 1640.655760 2040.208984 324.669004 1522.528739 3
0.945760 0.101470 0.898530 0.056822 0.018930 0.068814 0.091603 0.075752 0.036547 0.004249 0.004528 0.011498 0.921837 0.913585 0.833998 1640.667455 2202.517090 325.559241 1522.723228 4
0.949418 0.100690 0.899310 0.056957 0.018763 0.068734 0.091523 0.075720 0.036507 0.004313 0.004472 0.011665 0.921853 0.913625 0.834229 1640.653254 2085.161133 325.416133 1522.063965 3
0.952409 0.101096 0.898904 0.057085 0.018620 0.068710 0.091483 0.075704 0.036452 0.004392 0.004528 0.011713 0.921885 0.913697 0.834380 1640.670925 2004.737427 325.136589 1522.163676 2
0.956282 0.102966 0.897034 0.057594 0.017999 0.068623 0.091221 0.075593 0.036762 0.004520 0.004536 0.011777 0.922028 0.913856 0.834873 1640.689783 1919.460938 325.072357 1522.161006 4
0.959568 0.101350 0.898650 0.057602 0.017943 0.068599 0.091062 0.075545 0.036802 0.004528 0.004536 0.011737 0.922084 0.914031 0.835223 1640.653304 1966.490967 324.844335 1521.969766 2
0.962947 0.100801 0.899199 0.057578 0.017943 0.068575 0.091022 0.075521 0.036778 0.004551 0.004512 0.011737 0.922107 0.914055 0.835350 1640.652971 2105.746094 325.123463 1521.973520 4
0.966469 0.101096 0.898904 0.057546 0.017904 0.068551 0.090942 0.075450 0.036762 0.004544 0.004512 0.011729 0.922115 0.914134 0.835812 1640.677538 2054.023682 325.553363 1521.858319 5
0.969611 0.100762 0.899238 0.057570 0.017848 0.068535 0.090887 0.075418 0.036810 0.004528 0.004520 0.011713 0.922187 0.914150 0.835987 1640.665761 1969.932739 324.889500 1521.815494 4
0.972248 0.100714 0.899286 0.057626 0.017776 0.068527 0.090831 0.075402 0.036842 0.004536 0.004536 0.011713 0.922211 0.914190 0.836106 1640.646997 2073.583984 325.085010 1521.946132 5
0.976339 0.101263 0.898737 0.057570 0.017569 0.068153 0.090664 0.075139 0.036850 0.004488 0.004448 0.011785 0.922473 0.914293 0.837029 1640.666514 1977.785889 325.673597 1522.386826 2
0.979885 0.101120 0.898880 0.057705 0.017394 0.068089 0.090489 0.075100 0.036921 0.004536 0.004440 0.011808 0.922513 0.914405 0.837348 1640.739398 1822.824463 326.357974 1522.427924 3
0.983801 0.100754 0.899246 0.057681 0.017243 0.067914 0.090210 0.074925 0.036881 0.004496 0.004440 0.011864 0.922656 0.914596 0.837841 1640.660804 1916.910400 325.192115 1522.163519 3
0.987548 0.100571 0.899429 0.057857 0.016981 0.067843 0.090178 0.074837 0.037056 0.004536 0.004440 0.011824 0.922704 0.914644 0.838112 1640.659064 1873.905640 324.778367 1521.772115 2
0.990335 0.100181 0.899819 0.057849 0.016973 0.067843 0.090163 0.074821 0.037056 0.004528 0.004456 0.011808 0.922720 0.914691 0.838183 1640.673623 2110.493408 324.819946 1521.532962 3
0.994059 0.100316 0.899684 0.057841 0.016965 0.067819 0.090115 0.074805 0.037025 0.004528 0.004456 0.011832 0.922760 0.914723 0.838406 1640.659988 2054.015137 326.091095 1521.748504 4
0.998523 0.101255 0.898745 0.058151 0.016487 0.067572 0.089836 0.074638 0.037192 0.004536 0.004504 0.011920 0.922983 0.915065 0.839178 1640.690664 2202.647705 325.270070 1521.834946 4
1.001603 0.101215 0.898785 0.058143 0.016487 0.067564 0.089789 0.074630 0.037192 0.004512 0.004480 0.011960 0.922999 0.915105 0.839249 1640.645645 2157.951904 324.858533 1521.344221 1
1.004945 0.101334 0.898666 0.058135 0.016408 0.067461 0.089606 0.074543 0.037255 0.004520 0.004440 0.011920 0.923094 0.915240 0.839369 1640.682876 2103.050049 324.920799 1521.307200 5
1.007332 0.101541 0.898459 0.058302 0.016241 0.067453 0.089558 0.074543 0.037295 0.004528 0.004496 0.011983 0.923094 0.915272 0.839456 1640.670093 2072.461426 325.087772 1520.989764 3
1.012232 0.101788 0.898212 0.058151 0.016201 0.067254 0.089407 0.074352 0.037263 0.004496 0.004488 0.011904 0.923253 0.915368 0.840157 1640.684946 2104.812012 324.762484 1522.084678 3
1.015708 0.101366 0.898634 0.058143 0.016201 0.067246 0.089407 0.074344 0.037247 0.004504 0.004488 0.011904 0.923269 0.915368 0.840212 1640.663311 2218.740234 324.787630 1521.498061 4
1.020005 0.102616 0.897384 0.058270 0.016058 0.067198 0.089343 0.074328 0.037271 0.004512 0.004512 0.011976 0.923277 0.915392 0.840745 1640.676340 2143.089111 326.480430 1522.004897 4
1.023421 0.102019 0.897981 0.058342 0.015922 0.067135 0.089279 0.074264 0.037271 0.004536 0.004504 0.012031 0.923349 0.915415 0.841072 1640.664488 2081.225830 324.873359 1521.129837 3
1.026258 0.100865 0.899135 0.058334 0.015922 0.067135 0.089184 0.074256 0.037271 0.004536 0.004504 0.012023 0.923349 0.915439 0.841151 1640.681492 2227.692871 324.425856 1520.924114 2
1.029361 0.101772 0.898228 0.058326 0.015882 0.067103 0.089160 0.074208 0.037224 0.004599 0.004496 0.012007 0.923388 0.915463 0.841398 1640.692946 2165.966064 326.192458 1521.548926 1
1.032061 0.101143 0.898857 0.058310 0.015882 0.067103 0.089136 0.074193 0.037208 0.004591 0.004520 0.011991 0.923436 0.915479 0.841462 1640.691260 2113.748535 324.626126 1520.798976 2
1.036207 0.101502 0.898498 0.058366 0.015779 0.067063 0.089033 0.074145 0.037144 0.004615 0.004575 0.012031 0.923468 0.915567 0.841700 1640.661110 2290.198975 324.613418 1521.566752 4
1.039191 0.100706 0.899294 0.058414 0.015707 0.067063 0.089025 0.074121 0.037200 0.004631 0.004575 0.012007 0.923516 0.915575 0.841851 1640.653435 2226.387695 324.457677 1520.941084 3
1.041446 0.101072 0.898928 0.058421 0.015699 0.067055 0.089025 0.074121 0.037144 0.004647 0.004607 0.012023 0.923516 0.915575 0.841875 1640.658384 2179.837402 324.555285 1520.402106 6
1.045142 0.101637 0.898363 0.058334 0.015699 0.067007 0.088945 0.074033 0.037120 0.004647 0.004607 0.011960 0.923619 0.915614 0.842273 1640.644016 2112.485596 324.675445 1521.303479 3
1.047710 0.101788 0.898212 0.058334 0.015699 0.067007 0.088945 0.074033 0.037112 0.004655 0.004607 0.011960 0.923619 0.915614 0.842313 1640.662845 2069.204834 324.503425 1520.508758 1
1.051254 0.101685 0.898315 0.058334 0.015699 0.066991 0.088921 0.074033 0.037112 0.004655 0.004599 0.011968 0.923627 0.915622 0.842512 1640.648744 2225.740723 325.632860 1520.859737 4
1.054622 0.101788 0.898212 0.058310 0.015692 0.066991 0.088905 0.074002 0.037112 0.004655 0.004583 0.011960 0.923635 0.915654 0.842655 1640.659764 2177.265137 325.089035 1520.702235 6
1.057901 0.100777 0.899223 0.058302 0.015684 0.066975 0.088794 0.073986 0.037112 0.004663 0.004567 0.011960 0.923667 0.915710 0.842942 1640.656772 2185.418701 324.968262 1520.456740 4
1.074715 0.103570 0.896430 0.059925 0.010631 0.063140 0.086200 0.070556 0.037900 0.004758 0.004949 0.012318 0.926826 0.918566 0.849689 1640.878068 2065.025879 331.442667 1518.610301 2
1.094176 0.104446 0.895554 0.060904 0.006509 0.060013 0.084378 0.067413 0.038425 0.005013 0.005188 0.012278 0.929754 0.920452 0.856477 1640.747885 1799.744141 331.973990 1518.621527 0
1.112578 0.106761 0.893239 0.061620 0.004822 0.058963 0.083471 0.066442 0.038592 0.005228 0.005244 0.012556 0.930685 0.921463 0.859691 1640.762377 1783.840820 330.832819 1517.789418 0
1.133137 0.107660 0.892340 0.062034 0.003724 0.058167 0.082548 0.065758 0.038608 0.005292 0.005355 0.012779 0.931393 0.922227 0.863423 1640.711159 1992.510498 336.709021 1517.854438 2
1.152872 0.106284 0.893716 0.061549 0.002777 0.056750 0.081171 0.064326 0.038163 0.005268 0.005331 0.012787 0.932802 0.923468 0.866248 1640.758599 1765.766113 327.404060 1517.526055 0
1.170650 0.107525 0.892475 0.061191 0.002093 0.055509 0.080256 0.063283 0.037725 0.005299 0.005284 0.012883 0.933773 0.924343 0.870816 1640.750061 1708.707275 328.302088 1516.667402 0
1.188295 0.109077 0.890923 0.060753 0.001687 0.054602 0.079699 0.062440 0.037120 0.005578 0.005148 0.012907 0.934513 0.924829 0.872916 1640.742140 1917.962646 330.007201 1515.701865 2
1.208911 0.105870 0.894130 0.060315 0.001607 0.054133 0.079206 0.061923 0.036746 0.005562 0.005124 0.012883 0.935093 0.925394 0.874237 1640.967057 1943.284668 335.084357 1517.467672 1
1.228542 0.107175 0.892825 0.060204 0.001305 0.053591 0.079046 0.061509 0.036531 0.005665 0.005069 0.012938 0.935547 0.925561 0.875439 1640.904634 1794.381592 335.985122 1517.245475 0
1.247134 0.108591 0.891409 0.059575 0.001194 0.053003 0.078744 0.060769 0.035998 0.005705 0.005124 0.012747 0.936168 0.925967 0.877221 1640.834975 1695.653931 330.973444 1515.039229 0
1.270108 0.108480 0.891520 0.059448 0.000987 0.052629 0.078370 0.060435 0.035847 0.005721 0.005037 0.012843 0.936558 0.926372 0.878407 1640.829281 1802.714355 333.165368 1516.355412 0
1.291197 0.104859 0.895141 0.059281 0.000859 0.052326 0.078060 0.060140 0.035680 0.005634 0.005093 0.012875 0.936955 0.926842 0.879919 1641.077848 2089.846191 336.279307 1517.005569 2
1.312599 0.109315 0.890685 0.059249 0.000748 0.052175 0.077733 0.059997 0.035481 0.005697 0.005148 0.012922 0.937091 0.927049 0.880547 1640.924570 1817.494507 332.841786 1515.068867 1
1.331260 0.105146 0.894854 0.058971 0.000732 0.051897 0.077487 0.059703 0.035218 0.005650 0.005180 0.012922 0.937385 0.927359 0.882107 1640.633248 1927.713867 330.553907 1514.557541 1
1.356325 0.105329 0.894671 0.058652 0.000485 0.051395 0.077145 0.059138 0.034916 0.005673 0.005188 0.012875 0.937855 0.927868 0.884199 1640.805279 1767.231201 331.204093 1515.438660 0
1.376937 0.108209 0.891791 0.058437 0.000485 0.051228 0.076993 0.058923 0.034725 0.005713 0.005156 0.012843 0.938069 0.927980 0.884812 1640.742328 1840.125977 328.793912 1513.649621 1
1.395893 0.110000 0.890000 0.058358 0.000422 0.051157 0.076842 0.058780 0.034645 0.005650 0.005204 0.012859 0.938221 0.928075 0.885687 1640.718333 1676.568115 327.295007 1513.408667 0
1.417909 0.114114 0.885886 0.058016 0.000374 0.050814 0.076484 0.058390 0.034399 0.005665 0.005188 0.012763 0.938547 0.928394 0.886762 1640.792338 1858.743408 335.717583 1514.182473 3
1.445908 0.109864 0.890136 0.057833 0.000263 0.050480 0.076325 0.058095 0.034224 0.005729 0.005164 0.012716 0.938817 0.928672 0.887549 1641.060650 1714.615845 334.077261 1512.948935 0
1.469963 0.105862 0.894138 0.057355 0.000263 0.050011 0.076007 0.057618 0.033921 0.005689 0.005037 0.012708 0.939295 0.929006 0.888075 1640.771874 1799.451416 334.125771 1514.614639 0
1.490561 0.112793 0.887207 0.057236 0.000263 0.049860 0.075959 0.057498 0.033683 0.005697 0.005148 0.012708 0.939382 0.929110 0.888258 1640.660225 1806.327271 328.322935 1510.883409 1
1.511957 0.113350 0.886650 0.057180 0.000255 0.049772 0.075760 0.057435 0.033595 0.005665 0.005148 0.012771 0.939502 0.929332 0.888616 1640.762283 1729.710327 328.014503 1510.587215 0
1.533314 0.108830 0.891170 0.056918 0.000223 0.049565 0.075577 0.057140 0.033476 0.005665 0.005180 0.012596 0.939764 0.929547 0.889523 1640.714520 1909.124512 330.854982 1511.799875 2
1.560528 0.112896 0.887104 0.056838 0.000191 0.049446 0.075498 0.057029 0.033396 0.005658 0.005228 0.012556 0.939892 0.929595 0.889841 1640.690932 1828.547852 327.131166 1510.937929 1
1.585272 0.114885 0.885115 0.056806 0.000191 0.049438 0.075490 0.056997 0.033396 0.005634 0.005220 0.012556 0.939900 0.929603 0.890263 1640.913614 1891.581055 333.470851 1510.968736 3
1.609224 0.111663 0.888337 0.056719 0.000183 0.049406 0.075442 0.056902 0.033301 0.005665 0.005220 0.012533 0.939979 0.929643 0.890677 1640.906728 1982.180420 329.699189 1509.393243 2
1.631988 0.110565 0.889435 0.056703 0.000183 0.049398 0.075442 0.056886 0.033285 0.005658 0.005220 0.012540 0.939987 0.929659 0.890844 1640.747631 2314.991699 327.229206 1510.336040 4
1.661616 0.109674 0.890326 0.056520 0.000167 0.049247 0.075426 0.056687 0.033213 0.005665 0.005164 0.012477 0.940186 0.929818 0.891623 1640.731405 1856.556519 332.628732 1511.375805 1
1.692846 0.110215 0.889785 0.056400 0.000167 0.049183 0.075378 0.056567 0.033134 0.005673 0.005172 0.012421 0.940345 0.929937 0.892228 1640.827420 1803.600098 330.873697 1510.971147 0
1.715258 0.113278 0.886722 0.056361 0.000167 0.049127 0.075378 0.056528 0.033110 0.005626 0.005204 0.012421 0.940353 0.929945 0.892379 1640.608193 1645.973511 328.824148 1508.807642 0
1.743290 0.110978 0.889022 0.056225 0.000167 0.049032 0.075131 0.056392 0.032919 0.005705 0.005188 0.012413 0.940568 0.930216 0.892984 1640.659062 1714.522583 328.295815 1508.933073 0
1.774031 0.110795 0.889205 0.055843 0.000167 0.048690 0.074925 0.056010 0.032672 0.005689 0.005140 0.012342 0.940998 0.930614 0.893613 1640.849792 1763.597656 331.472818 1508.403427 0
1.796160 0.110835 0.889165 0.055764 0.000167 0.048642 0.074758 0.055931 0.032632 0.005721 0.005124 0.012286 0.941133 0.930717 0.893907 1640.873385 1735.246582 329.036607 1506.895510 0
1.826245 0.115283 0.884717 0.055764 0.000167 0.048634 0.074750 0.055931 0.032497 0.005753 0.005180 0.012334 0.941133 0.930717 0.894186 1640.897359 1957.746338 330.926979 1507.580862 2
1.857689 0.116254 0.883746 0.055756 0.000151 0.048531 0.074662 0.055907 0.032195 0.005896 0.005212 0.012453 0.941141 0.930757 0.894544 1640.795635 1766.760986 329.406304 1505.979281 0
1.887487 0.112968 0.887032 0.055724 0.000151 0.048515 0.074614 0.055875 0.032187 0.005888 0.005228 0.012421 0.941189 0.930789 0.894997 1640.925094 1932.978149 331.042241 1506.144533 2
1.917911 0.112833 0.887167 0.055668 0.000151 0.048467 0.074527 0.055819 0.032171 0.005896 0.005180 0.012421 0.941236 0.930876 0.895109 1640.789902 1805.447632 329.208705 1505.798514 1
1.963410 0.113445 0.886555 0.055597 0.000151 0.048427 0.074527 0.055748 0.032155 0.005841 0.005204 0.012397 0.941276 0.930884 0.895530 1640.878630 1658.977539 330.332933 1506.155767 0
1.998402 0.113302 0.886698 0.055493 0.000151 0.048292 0.074256 0.055644 0.032123 0.005793 0.005180 0.012397 0.941396 0.931139 0.895920 1640.688130 1726.819214 325.640849 1505.567317 0
2.033511 0.114201 0.885799 0.055525 0.000103 0.048260 0.074232 0.055628 0.032171 0.005793 0.005180 0.012381 0.941396 0.931163 0.896103 1640.850820 1671.441895 330.899113 1505.207507 0
2.066131 0.115641 0.884359 0.055525 0.000103 0.048260 0.074201 0.055628 0.032131 0.005817 0.005196 0.012381 0.941396 0.931210 0.896525 1639.891930 1880.041992 327.883878 1505.568708 1
2.100994 0.114352 0.885648 0.055517 0.000103 0.048252 0.074137 0.055621 0.032099 0.005849 0.005180 0.012389 0.941419 0.931274 0.896605 1640.723576 1714.893799 326.125621 1503.051961 0
2.140503 0.115665 0.884335 0.055509 0.000103 0.048220 0.074137 0.055613 0.032091 0.005849 0.005156 0.012413 0.941427 0.931274 0.896780 1640.673558 1828.309326 326.520201 1503.150401 1
2.178145 0.118506 0.881494 0.055310 0.000103 0.048061 0.073906 0.055414 0.032059 0.005793 0.005069 0.012389 0.941626 0.931505 0.897106 1640.743110 1757.538940 329.571934 1502.709028 0
2.224462 0.116859 0.883141 0.055310 0.000103 0.048061 0.073890 0.055414 0.032059 0.005793 0.005061 0.012397 0.941626 0.931505 0.897257 1640.978315 2000.071289 331.255342 1501.529257 1
2.268249 0.119254 0.880746 0.055310 0.000103 0.048061 0.073858 0.055414 0.031988 0.005856 0.005069 0.012397 0.941626 0.931521 0.897424 1640.672080 1874.748535 325.044258 1500.653491 2
2.306948 0.118140 0.881860 0.055310 0.000103 0.048053 0.073827 0.055414 0.031988 0.005856 0.005069 0.012397 0.941626 0.931545 0.897766 1640.894897 1693.823364 329.126430 1499.501906 0
2.352545 0.122103 0.877897 0.055167 0.000103 0.047966 0.073572 0.055270 0.031972 0.005825 0.005021 0.012350 0.941785 0.931807 0.897814 1640.703860 1844.182983 324.571018 1497.925233 1
2.392513 0.122079 0.877921 0.055135 0.000103 0.047966 0.073516 0.055239 0.031972 0.005817 0.005005 0.012342 0.941809 0.931855 0.897973 1640.885939 1677.003418 326.277759 1496.405322 0
2.445661 0.125357 0.874643 0.055048 0.000103 0.047902 0.073453 0.055151 0.031940 0.005817 0.004981 0.012310 0.941873 0.931927 0.898339 1640.711251 1714.445190 327.238743 1496.056641 0
2.498986 0.124983 0.875017 0.055048 0.000103 0.047902 0.073453 0.055151 0.031932 0.005817 0.004989 0.012310 0.941873 0.931927 0.898371 1640.878144 1759.903442 328.037597 1495.609227 0
2.555650 0.122477 0.877523 0.055024 0.000103 0.047862 0.073429 0.055127 0.031916 0.005801 0.005005 0.012302 0.941897 0.931934 0.898626 1640.934250 1701.221802 326.789484 1494.957951 0
2.605457 0.124060 0.875940 0.054960 0.000103 0.047823 0.073325 0.055064 0.031908 0.005793 0.004997 0.012262 0.941953 0.932014 0.898666 1640.559306 1692.722046 325.107572 1494.865893 0
2.668873 0.127338 0.872662 0.054960 0.000103 0.047823 0.073325 0.055064 0.031908 0.005793 0.004997 0.012262 0.941953 0.932014 0.898705 1640.761676 1648.358887 327.465876 1493.463982 0
2.728438 0.129097 0.870903 0.054960 0.000103 0.047823 0.073325 0.055064 0.031908 0.005785 0.005005 0.012262 0.941953 0.932014 0.899008 1640.570541 1663.813965 325.102422 1492.431955 0
2.808905 0.125747 0.874253 0.054960 0.000103 0.047823 0.073301 0.055064 0.031908 0.005785 0.005005 0.012262 0.941953 0.932038 0.899071 1640.479403 1661.285522 326.874186 1491.975122 0
2.874803 0.127872 0.872128 0.054960 0.000103 0.047823 0.073301 0.055064 0.031908 0.005785 0.005005 0.012262 0.941953 0.932038 0.899103 1640.811050 1645.826904 326.739830 1489.980979 0
2.937962 0.131977 0.868023 0.054960 0.000103 0.047823 0.073301 0.055064 0.031908 0.005785 0.005005 0.012262 0.941953 0.932038 0.899103 1640.794885 1661.073364 325.300065 1487.684179 0
2.996784 0.133664 0.866336 0.054976 0.000088 0.047823 0.073285 0.055064 0.031860 0.005753 0.005085 0.012278 0.941953 0.932046 0.899135 1640.751180 1673.419678 324.277342 1486.062503 0
3.079684 0.133720 0.866280 0.054976 0.000088 0.047823 0.073277 0.055064 0.031860 0.005753 0.005085 0.012278 0.941960 0.932046 0.899135 1640.875099 1654.119263 326.618153 1485.148874 0
3.158500 0.136887 0.863113 0.054976 0.000088 0.047823 0.073270 0.055064 0.031860 0.005753 0.005085 0.012278 0.941960 0.932046 0.899215 1640.754105 1752.789673 323.832660 1482.699921 0
3.216902 0.138638 0.861362 0.054928 0.000088 0.047751 0.073262 0.055016 0.031789 0.005753 0.005101 0.012286 0.942008 0.932062 0.899398 1640.692399 1641.781982 324.015706 1480.447276 0
3.310522 0.139958 0.860042 0.054928 0.000088 0.047751 0.073262 0.055016 0.031789 0.005753 0.005101 0.012286 0.942008 0.932062 0.899398 1640.819624 1644.157471 324.228851 1478.923295 0
3.414353 0.137301 0.862699 0.054928 0.000088 0.047751 0.073262 0.055016 0.031789 0.005753 0.005101 0.012286 0.942008 0.932062 0.899437 1640.788917 1642.312256 324.229340 1477.476188 0
3.526992 0.146730 0.853270 0.054928 0.000088 0.047751 0.073262 0.055016 0.031789 0.005753 0.005101 0.012286 0.942008 0.932062 0.899445 1640.826673 1644.293579 322.918449 1473.638933 0
3.642271 0.150319 0.849681 0.054928 0.000088 0.047751 0.073262 0.055016 0.031789 0.005753 0.005101 0.012286 0.942008 0.932062 0.899445 1640.639055 1640.877441 321.694834 1470.692209 0
3.785298 0.156350 0.843650 0.054928 0.000088 0.047751 0.073262 0.055016 0.031789 0.005753 0.005101 0.012286 0.942008 0.932062 0.899445 1640.879083 1645.318970 322.194581 1465.466599 0
3.948247 0.163321 0.836679 0.054928 0.000088 0.047751 0.073262 0.055016 0.031789 0.005753 0.005101 0.012286 0.942008 0.932062 0.899445 1640.738776 1656.476929 321.189611 1460.289191 0
4.118640 0.166185 0.833815 0.054928 0.000088 0.047751 0.073262 0.055016 0.031789 0.005753 0.005101 0.012286 0.942008 0.932062 0.899445 1640.452543 1641.543335 318.498885 1455.760392 0
4.276925 0.174445 0.825555 0.054928 0.000088 0.047751 0.073262 0.055016 0.031789 0.005753 0.005101 0.012286 0.942008 0.932062 0.899445 1640.674720 1641.841797 319.283647 1449.849852 0
4.469155 0.180842 0.819158 0.054928 0.000088 0.047751 0.073262 0.055016 0.031789 0.005753 0.005101 0.012286 0.942008 0.932062 0.899445 1640.782348 1640.834717 318.182614 1442.983940 0
4.676900 0.190566 0.809434 0.054928 0.000088 0.047751 0.073262 0.055016 0.031789 0.005753 0.005101 0.012286 0.942008 0.932062 0.899445 1640.675867 1641.366699 317.093395 1435.408942 0
4.899796 0.203560 0.796440 0.054928 0.000088 0.047751 0.073262 0.055016 0.031789 0.005753 0.005101 0.012286 0.942008 0.932062 0.899445 1640.642884 1640.848999 315.724584 1426.458690 0
5.137409 0.212568 0.787432 0.054928 0.000088 0.047751 0.073262 0.055016 0.031789 0.005753 0.005101 0.012286 0.942008 0.932062 0.899445 1640.709485 1643.669067 314.298543 1417.217156 0
5.392745 0.225164 0.774836 0.054928 0.000088 0.047751 0.073262 0.055016 0.031789 0.005753 0.005101 0.012286 0.942008 0.932062 0.899445 1640.700153 1643.152466 312.888661 1407.346254 0
5.670587 0.238818 0.761182 0.054928 0.000088 0.047751 0.073262 0.055016 0.031789 0.005753 0.005101 0.012286 0.942008 0.932062 0.899445 1640.640879 1640.769287 311.339248 1396.481173 0
5.966824 0.251414 0.748586 0.054928 0.000088 0.047751 0.073262 0.055016 0.031789 0.005753 0.005101 0.012286 0.942008 0.932062 0.899445 1640.703892 1640.703979 309.719935 1385.179174 0
6.285400 0.266827 0.733173 0.054928 0.000088 0.047751 0.073262 0.055016 0.031789 0.005753 0.005101 0.012286 0.942008 0.932062 0.899445 1640.667934 1640.676147 308.062847 1373.254346 0
6.621712 0.281461 0.718539 0.054928 0.000088 0.047751 0.073262 0.055016 0.031789 0.005753 0.005101 0.012286 0.942008 0.932062 0.899445 1640.680003 1640.693848 306.359462 1360.981969 0
6.979039 0.296046 0.703954 0.054928 0.000088 0.047751 0.073262 0.055016 0.031789 0.005753 0.005101 0.012286 0.942008 0.932062 0.899445 1640.656346 1640.657593 304.627500 1348.401756 0
7.358480 0.311029 0.688971 0.054928 0.000088 0.047751 0.073262 0.055016 0.031789 0.005753 0.005101 0.012286 0.942008 0.932062 0.899445 1640.673647 1640.693115 302.869250 1335.538664 0
7.759235 0.326665 0.673335 0.054928 0.000088 0.047751 0.073262 0.055016 0.031789 0.005753 0.005101 0.012286 0.942008 0.932062 0.899445 1640.668309 1640.668945 301.095754 1322.482961 0
8.181906 0.341935 0.658065 0.054928 0.000088 0.047751 0.073262 0.055016 0.031789 0.005753 0.005101 0.012286 0.942008 0.932062 0.899445 1640.679383 1640.679565 299.315108 1309.299132 0
8.627281 0.357125 0.642875 0.054928 0.000088 0.047751 0.073262 0.055016 0.031789 0.005753 0.005101 0.012286 0.942008 0.932062 0.899445 1640.669032 1640.671875 297.533468 1296.042483 0
9.095901 0.372260 0.627740 0.054928 0.000088 0.047751 0.073262 0.055016 0.031789 0.005753 0.005101 0.012286 0.942008 0.932062 0.899445 1640.662183 1640.669556 295.754326 1282.744853 0
9.588191 0.387020 0.612980 0.054928 0.000088 0.047751 0.073262 0.055016 0.031789 0.005753 0.005101 0.012286 0.942008 0.932062 0.899445 1640.680003 1640.681030 293.980337 1269.434263 0
10.025807 0.399784 0.600216 0.054928 0.000088 0.047751 0.073262 0.055016 0.031789 0.005753 0.005101 0.012286 0.942008 0.932062 0.899445 1640.681171 1640.681519 292.229774 1257.949606 0
10.329972 0.407932 0.592068 0.054928 0.000088 0.047751 0.073262 0.055016 0.031789 0.005753 0.005101 0.012286 0.942008 0.932062 0.899445 1640.679850 1640.680786 290.957257 1250.108930 0
10.564929 0.414059 0.585941 0.054928 0.000088 0.047751 0.073262 0.055016 0.031789 0.005753 0.005101 0.012286 0.942008 0.932062 0.899445 1640.682529 1640.684937 290.025200 1244.187080 0
10.764139 0.418745 0.581255 0.054928 0.000088 0.047751 0.073262 0.055016 0.031789 0.005753 0.005101 0.012286 0.942008 0.932062 0.899445 1640.681190 1640.683105 289.273121 1239.272373 0
10.941492 0.422708 0.577292 0.054928 0.000088 0.047751 0.073262 0.055016 0.031789 0.005753 0.005101 0.012286 0.942008 0.932062 0.899445 1640.683682 1640.684326 288.648247 1234.986133 0
