1.800000 1.000000 0.000000 0.000000 1.000000 1.000000 1.000000 1.000000 0.000000 0.000000 0.000000 0.000000 0.000000 0.000000 0.000000 150.000000 150.000000 150.000000 150.000000 0
1.809320 1.000000 0.000000 0.000000 1.000000 1.000000 1.000000 1.000000 0.000000 0.000000 0.000000 0.000000 0.000000 0.000000 0.000000 157.595127 157.595230 151.469372 157.326851 0
1.826445 1.000000 0.000000 0.000000 1.000000 1.000000 1.000000 1.000000 0.000000 0.000000 0.000000 0.000000 0.000000 0.000000 0.000000 171.391226 171.391235 153.727238 170.335296 0
1.840669 1.000000 0.000000 0.000000 1.000000 1.000000 1.000000 1.000000 0.000000 0.000000 0.000000 0.000000 0.000000 0.000000 0.000000 182.672852 182.672867 155.121127 180.771312 0
1.854416 1.000000 0.000000 0.000000 1.000000 1.000000 1.000000 1.000000 0.000000 0.000000 0.000000 0.000000 0.000000 0.000000 0.000000 193.429154 193.429169 156.410139 190.657818 0
1.867915 1.000000 0.000000 0.000000 1.000000 1.000000 1.000000 1.000000 0.000000 0.000000 0.000000 0.000000 0.000000 0.000000 0.000000 203.853038 203.853043 157.642602 200.198153 0
1.881247 1.000000 0.000000 0.000000 1.000000 1.000000 1.000000 1.000000 0.000000 0.000000 0.000000 0.000000 0.000000 0.000000 0.000000 214.015417 214.015411 158.834514 209.467692 0
1.894455 1.000000 0.000000 0.000000 1.000000 1.000000 1.000000 1.000000 0.000000 0.000000 0.000000 0.000000 0.000000 0.000000 0.000000 223.954553 223.954559 159.993586 218.507126 0
1.907565 1.000000 0.000000 0.000000 1.000000 1.000000 1.000000 1.000000 0.000000 0.000000 0.000000 0.000000 0.000000 0.000000 0.000000 233.695321 233.695328 161.124380 227.342768 0
1.920596 1.000000 0.000000 0.000000 1.000000 1.000000 1.000000 1.000000 0.000000 0.000000 0.000000 0.000000 0.000000 0.000000 0.000000 243.255493 243.255493 162.229954 235.993422 0
1.933562 1.000000 0.000000 0.000000 1.000000 1.000000 1.000000 1.000000 0.000000 0.000000 0.000000 0.000000 0.000000 0.000000 0.000000 252.648740 252.648743 163.312550 244.473525 0
1.998986 1.000000 0.000000 0.887319 0.112681 1.000000 1.000000 1.000000 0.887319 0.000000 0.000000 0.000000 0.000000 0.000000 0.000000 298.293022 298.293030 168.528448 285.422722 0
2.063785 1.000000 0.000000 0.903321 0.096679 1.000000 1.000000 1.000000 0.903321 0.000000 0.000000 0.000000 0.000000 0.000000 0.000000 340.743324 340.743317 173.321722 323.143803 0
2.128412 1.000000 0.000000 0.908525 0.091475 1.000000 1.000000 1.000000 0.908525 0.000000 0.000000 0.000000 0.000000 0.000000 0.000000 380.514689 380.514679 177.766508 358.176439 0
2.193150 1.000000 0.000000 0.910904 0.089096 1.000000 1.000000 1.000000 0.910904 0.000000 0.000000 0.000000 0.000000 0.000000 0.000000 417.940834 417.940826 181.909639 390.869246 0
2.258196 1.000000 0.000000 0.912272 0.087728 1.000000 1.000000 1.000000 0.912272 0.000000 0.000000 0.000000 0.000000 0.000000 0.000000 453.260778 453.260773 185.784169 421.471391 0
2.323702 1.000000 0.000000 0.913283 0.086717 1.000000 1.000000 1.000000 0.913283 0.000000 0.000000 0.000000 0.000000 0.000000 0.000000 486.656862 486.656860 189.415054 450.172555 0
2.389788 1.000000 0.000000 0.913943 0.086057 1.000000 1.000000 1.000000 0.913943 0.000000 0.000000 0.000000 0.000000 0.000000 0.000000 518.244382 518.244385 192.819247 477.101667 0
2.456556 1.000000 0.000000 0.914429 0.085571 1.000000 1.000000 1.000000 0.914429 0.000000 0.000000 0.000000 0.000000 0.000000 0.000000 547.844778 547.844788 195.983481 502.150558 0
2.524094 1.000000 0.000000 0.914644 0.085356 1.000000 1.000000 1.000000 0.914644 0.000000 0.000000 0.000000 0.000000 0.000000 0.000000 575.587855 575.587830 198.923184 525.438500 0
2.592482 1.000000 0.000000 0.914835 0.085165 1.000000 1.000000 1.000000 0.914835 0.000000 0.000000 0.000000 0.000000 0.000000 0.000000 601.644644 601.644653 201.658529 547.122973 0
2.661792 1.000000 0.000000 0.914890 0.085110 1.000000 1.000000 1.000000 0.914890 0.000000 0.000000 0.000000 0.000000 0.000000 0.000000 626.155727 626.155701 204.206396 567.335764 0
2.732096 1.000000 0.000000 0.914946 0.085054 1.000000 1.000000 1.000000 0.914946 0.000000 0.000000 0.000000 0.000000 0.000000 0.000000 649.237741 649.237732 206.580959 586.187655 0
2.803460 1.000000 0.000000 0.914946 0.085054 1.000000 1.000000 1.000000 0.914946 0.000000 0.000000 0.000000 0.000000 0.000000 0.000000 670.992906 670.992920 208.794521 603.774735 0
2.875946 1.000000 0.000000 0.914946 0.085054 1.000000 1.000000 1.000000 0.914946 0.000000 0.000000 0.000000 0.000000 0.000000 0.000000 691.502628 691.502625 210.857182 620.175817 0
2.949617 1.000000 0.000000 0.914946 0.085054 1.000000 1.000000 1.000000 0.914946 0.000000 0.000000 0.000000 0.000000 0.000000 0.000000 710.836378 710.836365 212.777815 635.460209 0
3.024532 1.000000 0.000000 0.914946 0.085054 1.000000 1.000000 1.000000 0.914946 0.000000 0.000000 0.000000 0.000000 0.000000 0.000000 729.066378 729.066406 214.564948 649.694530 0
3.100751 1.000000 0.000000 0.914946 0.085054 1.000000 1.000000 1.000000 0.914946 0.000000 0.000000 0.000000 0.000000 0.000000 0.000000 746.248162 746.248169 216.225702 662.934373 0
3.178331 1.000000 0.000000 0.914946 0.085054 1.000000 1.000000 1.000000 0.914946 0.000000 0.000000 0.000000 0.000000 0.000000 0.000000 762.430018 762.429993 217.766245 675.227889 0
3.257328 1.000000 0.000000 0.914946 0.085054 1.000000 1.000000 1.000000 0.283760 0.631186 0.000000 0.000000 0.000000 0.000000 0.000000 777.666231 777.666260 219.193085 686.626003 0
3.337799 1.000000 0.000000 0.914946 0.085054 1.000000 1.000000 1.000000 0.226318 0.688628 0.000000 0.000000 0.000000 0.000000 0.000000 792.000457 792.000427 220.511733 697.171720 0
3.419799 1.000000 0.000000 0.914946 0.085054 1.000000 1.000000 1.000000 0.205844 0.709102 0.000000 0.000000 0.000000 0.000000 0.000000 805.474224 805.474243 221.727370 706.905584 0
3.503383 1.000000 0.000000 0.914946 0.085054 1.000000 1.000000 1.000000 0.194314 0.720632 0.000000 0.000000 0.000000 0.000000 0.000000 818.126933 818.126953 222.844898 715.865893 0
3.588605 1.000000 0.000000 0.914946 0.085054 1.000000 1.000000 1.000000 0.187113 0.727833 0.000000 0.000000 0.000000 0.000000 0.000000 829.995722 829.995728 223.868956 724.088913 0
3.675520 1.000000 0.000000 0.914946 0.085054 1.000000 1.000000 1.000000 0.182306 0.732639 0.000000 0.000000 0.000000 0.000000 0.000000 841.116641 841.116638 224.803991 731.609455 0
3.764180 1.000000 0.000000 0.914946 0.085054 1.000000 1.000000 1.000000 0.179323 0.735623 0.000000 0.000000 0.000000 0.000000 0.000000 851.524639 851.524658 225.654279 738.460985 0
3.854639 1.000000 0.000000 0.914946 0.085054 1.000000 1.000000 1.000000 0.177198 0.737748 0.000000 0.000000 0.000000 0.000000 0.000000 861.252294 861.252319 226.423857 744.675064 0
3.946948 1.000000 0.000000 0.914946 0.085054 1.000000 1.000000 1.000000 0.176164 0.738782 0.000000 0.000000 0.000000 0.000000 0.000000 870.326089 870.326111 227.116309 750.279714 0
4.041158 1.000000 0.000000 0.914946 0.085054 1.000000 1.000000 1.000000 0.175750 0.171357 0.567839 0.000000 0.000000 0.000000 0.000000 878.782509 878.782532 227.735830 755.307809 0
4.137320 1.000000 0.000000 0.914946 0.085054 1.000000 1.000000 1.000000 0.175750 0.134993 0.604203 0.000000 0.000000 0.000000 0.000000 886.652010 886.652039 228.286078 759.787994 0
4.235481 1.000000 0.000000 0.914946 0.085054 1.000000 1.000000 1.000000 0.175750 0.118490 0.620706 0.000000 0.000000 0.000000 0.000000 893.955063 893.955078 228.770124 763.744336 0
4.335688 1.000000 0.000000 0.914946 0.085054 1.000000 1.000000 1.000000 0.175750 0.109109 0.630088 0.000000 0.000000 0.000000 0.000000 900.730119 900.730103 229.192045 767.208879 0
4.437988 1.000000 0.000000 0.914946 0.085054 1.000000 1.000000 1.000000 0.175750 0.102974 0.636223 0.000000 0.000000 0.000000 0.000000 906.995782 906.995789 229.554667 770.203697 0
4.542424 1.000000 0.000000 0.914946 0.085054 1.000000 1.000000 1.000000 0.175750 0.099385 0.639811 0.000000 0.000000 0.000000 0.000000 912.787256 912.787231 229.861806 772.758716 0
4.649036 1.000000 0.000000 0.914946 0.085054 1.000000 1.000000 1.000000 0.175750 0.097491 0.641705 0.000000 0.000000 0.000000 0.000000 918.120500 918.120483 230.116064 774.894288 0
4.757865 1.000000 0.000000 0.914946 0.085054 1.000000 1.000000 1.000000 0.175750 0.096831 0.642366 0.000000 0.000000 0.000000 0.000000 923.029842 923.029846 230.321071 776.638842 0
4.868945 1.000000 0.000000 0.914946 0.085054 1.000000 1.000000 1.000000 0.175750 0.096807 0.642389 0.000000 0.000000 0.000000 0.000000 927.535878 927.535889 230.479667 778.014668 0
4.982310 1.000000 0.000000 0.914946 0.085054 1.000000 1.000000 1.000000 0.175750 0.096807 0.642389 0.000000 0.000000 0.000000 0.000000 931.661972 931.661987 230.594707 779.044155 0
5.097991 1.000000 0.000000 0.914946 0.085054 1.000000 1.000000 1.000000 0.175750 0.096807 0.642389 0.000000 0.000000 0.000000 0.000000 935.435116 935.435120 230.669295 779.751672 0
5.216016 1.000000 0.000000 0.914946 0.085054 1.000000 1.000000 1.000000 0.175750 0.096807 0.642389 0.000000 0.000000 0.000000 0.000000 938.877348 938.877319 230.706174 780.158781 0
5.336407 1.000000 0.000000 0.914946 0.085054 1.000000 1.000000 1.000000 0.175750 0.096807 0.642389 0.000000 0.000000 0.000000 0.000000 942.006150 942.006165 230.707798 780.284780 0
5.459185 1.000000 0.000000 0.914946 0.085054 1.000000 1.000000 1.000000 0.175750 0.096807 0.642389 0.000000 0.000000 0.000000 0.000000 944.847639 944.847656 230.677002 780.151992 0
5.584367 1.000000 0.000000 0.914946 0.085054 1.000000 1.000000 1.000000 0.175750 0.096807 0.642389 0.000000 0.000000 0.000000 0.000000 947.422125 947.422119 230.616301 779.780195 0
5.711613 1.000000 0.000000 0.914946 0.085054 1.000000 1.000000 1.000000 0.175750 0.096807 0.642389 0.000000 0.000000 0.000000 0.000000 949.743149 949.743164 230.523623 779.188554 0
5.839113 1.000000 0.000000 0.914946 0.085054 1.000000 1.000000 1.000000 0.175750 0.096807 0.642389 0.000000 0.000000 0.000000 0.000000 951.803196 951.803223 230.402339 778.406874 0
5.966613 1.000000 0.000000 0.914946 0.085054 1.000000 1.000000 1.000000 0.175750 0.096807 0.642389 0.000000 0.000000 0.000000 0.000000 953.626578 953.626587 230.261853 777.463934 0
6.094113 1.000000 0.000000 0.914946 0.085054 1.000000 1.000000 1.000000 0.175750 0.096807 0.642389 0.000000 0.000000 0.000000 0.000000 955.243184 955.243164 230.105212 776.383778 0
6.221613 1.000000 0.000000 0.914946 0.085054 1.000000 1.000000 1.000000 0.175750 0.096807 0.642389 0.000000 0.000000 0.000000 0.000000 956.676762 956.676758 229.934892 775.186510 0
6.349113 1.000000 0.000000 0.914946 0.085054 1.000000 1.000000 1.000000 0.175750 0.096807 0.642389 0.000000 0.000000 0.000000 0.000000 957.948744 957.948730 229.753039 773.889681 0
6.476613 1.000000 0.000000 0.914946 0.085054 1.000000 1.000000 1.000000 0.175750 0.096807 0.642389 0.000000 0.000000 0.000000 0.000000 959.077944 959.077942 229.561511 772.508569 0
6.604113 1.000000 0.000000 0.914946 0.085054 1.000000 1.000000 1.000000 0.175750 0.096807 0.642389 0.000000 0.000000 0.000000 0.000000 960.080801 960.080811 229.361928 771.056537 0
6.731613 1.000000 0.000000 0.914946 0.085054 1.000000 1.000000 1.000000 0.175750 0.096807 0.642389 0.000000 0.000000 0.000000 0.000000 960.971869 960.971863 229.155700 769.545232 0
6.859113 1.000000 0.000000 0.914946 0.085054 1.000000 1.000000 1.000000 0.175750 0.096807 0.642389 0.000000 0.000000 0.000000 0.000000 961.764359 961.764343 228.944049 767.984829 0
6.986613 1.000000 0.000000 0.914946 0.085054 1.000000 1.000000 1.000000 0.175750 0.096807 0.642389 0.000000 0.000000 0.000000 0.000000 962.469414 962.469421 228.728038 766.384175 0
7.114113 1.000000 0.000000 0.914946 0.085054 1.000000 1.000000 1.000000 0.175750 0.096807 0.642389 0.000000 0.000000 0.000000 0.000000 963.097385 963.097412 228.508594 764.751005 0
7.241613 1.000000 0.000000 0.914946 0.085054 1.000000 1.000000 1.000000 0.175750 0.096807 0.642389 0.000000 0.000000 0.000000 0.000000 963.657223 963.657227 228.286519 763.092025 0
7.369113 1.000000 0.000000 0.914946 0.085054 1.000000 1.000000 1.000000 0.175750 0.096807 0.642389 0.000000 0.000000 0.000000 0.000000 964.156660 964.156677 228.062504 761.413047 0
7.496613 1.000000 0.000000 0.914946 0.085054 1.000000 1.000000 1.000000 0.175750 0.096807 0.642389 0.000000 0.000000 0.000000 0.000000 964.602197 964.602173 227.837133 759.718997 0
7.624113 1.000000 0.000000 0.914946 0.085054 1.000000 1.000000 1.000000 0.175750 0.096807 0.642389 0.000000 0.000000 0.000000 0.000000 965.000560 965.000549 227.610931 758.014353 0
7.751613 1.000000 0.000000 0.914946 0.085054 1.000000 1.000000 1.000000 0.175750 0.096807 0.642389 0.000000 0.000000 0.000000 0.000000 965.357458 965.357483 227.384352 756.302950 0
7.879113 1.000000 0.000000 0.914946 0.085054 1.000000 1.000000 1.000000 0.175750 0.096807 0.642389 0.000000 0.000000 0.000000 0.000000 965.677581 965.677551 227.157772 754.588027 0
8.006613 1.000000 0.000000 0.914946 0.085054 1.000000 1.000000 1.000000 0.175750 0.096807 0.642389 0.000000 0.000000 0.000000 0.000000 965.965006 965.965027 226.931517 752.872388 0
8.134113 1.000000 0.000000 0.914946 0.085054 1.000000 1.000000 1.000000 0.175750 0.096807 0.642389 0.000000 0.000000 0.000000 0.000000 966.223753 966.223755 226.705865 751.158438 0
8.261613 1.000000 0.000000 0.914946 0.085054 1.000000 1.000000 1.000000 0.175750 0.096807 0.642389 0.000000 0.000000 0.000000 0.000000 966.457110 966.457092 226.481050 749.448242 0
8.389113 1.000000 0.000000 0.914946 0.085054 1.000000 1.000000 1.000000 0.175750 0.096807 0.642389 0.000000 0.000000 0.000000 0.000000 966.668061 966.668091 226.257272 747.743544 0
8.516613 1.000000 0.000000 0.914946 0.085054 1.000000 1.000000 1.000000 0.175750 0.096807 0.642389 0.000000 0.000000 0.000000 0.000000 966.859223 966.859253 226.034693 746.045813 0
8.644113 1.000000 0.000000 0.914946 0.085054 1.000000 1.000000 1.000000 0.175750 0.096807 0.642389 0.000000 0.000000 0.000000 0.000000 967.032727 967.032715 225.813454 744.356307 0
8.771613 1.000000 0.000000 0.914946 0.085054 1.000000 1.000000 1.000000 0.175750 0.096807 0.642389 0.000000 0.000000 0.000000 0.000000 967.190766 967.190796 225.593669 742.676077 0
8.899113 1.000000 0.000000 0.914946 0.085054 1.000000 1.000000 1.000000 0.175750 0.096807 0.642389 0.000000 0.000000 0.000000 0.000000 967.335044 967.335022 225.375429 741.005979 0
9.026613 1.000000 0.000000 0.914946 0.085054 1.000000 1.000000 1.000000 0.175750 0.096807 0.642389 0.000000 0.000000 0.000000 0.000000 967.467205 967.467224 225.158813 739.346751 0
9.154113 1.000000 0.000000 0.914946 0.085054 1.000000 1.000000 1.000000 0.175750 0.096807 0.642389 0.000000 0.000000 0.000000 0.000000 967.588676 967.588684 224.943877 737.698962 0
9.281613 1.000000 0.000000 0.914946 0.085054 1.000000 1.000000 1.000000 0.175750 0.096807 0.642389 0.000000 0.000000 0.000000 0.000000 967.700575 967.700623 224.730668 736.063080 0
9.409113 1.000000 0.000000 0.914946 0.085054 1.000000 1.000000 1.000000 0.175750 0.096807 0.642389 0.000000 0.000000 0.000000 0.000000 967.804053 967.804077 224.519220 734.439475 0
9.536613 1.000000 0.000000 0.914946 0.085054 1.000000 1.000000 1.000000 0.175750 0.096807 0.642389 0.000000 0.000000 0.000000 0.000000 967.900169 967.900208 224.309558 732.828433 0
9.664113 1.000000 0.000000 0.914946 0.085054 1.000000 1.000000 1.000000 0.175750 0.096807 0.642389 0.000000 0.000000 0.000000 0.000000 967.989709 967.989807 224.101695 731.230151 0
9.791613 1.000000 0.000000 0.914946 0.085054 1.000000 1.000000 1.000000 0.175750 0.096807 0.642389 0.000000 0.000000 0.000000 0.000000 968.073470 968.073547 223.895640 729.644767 0
9.919113 1.000000 0.000000 0.914946 0.085054 1.000000 1.000000 1.000000 0.175750 0.096807 0.642389 0.000000 0.000000 0.000000 0.000000 968.152352 968.152466 223.691396 728.072386 0
10.046613 1.000000 0.000000 0.914946 0.085054 1.000000 1.000000 1.000000 0.175750 0.096807 0.642389 0.000000 0.000000 0.000000 0.000000 968.226243 968.226318 223.488957 726.513027 0
10.174113 1.000000 0.000000 0.914946 0.085054 1.000000 1.000000 1.000000 0.175750 0.096807 0.642389 0.000000 0.000000 0.000000 0.000000 968.296316 968.296387 223.288315 724.966687 0
10.301613 1.000000 0.000000 0.914946 0.085054 1.000000 1.000000 1.000000 0.175750 0.096807 0.642389 0.000000 0.000000 0.000000 0.000000 968.362901 968.362976 223.089459 723.433344 0
10.429113 1.000000 0.000000 0.914946 0.085054 1.000000 1.000000 1.000000 0.175750 0.096807 0.642389 0.000000 0.000000 0.000000 0.000000 968.426313 968.426392 222.892373 721.912918 0
10.556613 1.000000 0.000000 0.914946 0.085054 1.000000 1.000000 1.000000 0.175750 0.096807 0.642389 0.000000 0.000000 0.000000 0.000000 968.486919 968.487000 222.697039 720.405324 0
10.684113 1.000000 0.000000 0.914946 0.085054 1.000000 1.000000 1.000000 0.175750 0.096807 0.642389 0.000000 0.000000 0.000000 0.000000 968.545284 968.545349 222.503436 718.910442 0
10.811613 1.000000 0.000000 0.914946 0.085054 1.000000 1.000000 1.000000 0.175750 0.096807 0.642389 0.000000 0.000000 0.000000 0.000000 968.601275 968.601379 222.311543 717.428162 0
10.939113 1.000000 0.000000 0.914946 0.085054 1.000000 1.000000 1.000000 0.175750 0.096807 0.642389 0.000000 0.000000 0.000000 0.000000 968.655000 968.655090 222.121337 715.958325 0
