0.800000 1.000000 0.000000 0.000000 1.000000 1.000000 1.000000 1.000000 0.000000 0.000000 0.000000 0.000000 0.000000 0.000000 0.000000 150.000000 150.000000 150.000000 150.000000 0
0.807941 1.000000 0.000000 0.000000 1.000000 1.000000 1.000000 1.000000 0.000000 0.000000 0.000000 0.000000 0.000000 0.000000 0.000000 167.020208 167.020447 153.214548 166.457624 0
0.818318 1.000000 0.000000 0.000000 1.000000 1.000000 1.000000 1.000000 0.000000 0.000000 0.000000 0.000000 0.000000 0.000000 0.000000 189.074006 189.074905 156.570436 187.294750 0
0.827232 1.000000 0.000000 0.000000 1.000000 1.000000 1.000000 1.000000 0.000000 0.000000 0.000000 0.000000 0.000000 0.000000 0.000000 207.839288 207.840088 158.893231 204.754269 0
0.835853 1.000000 0.000000 0.000000 1.000000 1.000000 1.000000 1.000000 0.000000 0.000000 0.000000 0.000000 0.000000 0.000000 0.000000 225.833173 225.833298 161.064621 221.399476 0
0.844326 1.000000 0.000000 0.000000 1.000000 1.000000 1.000000 1.000000 0.000000 0.000000 0.000000 0.000000 0.000000 0.000000 0.000000 243.373492 243.373611 163.154186 237.565015 0
0.852701 1.000000 0.000000 0.000000 1.000000 1.000000 1.000000 1.000000 0.000000 0.000000 0.000000 0.000000 0.000000 0.000000 0.000000 260.568973 260.569061 165.186438 253.368130 0
0.861002 1.000000 0.000000 0.880324 0.119676 1.000000 1.000000 1.000000 0.880324 0.000000 0.000000 0.000000 0.000000 0.000000 0.000000 277.474694 277.474731 167.173503 268.868750 0
0.869242 1.000000 0.000000 0.908636 0.091364 1.000000 1.000000 1.000000 0.908636 0.000000 0.000000 0.000000 0.000000 0.000000 0.000000 294.124980 294.124969 169.122496 284.104186 0
0.877433 1.000000 0.000000 0.914150 0.085850 1.000000 1.000000 1.000000 0.914150 0.000000 0.000000 0.000000 0.000000 0.000000 0.000000 310.543859 310.543854 171.038069 299.100491 0
0.885582 1.000000 0.000000 0.917063 0.082937 1.000000 1.000000 1.000000 0.917063 0.000000 0.000000 0.000000 0.000000 0.000000 0.000000 326.749340 326.749329 172.923506 313.877054 0
0.926655 1.000000 0.000000 0.923436 0.076564 1.000000 1.000000 1.000000 0.923436 0.000000 0.000000 0.000000 0.000000 0.000000 0.000000 406.515570 406.515564 182.144467 386.288311 0
0.967192 1.000000 0.000000 0.925640 0.074360 1.000000 1.000000 1.000000 0.925640 0.000000 0.000000 0.000000 0.000000 0.000000 0.000000 482.195979 482.195984 190.820169 454.546014 0
1.007422 1.000000 0.000000 0.926866 0.073134 1.000000 1.000000 1.000000 0.926866 0.000000 0.000000 0.000000 0.000000 0.000000 0.000000 553.928710 553.928711 198.992221 518.899215 0
1.047486 1.000000 0.000000 0.927717 0.072283 1.000000 1.000000 1.000000 0.927717 0.000000 0.000000 0.000000 0.000000 0.000000 0.000000 620.920993 620.921021 206.584472 578.727721 0
1.087492 1.000000 0.000000 0.928250 0.071750 1.000000 1.000000 1.000000 0.928250 0.000000 0.000000 0.000000 0.000000 0.000000 0.000000 684.045481 684.045471 213.697358 634.827045 0
1.127529 1.000000 0.000000 0.928608 0.071392 1.000000 1.000000 1.000000 0.928608 0.000000 0.000000 0.000000 0.000000 0.000000 0.000000 743.940955 743.940979 220.416841 687.811376 0
1.167653 1.000000 0.000000 0.928791 0.071209 1.000000 1.000000 1.000000 0.095748 0.833043 0.000000 0.000000 0.000000 0.000000 0.000000 801.025540 801.025513 226.783855 738.065759 0
1.207653 1.000000 0.000000 0.928895 0.071105 1.000000 1.000000 1.000000 0.070461 0.858434 0.000000 0.000000 0.000000 0.000000 0.000000 855.259609 855.259583 232.777406 785.584645 0
1.248127 1.000000 0.000000 0.929046 0.070954 1.000000 1.000000 1.000000 0.059655 0.044274 0.825118 0.000000 0.000000 0.000000 0.000000 907.622457 907.622437 238.586961 831.271123 0
1.288256 1.000000 0.000000 0.929149 0.070851 1.000000 1.000000 1.000000 0.053862 0.027961 0.847326 0.000000 0.000000 0.000000 0.000000 957.205469 957.205444 244.041081 874.325840 0
1.329206 1.000000 0.000000 0.929213 0.070787 1.000000 1.000000 1.000000 0.049724 0.021540 0.047719 0.810230 0.000000 0.000000 0.000000 1005.560202 1005.560181 249.321097 916.122619 0
1.370140 1.000000 0.000000 0.929253 0.070747 1.000000 1.000000 1.000000 0.046860 0.018095 0.029983 0.834316 0.000000 0.000000 0.000000 1051.740234 1051.740234 254.355812 955.869839 0
1.411037 1.000000 0.000000 0.929309 0.070691 0.213244 1.000000 1.000000 0.044679 0.015707 0.023688 0.845233 0.000000 0.000000 0.000000 1095.818447 1095.818481 259.118584 993.610562 0
1.452891 1.000000 0.000000 0.929348 0.070652 0.182919 1.000000 1.000000 0.042802 0.014554 0.019766 0.852228 0.000000 0.000000 0.000000 1138.917627 1138.917603 263.737745 1030.376490 0
1.494793 1.000000 0.000000 0.929356 0.070644 0.169639 1.000000 1.000000 0.041465 0.013456 0.017339 0.857097 0.000000 0.000000 0.000000 1180.106686 1180.106689 268.187979 1065.323235 0
1.536546 1.000000 0.000000 0.929356 0.070644 0.161578 1.000000 1.000000 0.040414 0.012644 0.015843 0.860455 0.000000 0.000000 0.000000 1219.369654 1219.369629 272.380808 1098.473896 0
1.579173 1.000000 0.000000 0.151114 0.070620 0.156183 1.000000 0.221734 0.039666 0.011832 0.014705 0.084911 0.000000 0.000000 0.000000 1257.697096 1257.697144 276.422775 1130.671987 0
1.622510 1.000000 0.000000 0.128810 0.070612 0.152340 1.000000 0.199422 0.039030 0.011442 0.013647 0.064692 0.756535 0.000000 0.000000 1294.931511 1294.931519 280.382783 1161.812228 0
1.665668 1.000000 0.000000 0.117312 0.070612 0.149332 1.000000 0.187924 0.038568 0.010941 0.012883 0.054920 0.786955 0.000000 0.000000 1330.352344 1330.352295 284.104706 1191.265714 0
1.709460 1.000000 0.000000 0.109761 0.070612 0.146642 1.000000 0.180373 0.038218 0.010559 0.012246 0.048738 0.801047 0.000000 0.000000 1364.684428 1364.684448 287.677924 1219.652844 0
1.754049 1.000000 0.000000 0.104358 0.070612 0.144796 1.000000 0.174970 0.037948 0.010161 0.011936 0.044313 0.809792 0.000000 0.000000 1398.048739 1398.048706 291.152326 1247.106230 0
1.798136 0.285765 0.714235 0.100531 0.070612 0.143356 1.000000 0.171143 0.037757 0.010042 0.011347 0.041385 0.815967 0.715635 0.000000 1425.311258 1425.311279 293.952320 1269.813267 0
1.843488 0.245669 0.754331 0.097276 0.070612 0.142210 1.000000 0.167888 0.037526 0.009915 0.011076 0.038759 0.820455 0.754816 0.000000 1444.749842 1444.749878 296.115519 1286.503916 0
1.888772 0.229079 0.770921 0.094786 0.070612 0.141423 1.000000 0.165397 0.037486 0.009763 0.010806 0.036730 0.823884 0.771200 0.000000 1463.301827 1463.301880 297.987829 1302.005489 0
1.935017 0.219419 0.780581 0.092995 0.070612 0.140675 0.288877 0.163607 0.037462 0.009676 0.010591 0.035266 0.826375 0.780804 0.000000 1481.404984 1481.405029 299.940644 1316.940251 0
1.982019 0.212520 0.787480 0.091483 0.070612 0.140221 0.254414 0.162095 0.037462 0.009644 0.010392 0.033985 0.828261 0.787671 0.000000 1498.972606 1498.972656 301.723198 1331.208415 0
2.028777 0.207738 0.792262 0.090497 0.070612 0.139839 0.239359 0.161109 0.037462 0.009628 0.010297 0.033110 0.829796 0.792438 0.000000 1515.649479 1515.649536 303.377323 1344.575519 0
2.076604 0.203966 0.796034 0.089900 0.070612 0.139624 0.230137 0.160512 0.037462 0.009628 0.010241 0.032569 0.830998 0.796130 0.000000 1531.902541 1531.902588 305.020946 1357.472021 0
2.125247 0.201157 0.798843 0.089367 0.070612 0.139505 0.223875 0.159979 0.037462 0.009628 0.010241 0.032036 0.831825 0.798954 0.000000 1547.711806 1547.711914 306.582234 1369.860338 0
2.174243 0.198969 0.801031 0.089033 0.070612 0.139489 0.219435 0.159644 0.037462 0.009628 0.010241 0.031701 0.832367 0.801135 0.000000 1562.855076 1562.855103 308.005222 1381.574608 0
2.223351 0.197282 0.802718 0.088937 0.070612 0.139489 0.215918 0.159549 0.037462 0.009628 0.010241 0.031606 0.832677 0.802798 0.000000 1577.297679 1577.297729 309.432139 1392.619875 0
2.273745 0.196128 0.803872 0.088905 0.070612 0.139489 0.213284 0.159517 0.037462 0.009628 0.010241 0.031574 0.832828 0.803920 0.000000 1591.393232 1591.393311 310.764740 1403.269900 0
2.324600 0.195301 0.804699 0.088905 0.070612 0.139489 0.211374 0.159517 0.037462 0.009628 0.010241 0.031574 0.832884 0.804771 0.000000 1604.927613 1604.927612 311.973590 1413.355065 0
2.376071 0.194584 0.805416 0.088905 0.070612 0.139489 0.209950 0.159517 0.037462 0.009628 0.010241 0.031574 0.832884 0.805479 0.000000 1617.972988 1617.973022 313.224328 1422.959917 0
2.428392 0.194210 0.805790 0.088905 0.070612 0.139489 0.208828 0.159517 0.037462 0.009628 0.010241 0.031574 0.832884 0.805861 0.000000 1630.585064 1630.585083 314.366358 1432.112083 0
2.481386 0.193502 0.806498 0.088905 0.070612 0.139489 0.206751 0.159517 0.037462 0.009628 0.010241 0.031574 0.832884 0.806601 0.693108 1640.993166 1648.511719 315.440536 1440.757291 0
2.529919 0.174906 0.825094 0.080885 0.070612 0.136004 0.182235 0.151496 0.036842 0.009039 0.009405 0.025598 0.843244 0.826271 0.720783 1641.224761 1650.099487 316.526102 1449.796906 0
2.573618 0.161379 0.838621 0.070341 0.070564 0.129638 0.167005 0.140905 0.035696 0.007941 0.007941 0.018763 0.855132 0.841151 0.748379 1641.048414 1645.065674 316.183762 1458.255317 0
2.600610 0.155570 0.844430 0.064811 0.070095 0.124935 0.160575 0.134906 0.033977 0.007177 0.006859 0.016798 0.861370 0.847565 0.755134 1641.074578 1670.541260 317.383437 1462.706901 0
2.632727 0.148616 0.851384 0.058032 0.069768 0.118753 0.151608 0.127800 0.031351 0.005912 0.005769 0.014999 0.868731 0.855920 0.764556 1641.026584 1663.302368 317.851219 1468.532949 0
2.666206 0.143086 0.856914 0.053305 0.069012 0.113676 0.145823 0.122317 0.029131 0.005124 0.005164 0.013885 0.874253 0.861832 0.772202 1641.007882 1647.444092 319.072205 1473.470502 0
2.693354 0.138821 0.861179 0.049151 0.067946 0.108719 0.141240 0.117098 0.026442 0.004623 0.004727 0.013360 0.879568 0.866431 0.778473 1640.944985 1647.298950 319.253374 1477.458715 0
2.715455 0.135487 0.864513 0.046884 0.067127 0.106228 0.137699 0.114010 0.025527 0.004424 0.004416 0.012517 0.882632 0.869709 0.782332 1640.961382 1684.015747 319.423070 1480.102828 0
2.734185 0.135399 0.864601 0.046876 0.065416 0.104263 0.135773 0.112291 0.025550 0.004193 0.004345 0.012787 0.884351 0.871301 0.784266 1640.939198 1721.280151 319.517770 1481.892876 0
2.757571 0.132805 0.867195 0.046494 0.063259 0.101653 0.132805 0.109753 0.025248 0.004138 0.004297 0.012811 0.886817 0.873807 0.787202 1640.976447 1643.082153 320.328431 1484.392193 0
2.776600 0.132471 0.867529 0.045690 0.062098 0.099703 0.130951 0.107788 0.024962 0.004026 0.004146 0.012556 0.888671 0.875805 0.789660 1640.944813 1660.641479 320.228203 1485.561122 0
2.793865 0.131349 0.868651 0.045865 0.060880 0.098494 0.129566 0.106745 0.025137 0.003971 0.004162 0.012596 0.889690 0.877118 0.791125 1640.946120 1642.586914 320.101766 1486.567023 0
2.814326 0.129535 0.870465 0.045284 0.059711 0.096847 0.128015 0.104995 0.025113 0.003732 0.004042 0.012397 0.891297 0.878812 0.793257 1641.011264 1683.013794 321.282328 1487.944569 0
2.835535 0.129272 0.870728 0.045762 0.057666 0.095199 0.126232 0.103427 0.025383 0.003764 0.004233 0.012381 0.892976 0.880404 0.795342 1640.946431 1665.362793 321.068427 1489.076954 0
2.852782 0.127506 0.872494 0.046072 0.056162 0.093990 0.124665 0.102234 0.025686 0.003660 0.004289 0.012437 0.894082 0.881876 0.797856 1640.979827 1669.007812 321.070735 1489.882189 0
2.872553 0.128381 0.871619 0.046502 0.054507 0.092780 0.123813 0.101008 0.026076 0.003597 0.004313 0.012517 0.895403 0.883133 0.799480 1640.949898 1641.582031 321.054570 1490.340233 0
2.893163 0.125779 0.874221 0.045921 0.054117 0.092001 0.122294 0.100037 0.025916 0.003668 0.004106 0.012230 0.896581 0.884653 0.800888 1640.916394 1649.691528 321.734922 1490.934626 0
2.906065 0.125755 0.874245 0.046080 0.053313 0.091444 0.121458 0.099393 0.026163 0.003692 0.004114 0.012111 0.897257 0.885290 0.801739 1641.005277 1801.641479 321.485808 1491.177003 0
2.916169 0.126049 0.873951 0.046072 0.052947 0.091300 0.120965 0.099019 0.026378 0.003740 0.004114 0.011840 0.897695 0.885751 0.802193 1640.963093 1737.082520 320.583556 1491.090031 0
2.934905 0.126376 0.873624 0.046287 0.052422 0.090998 0.120535 0.098709 0.026505 0.003732 0.004146 0.011904 0.897981 0.886157 0.803164 1640.992003 1676.536621 321.563881 1491.686712 0
2.955354 0.124657 0.875343 0.046144 0.051865 0.090346 0.119357 0.098008 0.026473 0.003819 0.003979 0.011872 0.898713 0.887112 0.804946 1640.975443 1666.345703 321.550723 1492.187632 0
2.972312 0.127864 0.872136 0.047051 0.050417 0.089637 0.118737 0.097467 0.026943 0.003883 0.004098 0.012127 0.899199 0.887510 0.805957 1640.934857 1644.830078 321.930141 1492.504265 0
2.989474 0.125516 0.874484 0.047313 0.049549 0.089088 0.117997 0.096862 0.027166 0.003915 0.004209 0.012023 0.899843 0.888218 0.806617 1640.945280 1658.244263 321.109311 1492.446072 0
3.005529 0.125596 0.874404 0.047313 0.049494 0.089080 0.117774 0.096807 0.027190 0.003899 0.004233 0.011991 0.899883 0.888345 0.806808 1640.951183 1643.029297 321.235439 1492.021548 0
3.018840 0.125954 0.874046 0.047472 0.049247 0.088969 0.117328 0.096719 0.027277 0.003923 0.004185 0.012087 0.900018 0.888719 0.807564 1640.961542 1682.758789 321.329144 1491.953990 0
3.039264 0.125636 0.874364 0.047305 0.048738 0.088364 0.116843 0.096043 0.027245 0.003899 0.004098 0.012063 0.900607 0.889014 0.808256 1640.933558 1646.812134 321.879674 1492.219997 0
3.057616 0.125620 0.874380 0.047886 0.047934 0.088078 0.116453 0.095820 0.027587 0.003931 0.004201 0.012166 0.900782 0.889324 0.809235 1640.941818 1640.946045 320.698550 1492.096596 0
3.073394 0.124705 0.875295 0.048093 0.047504 0.087831 0.116103 0.095597 0.027826 0.003899 0.004185 0.012182 0.901045 0.889634 0.809935 1640.942765 1673.000122 321.186080 1492.055572 0
3.090829 0.124593 0.875407 0.047950 0.047210 0.087537 0.115872 0.095160 0.027874 0.003867 0.004185 0.012023 0.901435 0.889865 0.810254 1640.980432 1676.713013 321.847681 1492.253694 0
3.110500 0.125134 0.874866 0.047624 0.046836 0.086884 0.115498 0.094459 0.027818 0.003851 0.004162 0.011793 0.902207 0.890557 0.810811 1640.964065 1683.082153 321.932363 1492.134498 0
3.133592 0.125079 0.874921 0.047751 0.046295 0.086622 0.114925 0.094046 0.028073 0.003835 0.004217 0.011625 0.902716 0.891186 0.811861 1640.943000 1655.700806 321.871931 1492.013652 0
3.156874 0.125898 0.874102 0.047711 0.046247 0.086550 0.114567 0.093958 0.028105 0.003843 0.004201 0.011562 0.902859 0.891433 0.812211 1640.988162 1640.994507 321.674101 1491.720721 0
3.180776 0.125524 0.874476 0.047663 0.046152 0.086391 0.114376 0.093815 0.028033 0.003843 0.004162 0.011625 0.903018 0.891639 0.812474 1640.916169 1647.954590 321.662310 1491.604872 0
3.202782 0.125811 0.874189 0.047647 0.046000 0.086272 0.114074 0.093648 0.028113 0.003811 0.004162 0.011562 0.903225 0.891838 0.812816 1640.941270 1701.054688 321.160280 1491.311444 0
3.215806 0.126025 0.873975 0.047862 0.045778 0.086248 0.114002 0.093640 0.028272 0.003835 0.004178 0.011578 0.903249 0.891870 0.813174 1640.965075 1741.328247 321.240650 1490.951482 0
3.239761 0.124832 0.875168 0.048109 0.045380 0.086057 0.113525 0.093489 0.028463 0.003843 0.004185 0.011617 0.903456 0.892252 0.813842 1640.998231 1641.009277 321.896727 1490.985140 0
3.269526 0.125739 0.874261 0.048149 0.045157 0.085882 0.113302 0.093306 0.028479 0.003835 0.004233 0.011602 0.903639 0.892459 0.814089 1640.927233 1688.630859 321.801368 1490.678812 0
3.292325 0.127482 0.872518 0.048133 0.045069 0.085770 0.113262 0.093202 0.028518 0.003796 0.004249 0.011570 0.903750 0.892491 0.814264 1640.969008 1645.444092 321.079473 1490.030004 0
3.316475 0.127338 0.872662 0.048204 0.044855 0.085643 0.113087 0.093059 0.028606 0.003756 0.004209 0.011633 0.903941 0.892539 0.814582 1640.931777 1644.925659 321.161228 1489.963687 0
3.336622 0.128803 0.871197 0.048141 0.044799 0.085547 0.113079 0.092940 0.028566 0.003748 0.004217 0.011609 0.904045 0.892570 0.814797 1640.961592 1641.930298 320.929613 1489.231255 0
3.359487 0.128548 0.871452 0.048125 0.044735 0.085444 0.113055 0.092860 0.028526 0.003756 0.004209 0.011633 0.904140 0.892602 0.815052 1640.959802 1654.134521 321.288725 1488.819958 0
3.371872 0.130895 0.869105 0.048674 0.044162 0.085333 0.112992 0.092836 0.028757 0.003859 0.004241 0.011816 0.904140 0.892650 0.815442 1640.943055 1641.042480 320.293928 1488.348452 0
3.394347 0.130848 0.869152 0.048785 0.043987 0.085253 0.112936 0.092773 0.028765 0.003907 0.004249 0.011864 0.904196 0.892698 0.816054 1641.001083 1656.159790 321.395025 1488.029677 0
3.421530 0.130195 0.869805 0.048960 0.043804 0.085181 0.112864 0.092765 0.028797 0.003883 0.004297 0.011983 0.904204 0.892769 0.816771 1640.962846 1681.304199 320.908906 1487.428816 0
3.452248 0.130760 0.869240 0.048984 0.043780 0.085181 0.112825 0.092765 0.028821 0.003883 0.004297 0.011983 0.904204 0.892809 0.816882 1640.998781 1708.839355 321.398051 1486.892717 0
3.480320 0.130935 0.869065 0.049096 0.043597 0.085118 0.112753 0.092693 0.028900 0.003939 0.004241 0.012015 0.904291 0.892897 0.817081 1640.949840 1645.153198 320.987904 1486.714680 0
3.502203 0.132487 0.867513 0.049112 0.043581 0.085118 0.112753 0.092693 0.028908 0.003939 0.004241 0.012023 0.904291 0.892897 0.817312 1640.949308 1641.409912 319.922526 1485.749157 0
3.525712 0.132320 0.867680 0.049199 0.043494 0.085110 0.112737 0.092693 0.028924 0.003931 0.004313 0.012031 0.904291 0.892897 0.817646 1640.944561 1641.344360 320.697688 1485.526233 0
3.549192 0.134182 0.865818 0.049191 0.043478 0.085062 0.112649 0.092669 0.028884 0.003931 0.004313 0.012063 0.904323 0.892984 0.817765 1640.974458 1654.279541 320.541213 1484.813125 0
3.580096 0.134428 0.865572 0.049279 0.043343 0.085006 0.112618 0.092621 0.028900 0.003947 0.004368 0.012063 0.904419 0.893040 0.818099 1640.952026 1642.500122 319.936207 1484.417030 0
3.602436 0.135383 0.864617 0.049287 0.043311 0.084951 0.112514 0.092597 0.028884 0.003971 0.004345 0.012087 0.904458 0.893104 0.818378 1640.950646 1665.077271 320.769569 1483.753442 0
3.640905 0.134770 0.865230 0.049287 0.043303 0.084951 0.112363 0.092589 0.028877 0.003979 0.004345 0.012087 0.904474 0.893239 0.818887 1640.947995 1645.868042 321.017426 1483.187264 0
3.673855 0.134715 0.865285 0.049382 0.043207 0.084951 0.112307 0.092589 0.028940 0.003994 0.004361 0.012087 0.904506 0.893271 0.819293 1640.984190 1649.272339 320.921159 1482.655673 0
3.706857 0.136712 0.863288 0.049382 0.043207 0.084951 0.112260 0.092589 0.028940 0.003994 0.004361 0.012087 0.904514 0.893279 0.819468 1640.943997 1656.797852 320.294477 1481.653935 0
3.745600 0.136067 0.863933 0.049303 0.043207 0.084943 0.112260 0.092510 0.028924 0.003994 0.004368 0.012015 0.904578 0.893342 0.819611 1640.940302 1658.141846 320.693433 1480.998510 0
3.896418 0.142298 0.857702 0.050480 0.040780 0.083654 0.110573 0.091261 0.030038 0.003963 0.004456 0.012023 0.905811 0.894989 0.822531 1640.939554 1646.855713 324.218587 1478.030133 0
4.063921 0.145879 0.854121 0.050321 0.040772 0.083415 0.109904 0.091094 0.030014 0.003891 0.004376 0.012039 0.906010 0.895419 0.824370 1640.989768 1642.763184 323.365979 1473.124024 0
4.265420 0.154687 0.845313 0.050353 0.040677 0.083319 0.109729 0.091030 0.030006 0.003923 0.004376 0.012047 0.906082 0.895618 0.825189 1641.030000 1685.202393 322.223932 1467.334982 0
4.421516 0.158729 0.841271 0.050536 0.040414 0.083296 0.109379 0.090950 0.030118 0.004042 0.004392 0.011983 0.906177 0.895817 0.826446 1641.095461 1642.237671 321.388151 1462.490925 0
4.635061 0.169464 0.830536 0.050568 0.040383 0.083296 0.109339 0.090950 0.030134 0.004050 0.004400 0.011983 0.906177 0.895841 0.827139 1641.024285 1663.480103 320.198429 1455.387571 0
4.876202 0.176355 0.823645 0.050647 0.040303 0.083256 0.109339 0.090950 0.030158 0.004074 0.004408 0.012007 0.906193 0.895841 0.827624 1641.023336 1646.266235 319.098229 1448.107564 0
5.160132 0.188569 0.811431 0.050647 0.040303 0.083256 0.109339 0.090950 0.030158 0.004074 0.004408 0.012007 0.906193 0.895841 0.827775 1640.989982 1642.372559 317.581942 1438.687164 0
5.464864 0.200497 0.799503 0.050647 0.040303 0.083256 0.109339 0.090950 0.030158 0.004074 0.004408 0.012007 0.906193 0.895841 0.827839 1640.826294 1640.924805 316.082090 1428.846444 0
5.796612 0.213475 0.786525 0.050647 0.040303 0.083256 0.109339 0.090950 0.030158 0.004074 0.004408 0.012007 0.906193 0.895841 0.827839 1640.998080 1641.005615 314.338588 1417.820399 0
6.156658 0.227893 0.772107 0.050647 0.040303 0.083256 0.109339 0.090950 0.030158 0.004074 0.004408 0.012007 0.906193 0.895841 0.827839 1640.910151 1642.255493 312.729647 1406.284600 0
6.544239 0.243457 0.756543 0.050647 0.040303 0.083256 0.109339 0.090950 0.030158 0.004074 0.004408 0.012007 0.906193 0.895841 0.827839 1640.927358 1642.856201 310.971237 1394.064612 0
6.963620 0.258321 0.741679 0.050647 0.040303 0.083256 0.109339 0.090950 0.030158 0.004074 0.004408 0.012007 0.906193 0.895841 0.827839 1640.981839 1640.981812 309.183761 1381.332678 0
7.413938 0.273814 0.726186 0.050647 0.040303 0.083256 0.109339 0.090950 0.030158 0.004074 0.004408 0.012007 0.906193 0.895841 0.827839 1640.964822 1640.969116 307.357557 1368.244542 0
7.894993 0.288916 0.711084 0.050647 0.040303 0.083256 0.109339 0.090950 0.030158 0.004074 0.004408 0.012007 0.906193 0.895841 0.827839 1640.966393 1641.336182 305.522895 1354.970069 0
8.402039 0.304170 0.695830 0.050647 0.040303 0.083256 0.109339 0.090950 0.030158 0.004074 0.004408 0.012007 0.906193 0.895841 0.827839 1640.973792 1640.974976 303.673432 1341.673344 0
8.893620 0.318525 0.681475 0.050647 0.040303 0.083256 0.109339 0.090950 0.030158 0.004074 0.004408 0.012007 0.906193 0.895841 0.827839 1640.968984 1640.970337 301.780729 1329.306039 0
9.219097 0.327389 0.672611 0.050647 0.040303 0.083256 0.109339 0.090950 0.030158 0.004074 0.004408 0.012007 0.906193 0.895841 0.827839 1640.967974 1640.969604 300.217607 1321.171831 0
9.444210 0.333071 0.666929 0.050647 0.040303 0.083256 0.109339 0.090950 0.030158 0.004074 0.004408 0.012007 0.906193 0.895841 0.827839 1640.973322 1640.973877 299.204256 1315.668672 0
9.623297 0.337567 0.662433 0.050647 0.040303 0.083256 0.109339 0.090950 0.030158 0.004074 0.004408 0.012007 0.906193 0.895841 0.827839 1640.976127 1640.978027 298.449836 1311.384138 0
9.777064 0.341354 0.658646 0.050647 0.040303 0.083256 0.109339 0.090950 0.030158 0.004074 0.004408 0.012007 0.906193 0.895841 0.827839 1640.975935 1640.977661 297.875096 1307.787485 0
9.917758 0.344505 0.655495 0.050647 0.040303 0.083256 0.109339 0.090950 0.030158 0.004074 0.004408 0.012007 0.906193 0.895841 0.827839 1640.977344 1640.978271 297.389347 1304.561581 0
10.051958 0.347370 0.652630 0.050647 0.040303 0.083256 0.109339 0.090950 0.030158 0.004074 0.004408 0.012007 0.906193 0.895841 0.827839 1640.976084 1640.976685 296.965346 1301.544746 0
10.184891 0.350115 0.649885 0.050647 0.040303 0.083256 0.109339 0.090950 0.030158 0.004074 0.004408 0.012007 0.906193 0.895841 0.827839 1640.980227 1640.980713 296.579666 1298.615087 0
10.315843 0.352749 0.647251 0.050647 0.040303 0.083256 0.109339 0.090950 0.030158 0.004074 0.004408 0.012007 0.906193 0.895841 0.827839 1640.979614 1640.979980 296.190135 1295.766661 0
10.448287 0.355216 0.644784 0.050647 0.040303 0.083256 0.109339 0.090950 0.030158 0.004074 0.004408 0.012007 0.906193 0.895841 0.827839 1640.980227 1640.982422 295.842732 1292.942149 0
10.587707 0.357762 0.642238 0.050647 0.040303 0.083256 0.109339 0.090950 0.030158 0.004074 0.004408 0.012007 0.906193 0.895841 0.827839 1640.978117 1640.979248 295.484496 1290.019853 0
10.727040 0.360396 0.639604 0.050647 0.040303 0.083256 0.109339 0.090950 0.030158 0.004074 0.004408 0.012007 0.906193 0.895841 0.827839 1640.981826 1640.984009 295.091695 1287.125125 0
10.860206 0.362998 0.637002 0.050647 0.040303 0.083256 0.109339 0.090950 0.030158 0.004074 0.004408 0.012007 0.906193 0.895841 0.827839 1640.983348 1640.984497 294.701553 1284.381916 0
10.987459 0.365313 0.634687 0.050647 0.040303 0.083256 0.109339 0.090950 0.030158 0.004074 0.004408 0.012007 0.906193 0.895841 0.827839 1640.982909 1640.984009 294.333218 1281.787217 0
