0.300000 1.000000 0.000000 0.000000 1.000000 1.000000 1.000000 1.000000 0.000000 0.000000 0.000000 0.000000 0.000000 0.000000 0.000000 150.000000 150.000000 150.000000 150.000000 0
0.307941 1.000000 0.000000 0.000000 1.000000 1.000000 1.000000 1.000000 0.000000 0.000000 0.000000 0.000000 0.000000 0.000000 0.000000 177.596903 177.597336 155.212130 176.684696 0
0.315394 1.000000 0.000000 0.000000 1.000000 1.000000 1.000000 1.000000 0.000000 0.000000 0.000000 0.000000 0.000000 0.000000 0.000000 203.304086 203.305450 158.664864 200.910809 0
0.322125 1.000000 0.000000 0.000000 1.000000 1.000000 1.000000 1.000000 0.000000 0.000000 0.000000 0.000000 0.000000 0.000000 0.000000 226.362707 226.365143 161.502834 222.397104 0
0.328655 1.000000 0.000000 0.000000 1.000000 1.000000 1.000000 1.000000 0.000000 0.000000 0.000000 0.000000 0.000000 0.000000 0.000000 248.586412 248.588104 164.184985 242.998736 0
0.335080 1.000000 0.000000 0.000000 1.000000 1.000000 1.000000 1.000000 0.000000 0.000000 0.000000 0.000000 0.000000 0.000000 0.000000 270.317254 270.317505 166.778643 263.074894 0
0.341435 1.000000 0.000000 0.912853 0.087147 1.000000 1.000000 1.000000 0.912853 0.000000 0.000000 0.000000 0.000000 0.000000 0.000000 291.676831 291.677216 169.309399 282.756877 0
0.347735 1.000000 0.000000 0.919267 0.080733 1.000000 1.000000 1.000000 0.919267 0.000000 0.000000 0.000000 0.000000 0.000000 0.000000 312.725868 312.726257 171.790417 302.111392 0
0.353992 1.000000 0.000000 0.922529 0.077471 1.000000 1.000000 1.000000 0.922529 0.000000 0.000000 0.000000 0.000000 0.000000 0.000000 333.501731 333.501984 174.229622 321.179643 0
0.360212 1.000000 0.000000 0.924733 0.075267 1.000000 1.000000 1.000000 0.924733 0.000000 0.000000 0.000000 0.000000 0.000000 0.000000 354.030324 354.030365 176.632261 339.990143 0
0.366399 1.000000 0.000000 0.926189 0.073811 1.000000 1.000000 1.000000 0.926189 0.000000 0.000000 0.000000 0.000000 0.000000 0.000000 374.330994 374.330994 179.002056 358.564116 0
0.397576 1.000000 0.000000 0.929388 0.070612 1.000000 1.000000 1.000000 0.929388 0.000000 0.000000 0.000000 0.000000 0.000000 0.000000 474.788136 474.788147 190.660368 450.122542 0
0.428305 1.000000 0.000000 0.930741 0.069259 1.000000 1.000000 1.000000 0.930741 0.000000 0.000000 0.000000 0.000000 0.000000 0.000000 569.988103 569.988098 201.636149 536.450443 0
0.458750 1.000000 0.000000 0.931672 0.068328 1.000000 1.000000 1.000000 0.931672 0.000000 0.000000 0.000000 0.000000 0.000000 0.000000 658.741290 658.741272 211.817316 616.589090 0
0.488503 1.000000 0.000000 0.932078 0.067922 1.000000 1.000000 1.000000 0.932078 0.000000 0.000000 0.000000 0.000000 0.000000 0.000000 741.117770 741.117798 221.213873 690.642903 0
0.518751 1.000000 0.000000 0.932452 0.067548 1.000000 1.000000 1.000000 0.064962 0.867489 0.000000 0.000000 0.000000 0.000000 0.000000 821.175747 821.175720 230.316536 762.345731 0
0.548464 1.000000 0.000000 0.932770 0.067230 1.000000 1.000000 1.000000 0.047321 0.042523 0.842926 0.000000 0.000000 0.000000 0.000000 896.602270 896.602295 238.703924 829.609202 0
0.577956 1.000000 0.000000 0.933056 0.066944 1.000000 1.000000 1.000000 0.039818 0.020514 0.872725 0.000000 0.000000 0.000000 0.000000 968.613619 968.613647 246.977114 893.638718 0
0.607767 1.000000 0.000000 0.933239 0.066761 1.000000 1.000000 1.000000 0.035338 0.014896 0.026370 0.856636 0.000000 0.000000 0.000000 1038.710273 1038.710327 254.756977 955.690757 0
0.637035 1.000000 0.000000 0.933343 0.066657 0.168238 1.000000 1.000000 0.032402 0.011952 0.017530 0.871460 0.000000 0.000000 0.000000 1104.935709 1104.935669 262.169579 1014.146839 0
0.666472 1.000000 0.000000 0.933542 0.066458 0.142895 1.000000 1.000000 0.030492 0.010305 0.013758 0.878988 0.000000 0.000000 0.000000 1169.222579 1169.222534 269.255116 1070.706626 0
0.695083 1.000000 0.000000 0.158316 0.066307 0.132248 1.000000 0.224623 0.029099 0.008928 0.011904 0.108384 0.000000 0.000000 0.000000 1229.490818 1229.490845 276.066492 1123.540519 0
0.725341 1.000000 0.000000 0.096321 0.066172 0.125763 1.000000 0.162493 0.028121 0.008037 0.010129 0.050035 0.799026 0.000000 0.000000 1291.057506 1291.057495 282.858354 1177.360166 0
0.752783 1.000000 0.000000 0.082993 0.065997 0.121800 1.000000 0.148990 0.027468 0.007535 0.009127 0.038863 0.834929 0.000000 0.000000 1345.011636 1345.011597 288.621785 1224.284212 0
0.782641 1.000000 0.000000 0.074447 0.065893 0.118498 1.000000 0.140340 0.026855 0.006986 0.008474 0.032131 0.848679 0.000000 0.000000 1401.767833 1401.767822 295.081148 1273.636307 0
0.812923 0.194425 0.805575 0.068885 0.065758 0.115984 1.000000 0.134643 0.026298 0.006660 0.007806 0.028121 0.856898 0.805845 0.000000 1442.944415 1442.944458 299.611448 1310.257572 0
0.841507 0.173259 0.826741 0.064930 0.065686 0.113986 0.259602 0.130617 0.025901 0.006278 0.007456 0.025296 0.862039 0.826820 0.000000 1474.875988 1474.876099 303.172274 1338.680511 0
0.871072 0.162215 0.837785 0.062249 0.065583 0.112355 0.188688 0.127832 0.025527 0.006159 0.006867 0.023696 0.865683 0.837833 0.000000 1506.918530 1506.918579 306.800666 1366.853870 0
0.900446 0.155507 0.844493 0.060212 0.065511 0.111177 0.173060 0.125723 0.025359 0.005920 0.006636 0.022296 0.868580 0.844533 0.000000 1537.769005 1537.769165 310.159274 1393.724565 0
0.931529 0.150581 0.849419 0.058366 0.065456 0.110286 0.163742 0.123821 0.025216 0.005578 0.006549 0.021023 0.870863 0.849435 0.000000 1569.423737 1569.423828 313.757053 1421.204916 0
0.959725 0.147056 0.852944 0.057093 0.065352 0.109618 0.158586 0.122445 0.025192 0.005363 0.006421 0.020116 0.872359 0.852976 0.000000 1597.188631 1597.188721 316.430132 1445.000981 0
0.986505 0.144351 0.855649 0.056361 0.065217 0.109124 0.154560 0.121577 0.025280 0.005212 0.006334 0.019535 0.873601 0.855673 0.000000 1622.850107 1622.850220 319.396248 1466.980682 0
1.012135 0.124999 0.875001 0.045571 0.064421 0.101605 0.131182 0.109992 0.023307 0.004138 0.004719 0.013408 0.886610 0.875200 0.800076 1641.756393 1648.688721 321.500064 1489.487532 0
1.026691 0.114289 0.885711 0.040152 0.057594 0.090672 0.118665 0.097746 0.022431 0.003239 0.003064 0.011419 0.899246 0.887868 0.810039 1641.040960 1774.032104 322.715356 1503.239094 0
1.035779 0.108862 0.891138 0.042030 0.050011 0.085142 0.112204 0.092040 0.024763 0.003127 0.003398 0.010742 0.905119 0.893995 0.814169 1641.055095 1840.074707 323.411832 1510.189352 2
1.039875 0.109387 0.890613 0.044847 0.045571 0.083081 0.110127 0.090417 0.026656 0.003342 0.003573 0.011275 0.906591 0.895745 0.815649 1640.945315 1815.677002 323.385107 1512.331573 1
1.043743 0.106276 0.893724 0.045061 0.043836 0.081744 0.107987 0.088897 0.027381 0.003159 0.003414 0.011108 0.908302 0.897822 0.816985 1641.012691 1954.418823 323.629386 1514.220458 1
1.048180 0.104462 0.895538 0.045332 0.041202 0.079301 0.105448 0.086534 0.028089 0.003040 0.003262 0.010941 0.910864 0.900472 0.818959 1641.042535 1941.424194 324.778138 1516.960058 3
1.052993 0.102743 0.897257 0.046716 0.038194 0.077845 0.102806 0.084911 0.029338 0.003262 0.003326 0.010790 0.912535 0.903090 0.821330 1641.033717 2053.613281 325.280848 1519.357876 4
1.058506 0.101685 0.898315 0.047830 0.034462 0.075434 0.100515 0.082293 0.030524 0.003374 0.003398 0.010535 0.915026 0.905206 0.823264 1641.005022 2041.629395 324.792822 1521.053443 3
1.064742 0.100101 0.899899 0.049120 0.031248 0.073962 0.098446 0.080367 0.031813 0.003573 0.003485 0.010249 0.917023 0.907299 0.825476 1641.037223 2015.132812 324.784171 1522.807093 3
1.068631 0.100029 0.899971 0.049661 0.030253 0.073540 0.097531 0.079914 0.032107 0.003684 0.003628 0.010241 0.917556 0.907944 0.826462 1640.939274 2046.705566 325.265365 1523.061949 10
1.072178 0.101000 0.899000 0.050982 0.028288 0.072840 0.096441 0.079269 0.032951 0.003764 0.003732 0.010535 0.918224 0.908843 0.828109 1640.944358 2039.246582 325.020149 1523.563338 7
1.077369 0.099870 0.900130 0.052016 0.026577 0.072156 0.095279 0.078593 0.033595 0.004002 0.003931 0.010488 0.919092 0.910211 0.829327 1640.955491 2031.442383 326.304179 1524.507653 6
1.082955 0.099433 0.900567 0.052621 0.025121 0.071344 0.094531 0.077741 0.034120 0.004185 0.003947 0.010368 0.919784 0.910999 0.830576 1640.947321 1974.594238 326.521887 1524.876553 5
1.085519 0.099154 0.900846 0.052995 0.024532 0.071089 0.094253 0.077527 0.034311 0.004225 0.003979 0.010480 0.919999 0.911206 0.831141 1640.938643 1889.490112 325.404062 1524.495635 3
1.090129 0.099281 0.900719 0.053965 0.023012 0.070222 0.093298 0.076978 0.034805 0.004225 0.004257 0.010679 0.920603 0.912105 0.832351 1640.948997 1953.527344 325.912812 1525.195973 4
1.095755 0.098279 0.901721 0.054491 0.022041 0.069896 0.092558 0.076532 0.035250 0.004313 0.004313 0.010615 0.921041 0.912718 0.833544 1640.975822 1939.761108 325.135698 1524.940027 6
1.099118 0.098112 0.901888 0.054745 0.021548 0.069665 0.092176 0.076293 0.035338 0.004376 0.004297 0.010734 0.921232 0.913012 0.834364 1640.967662 1948.958130 326.020925 1525.120686 3
1.104227 0.100252 0.899748 0.055493 0.020466 0.069203 0.091627 0.075959 0.035561 0.004416 0.004416 0.011100 0.921670 0.913347 0.835287 1641.035144 2076.052490 326.911411 1525.496060 2
1.108193 0.098987 0.901013 0.055565 0.020227 0.069044 0.091022 0.075792 0.035704 0.004305 0.004488 0.011068 0.921900 0.913864 0.836409 1641.005996 2021.401367 325.637516 1525.009329 7
1.112599 0.098183 0.901817 0.055605 0.020004 0.068933 0.090783 0.075609 0.035728 0.004392 0.004424 0.011060 0.922052 0.914063 0.836759 1640.947200 2250.972412 325.719165 1525.187035 9
1.116872 0.099130 0.900870 0.056122 0.019193 0.068742 0.090409 0.075315 0.036070 0.004504 0.004440 0.011108 0.922282 0.914301 0.837459 1640.946406 2146.380127 325.595228 1525.592061 10
1.120874 0.099162 0.900838 0.056575 0.018667 0.068710 0.090346 0.075243 0.036356 0.004631 0.004456 0.011132 0.922362 0.914365 0.837666 1640.970089 2041.776123 326.060246 1524.944291 4
1.126769 0.099472 0.900528 0.057109 0.017888 0.068336 0.089948 0.074996 0.036635 0.004750 0.004448 0.011275 0.922680 0.914795 0.838581 1640.927631 2050.198242 326.597093 1525.316939 1
1.132102 0.098374 0.901626 0.057164 0.017593 0.068042 0.089797 0.074758 0.036635 0.004750 0.004480 0.011299 0.922887 0.914978 0.838979 1640.963826 2118.693848 326.963209 1525.134648 3
1.136461 0.098199 0.901801 0.057212 0.017474 0.067906 0.089518 0.074686 0.036675 0.004766 0.004432 0.011339 0.922943 0.915089 0.839440 1641.009877 2078.376221 326.504127 1524.751200 2
1.140279 0.098311 0.901689 0.057451 0.017219 0.067827 0.089446 0.074670 0.036770 0.004798 0.004448 0.011434 0.922951 0.915153 0.839655 1640.994388 2179.855225 325.453953 1524.314017 3
1.144555 0.100189 0.899811 0.057451 0.016989 0.067572 0.089232 0.074439 0.036675 0.004735 0.004544 0.011498 0.923110 0.915280 0.840260 1640.951844 1959.204468 325.734797 1525.042952 2
1.148052 0.100268 0.899732 0.057483 0.016941 0.067564 0.089168 0.074423 0.036659 0.004742 0.004575 0.011506 0.923134 0.915336 0.840419 1640.987342 1972.429688 325.837387 1524.545464 3
1.152624 0.099990 0.900010 0.057443 0.016917 0.067516 0.089120 0.074360 0.036651 0.004719 0.004559 0.011514 0.923150 0.915368 0.840594 1640.955983 2055.303223 326.271832 1524.424552 4
1.157220 0.100594 0.899406 0.057602 0.016615 0.067302 0.089017 0.074216 0.036714 0.004766 0.004520 0.011602 0.923277 0.915559 0.841151 1640.980316 1921.958008 326.340560 1524.275673 2
1.161530 0.098868 0.901132 0.057713 0.016416 0.067246 0.088993 0.074129 0.036826 0.004742 0.004599 0.011546 0.923357 0.915583 0.841597 1640.989018 2039.863037 325.140603 1523.932714 2
1.165424 0.099289 0.900711 0.057841 0.016225 0.067063 0.088834 0.074065 0.036730 0.004846 0.004623 0.011641 0.923468 0.915654 0.842257 1640.964932 1943.388916 325.142207 1524.247060 2
1.170985 0.097730 0.902270 0.057650 0.016193 0.066999 0.088563 0.073842 0.036722 0.004838 0.004607 0.011482 0.923635 0.915909 0.842782 1641.014148 1917.026245 327.388959 1524.993792 4
1.175249 0.098080 0.901920 0.057745 0.016010 0.066896 0.088396 0.073755 0.036730 0.004910 0.004631 0.011474 0.923755 0.916044 0.843093 1640.984771 1885.845947 325.656936 1524.246716 4
1.179543 0.098963 0.901037 0.057817 0.015930 0.066840 0.088317 0.073747 0.036770 0.004894 0.004631 0.011522 0.923786 0.916060 0.843252 1640.969255 1902.657837 325.457492 1524.141162 2
1.183578 0.098295 0.901705 0.057880 0.015851 0.066816 0.088293 0.073731 0.036786 0.004918 0.004623 0.011554 0.923802 0.916100 0.843443 1640.941521 2036.087158 324.984421 1524.443534 7
1.186977 0.099528 0.900472 0.057841 0.015787 0.066609 0.088269 0.073628 0.036706 0.004902 0.004575 0.011657 0.923914 0.916195 0.843873 1640.964200 1963.861450 324.921672 1524.376309 3
1.190519 0.100157 0.899843 0.057841 0.015787 0.066609 0.088253 0.073628 0.036675 0.004925 0.004575 0.011665 0.923938 0.916211 0.843952 1640.926691 1926.100464 325.578555 1524.114987 4
1.194296 0.100348 0.899652 0.057817 0.015779 0.066601 0.088237 0.073596 0.036667 0.004910 0.004559 0.011681 0.923953 0.916243 0.844048 1640.970898 1879.898560 325.041186 1523.834068 4
1.198221 0.099878 0.900122 0.057793 0.015779 0.066586 0.088165 0.073572 0.036643 0.004894 0.004583 0.011673 0.923961 0.916283 0.844143 1641.001522 1882.013428 326.185001 1523.945908 2
1.202382 0.098955 0.901045 0.057793 0.015771 0.066586 0.088126 0.073564 0.036643 0.004902 0.004583 0.011665 0.923969 0.916283 0.844286 1640.940926 1932.351685 326.233071 1523.645706 3
1.207548 0.099369 0.900631 0.057928 0.015540 0.066506 0.087958 0.073468 0.036754 0.004894 0.004607 0.011673 0.924049 0.916338 0.844899 1640.988138 2102.383789 325.251628 1523.829804 5
1.212508 0.098358 0.901642 0.057872 0.015540 0.066498 0.087855 0.073413 0.036738 0.004902 0.004607 0.011625 0.924105 0.916394 0.845313 1640.986038 2026.732544 326.759207 1524.313802 4
1.215467 0.099886 0.900114 0.057960 0.015437 0.066482 0.087855 0.073397 0.036770 0.004902 0.004647 0.011641 0.924105 0.916394 0.845416 1640.983915 1890.024170 324.982171 1523.431939 2
1.219984 0.100324 0.899676 0.057992 0.015333 0.066458 0.087696 0.073325 0.036778 0.004886 0.004703 0.011625 0.924248 0.916521 0.845695 1640.980735 1929.469116 325.275105 1524.133069 4
1.223258 0.100125 0.899875 0.058000 0.015325 0.066458 0.087688 0.073325 0.036778 0.004878 0.004719 0.011625 0.924248 0.916537 0.845758 1640.998470 1891.829712 325.234571 1523.378731 2
1.228543 0.100889 0.899111 0.058183 0.015127 0.066442 0.087640 0.073309 0.036889 0.004894 0.004766 0.011633 0.924256 0.916585 0.845933 1640.956869 1948.713013 325.308142 1523.553776 3
1.232710 0.099838 0.900162 0.058342 0.014904 0.066387 0.087569 0.073246 0.037041 0.004925 0.004798 0.011578 0.924288 0.916633 0.846188 1640.977010 1907.757812 325.732431 1523.134167 3
1.236407 0.099687 0.900313 0.058318 0.014904 0.066379 0.087521 0.073222 0.037025 0.004918 0.004790 0.011586 0.924335 0.916673 0.846427 1640.940846 1917.886841 325.400304 1523.188555 2
1.241105 0.099401 0.900599 0.058326 0.014896 0.066379 0.087489 0.073222 0.037025 0.004918 0.004798 0.011586 0.924343 0.916712 0.846538 1641.028532 1850.500244 326.004419 1523.261378 2
1.247705 0.100618 0.899382 0.059042 0.014036 0.066188 0.087250 0.073079 0.037534 0.004973 0.004806 0.011729 0.924518 0.916824 0.847135 1640.926957 2113.567627 326.094212 1523.163778 4
1.253127 0.099838 0.900162 0.059026 0.013965 0.066044 0.087171 0.072991 0.037582 0.004957 0.004798 0.011689 0.924614 0.916951 0.847310 1640.933826 2100.739014 325.226025 1523.790464 5
1.257902 0.100292 0.899708 0.059034 0.013957 0.066044 0.087171 0.072991 0.037590 0.004957 0.004790 0.011697 0.924614 0.916959 0.847421 1640.953368 1944.026611 325.581448 1522.937927 4
1.261364 0.100045 0.899955 0.059034 0.013957 0.066021 0.087155 0.072991 0.037582 0.004925 0.004798 0.011729 0.924614 0.916959 0.847453 1641.003770 2180.032227 325.451042 1522.746224 3
1.266347 0.101279 0.898721 0.058859 0.013909 0.065861 0.086980 0.072768 0.037478 0.004933 0.004814 0.011633 0.924789 0.917126 0.847843 1640.986877 2079.786377 325.376169 1523.098005 4
1.270235 0.100499 0.899501 0.058931 0.013798 0.065845 0.086868 0.072728 0.037494 0.004949 0.004846 0.011641 0.924869 0.917190 0.848074 1640.965750 2022.887329 324.741719 1522.637307 3
1.273835 0.100610 0.899390 0.058947 0.013782 0.065845 0.086868 0.072728 0.037510 0.004949 0.004846 0.011641 0.924869 0.917190 0.848138 1640.968814 2161.588867 325.366944 1522.596029 4
1.277845 0.100833 0.899167 0.059026 0.013694 0.065845 0.086844 0.072720 0.037558 0.004981 0.004854 0.011633 0.924876 0.917261 0.848392 1640.995834 2068.866943 325.227891 1522.588784 4
1.282586 0.099536 0.900464 0.059114 0.013607 0.065830 0.086829 0.072720 0.037590 0.004965 0.004910 0.011649 0.924876 0.917261 0.848543 1641.001567 2163.215576 325.270896 1522.417495 4
1.287096 0.100499 0.899501 0.059138 0.013551 0.065790 0.086821 0.072689 0.037566 0.005005 0.004902 0.011665 0.924916 0.917261 0.848599 1640.963971 2062.691650 324.937918 1523.006892 6
1.292110 0.101151 0.898849 0.059217 0.013464 0.065710 0.086741 0.072681 0.037550 0.004989 0.004941 0.011737 0.924932 0.917285 0.848758 1640.957435 2372.563477 325.332371 1523.291947 6
1.297249 0.100348 0.899652 0.059217 0.013464 0.065694 0.086717 0.072681 0.037550 0.004973 0.004925 0.011769 0.924932 0.917285 0.848838 1640.936607 2277.009033 325.539188 1522.399385 3
1.301570 0.100905 0.899095 0.059337 0.013344 0.065670 0.086701 0.072681 0.037582 0.004997 0.004886 0.011872 0.924932 0.917301 0.848846 1640.974123 2178.114014 324.873558 1522.328041 3
1.305096 0.102273 0.897727 0.059337 0.013344 0.065670 0.086701 0.072681 0.037582 0.004997 0.004878 0.011880 0.924932 0.917301 0.848902 1640.969518 2415.983154 324.846621 1522.374637 3
1.308446 0.102066 0.897934 0.059337 0.013344 0.065670 0.086701 0.072681 0.037582 0.004997 0.004878 0.011880 0.924932 0.917301 0.848925 1640.957262 2331.598145 324.736923 1521.768757 2
1.312620 0.101231 0.898769 0.059313 0.013344 0.065670 0.086661 0.072657 0.037582 0.004997 0.004862 0.011872 0.924948 0.917341 0.849005 1640.984631 2227.809326 324.847227 1521.854542 3
1.317886 0.101756 0.898244 0.059448 0.013161 0.065543 0.086638 0.072609 0.037613 0.005021 0.004910 0.011904 0.924972 0.917357 0.849220 1640.961660 2497.552490 324.709078 1522.289702 4
1.321736 0.101295 0.898705 0.059496 0.013113 0.065535 0.086638 0.072609 0.037645 0.005021 0.004894 0.011936 0.924980 0.917357 0.849260 1640.953541 2415.798340 325.150278 1521.776706 4
1.326427 0.100292 0.899708 0.059559 0.013042 0.065495 0.086598 0.072601 0.037669 0.004997 0.004910 0.011983 0.924980 0.917357 0.849482 1640.961048 2296.523926 324.754933 1521.963777 5
1.346338 0.107207 0.892793 0.060769 0.008713 0.062050 0.084784 0.069482 0.038290 0.005268 0.004989 0.012222 0.927765 0.919649 0.854105 1641.126277 1783.818481 332.624700 1520.639673 0
1.371277 0.107056 0.892944 0.062074 0.005928 0.060307 0.083940 0.068002 0.038855 0.005299 0.005116 0.012803 0.929046 0.920500 0.857105 1641.134286 1930.943848 332.753074 1520.054885 3
1.397188 0.109459 0.890541 0.062591 0.004766 0.059416 0.083152 0.067357 0.039101 0.005212 0.005292 0.012986 0.929691 0.921184 0.858935 1641.233749 1964.612549 333.983277 1519.355433 3
1.421342 0.105066 0.894934 0.062368 0.003859 0.058382 0.082484 0.066227 0.038743 0.005268 0.005307 0.013050 0.930924 0.921988 0.861331 1641.120476 1703.033813 332.732395 1518.386356 0
1.449352 0.107064 0.892936 0.062050 0.003056 0.057093 0.081792 0.065105 0.037709 0.005403 0.005419 0.013519 0.931998 0.922927 0.863909 1641.319564 1706.638672 336.684005 1518.427252 0
1.481359 0.104947 0.895053 0.062042 0.001583 0.055692 0.080662 0.063625 0.037438 0.005658 0.005538 0.013408 0.933478 0.924327 0.868763 1641.186456 1708.176392 335.582941 1517.893315 0
1.510001 0.107804 0.892196 0.061803 0.001329 0.055119 0.080232 0.063132 0.037200 0.005705 0.005482 0.013416 0.933876 0.924861 0.871460 1640.965493 1810.418701 332.561319 1517.137101 1
1.536157 0.104828 0.895172 0.061008 0.001170 0.054260 0.079412 0.062177 0.036507 0.005681 0.005467 0.013352 0.934839 0.925696 0.873433 1641.016695 1860.637573 329.509680 1517.752292 2
1.564019 0.107621 0.892379 0.060657 0.000995 0.053942 0.078951 0.061652 0.036285 0.005761 0.005427 0.013185 0.935467 0.926237 0.875168 1641.110826 2108.922607 331.930408 1517.142600 5
1.590208 0.104541 0.895459 0.060307 0.000987 0.053631 0.078649 0.061294 0.035942 0.005785 0.005371 0.013209 0.935818 0.926532 0.876807 1640.980469 1966.969238 329.395405 1517.234598 3
1.622503 0.108201 0.891799 0.060355 0.000748 0.053456 0.078338 0.061103 0.035847 0.005833 0.005435 0.013241 0.935977 0.926762 0.878614 1641.035700 1822.899780 330.048368 1516.648415 3
1.648555 0.109944 0.890056 0.059901 0.000732 0.053146 0.078147 0.060634 0.035226 0.005825 0.005586 0.013265 0.936438 0.926882 0.879648 1641.138739 2065.006104 332.158000 1514.757587 2
1.673243 0.108695 0.891305 0.059599 0.000676 0.052788 0.077940 0.060275 0.034940 0.005777 0.005570 0.013312 0.936725 0.927065 0.880499 1641.084921 2169.066650 329.869236 1513.914154 1
1.707468 0.110652 0.889348 0.059528 0.000613 0.052653 0.077710 0.060140 0.034781 0.005777 0.005650 0.013320 0.936884 0.927232 0.881414 1641.322051 1806.278687 336.353720 1514.602983 1
1.736079 0.110103 0.889897 0.059416 0.000613 0.052509 0.077566 0.060029 0.034630 0.005825 0.005586 0.013376 0.937083 0.927375 0.881820 1641.284901 1819.186157 333.695508 1513.853814 1
1.765956 0.106467 0.893533 0.059368 0.000573 0.052406 0.077495 0.059941 0.034582 0.005817 0.005618 0.013352 0.937146 0.927415 0.882290 1641.141624 1873.510620 331.086263 1514.022099 1
1.788626 0.108170 0.891830 0.059161 0.000565 0.052135 0.077224 0.059726 0.034407 0.005809 0.005602 0.013344 0.937369 0.927669 0.883062 1641.083318 1816.688965 329.927802 1512.963711 1
1.820239 0.109602 0.890398 0.059138 0.000509 0.052080 0.077145 0.059647 0.034439 0.005793 0.005578 0.013328 0.937457 0.927789 0.883754 1640.812022 1678.713745 330.621011 1513.632019 0
1.846931 0.110764 0.889236 0.058994 0.000438 0.051865 0.076986 0.059432 0.034327 0.005769 0.005594 0.013304 0.937680 0.927924 0.885218 1641.142643 1729.049683 335.550729 1512.086039 0
1.880321 0.112594 0.887406 0.058827 0.000430 0.051745 0.076898 0.059257 0.034208 0.005737 0.005626 0.013257 0.937855 0.928035 0.885743 1641.135737 1779.920410 331.289045 1511.878042 0
1.914168 0.111878 0.888122 0.058756 0.000366 0.051666 0.076834 0.059122 0.034160 0.005777 0.005618 0.013201 0.937934 0.928035 0.886603 1641.284124 1770.747681 334.011534 1511.509049 0
1.953893 0.113294 0.886706 0.058589 0.000366 0.051435 0.076627 0.058955 0.034073 0.005769 0.005514 0.013233 0.938061 0.928211 0.888568 1640.978634 1749.121582 333.647554 1511.698795 0
1.985107 0.112825 0.887175 0.058262 0.000366 0.051172 0.076317 0.058628 0.033890 0.005737 0.005475 0.013161 0.938380 0.928529 0.889189 1641.081661 1924.625122 329.939645 1508.408937 2
2.023360 0.110485 0.889515 0.058246 0.000191 0.051037 0.076007 0.058437 0.033921 0.005801 0.005451 0.013074 0.938539 0.928863 0.890056 1641.114100 1682.031616 331.028269 1509.359561 0
2.060192 0.112864 0.887136 0.058246 0.000191 0.051037 0.076007 0.058437 0.033921 0.005801 0.005427 0.013097 0.938547 0.928871 0.890319 1641.049070 1778.329590 329.044015 1508.073839 0
2.093589 0.112323 0.887677 0.058230 0.000167 0.051005 0.075927 0.058398 0.033834 0.005809 0.005459 0.013129 0.938611 0.928935 0.890645 1641.208869 1717.302124 331.323917 1508.566163 0
2.134311 0.115307 0.884693 0.058055 0.000151 0.050767 0.075736 0.058207 0.033707 0.005825 0.005395 0.013129 0.938762 0.929070 0.891289 1640.997233 2078.135986 327.894107 1507.423043 2
2.173441 0.114344 0.885656 0.057801 0.000151 0.050464 0.075696 0.057952 0.033476 0.005833 0.005355 0.013137 0.938977 0.929157 0.891743 1641.058807 1712.294312 329.721871 1506.488014 0
2.211531 0.113469 0.886531 0.057785 0.000151 0.050464 0.075696 0.057936 0.033468 0.005841 0.005355 0.013121 0.938985 0.929165 0.892061 1641.196072 1871.175171 329.451318 1505.421265 2
2.255068 0.112745 0.887255 0.057666 0.000151 0.050377 0.075601 0.057817 0.033396 0.005856 0.005268 0.013145 0.939088 0.929261 0.892761 1640.995694 1723.309082 328.226911 1505.915677 0
2.301548 0.114822 0.885178 0.057642 0.000135 0.050337 0.075545 0.057777 0.033380 0.005841 0.005268 0.013153 0.939136 0.929364 0.892984 1641.118766 1654.864258 328.588748 1505.182578 0
2.339467 0.115785 0.884215 0.057642 0.000135 0.050329 0.075545 0.057777 0.033380 0.005841 0.005268 0.013153 0.939144 0.929364 0.893111 1641.089067 1859.011597 329.393030 1503.767801 2
2.382474 0.120877 0.879123 0.057610 0.000135 0.050321 0.075521 0.057745 0.033356 0.005864 0.005260 0.013129 0.939168 0.929364 0.893493 1641.210366 1681.352295 330.431174 1502.283119 0
2.436212 0.117933 0.882067 0.057586 0.000135 0.050321 0.075521 0.057721 0.033348 0.005864 0.005268 0.013105 0.939191 0.929364 0.893645 1640.889059 1913.092285 327.771344 1503.051487 1
2.490016 0.114981 0.885019 0.057538 0.000135 0.050273 0.075378 0.057673 0.033333 0.005864 0.005252 0.013090 0.939247 0.929444 0.893740 1641.159538 1718.312866 329.958886 1502.092538 0
2.545004 0.114519 0.885481 0.057538 0.000135 0.050273 0.075362 0.057673 0.033309 0.005864 0.005268 0.013097 0.939255 0.929460 0.894464 1641.014735 1725.606079 325.579322 1502.545134 0
2.596888 0.117639 0.882361 0.057467 0.000135 0.050210 0.075275 0.057602 0.033237 0.005896 0.005244 0.013090 0.939303 0.929515 0.894536 1640.937203 1658.671875 330.316810 1501.572134 0
2.648662 0.122739 0.877261 0.057490 0.000103 0.050210 0.075235 0.057594 0.033261 0.005896 0.005244 0.013090 0.939311 0.929579 0.894926 1640.972129 1837.984131 326.742109 1499.842011 1
2.706711 0.120973 0.879027 0.057490 0.000103 0.050210 0.075235 0.057594 0.033261 0.005888 0.005252 0.013090 0.939311 0.929579 0.894966 1641.257583 1793.697998 328.594986 1498.979664 0
2.764925 0.120678 0.879322 0.057490 0.000103 0.050146 0.075235 0.057594 0.033134 0.005912 0.005276 0.013169 0.939311 0.929579 0.895212 1640.977987 1702.904175 325.135537 1498.488401 0
2.814376 0.119946 0.880054 0.057443 0.000103 0.050074 0.075124 0.057546 0.033110 0.005904 0.005260 0.013169 0.939366 0.929659 0.895212 1641.042254 1775.164062 327.193556 1498.787410 0
2.879001 0.123113 0.876887 0.057443 0.000103 0.050074 0.075116 0.057546 0.033102 0.005912 0.005260 0.013169 0.939374 0.929659 0.895451 1641.126429 1700.854248 327.511505 1496.193015 0
2.956786 0.120455 0.879545 0.057395 0.000103 0.050051 0.075108 0.057498 0.033086 0.005912 0.005260 0.013137 0.939438 0.929691 0.895825 1641.200545 1656.219971 329.191858 1496.027393 0
3.010070 0.127235 0.872765 0.057355 0.000103 0.050019 0.075108 0.057459 0.033030 0.005944 0.005252 0.013129 0.939478 0.929691 0.895881 1640.984497 1680.407593 322.955235 1493.737557 0
3.079952 0.125317 0.874683 0.057347 0.000103 0.050019 0.075076 0.057451 0.033030 0.005944 0.005252 0.013121 0.939494 0.929706 0.896056 1641.342304 1762.429932 327.199766 1492.634474 0
3.182684 0.122835 0.877165 0.057331 0.000103 0.050011 0.075060 0.057435 0.033030 0.005944 0.005236 0.013121 0.939510 0.929722 0.896111 1641.082470 1652.541016 326.529133 1492.180396 0
3.284440 0.126535 0.873465 0.057331 0.000103 0.050011 0.075060 0.057435 0.033030 0.005944 0.005236 0.013121 0.939510 0.929722 0.896326 1641.066270 1643.110474 326.158638 1490.509433 0
3.367087 0.129932 0.870068 0.057339 0.000095 0.050011 0.075060 0.057435 0.033038 0.005944 0.005236 0.013121 0.939510 0.929722 0.896374 1640.967741 1640.987061 324.423335 1487.869585 0
3.482996 0.131794 0.868206 0.057339 0.000095 0.050011 0.075060 0.057435 0.033038 0.005944 0.005236 0.013121 0.939510 0.929722 0.896430 1640.926941 1643.382935 325.564836 1485.550593 0
3.578186 0.133585 0.866415 0.057323 0.000095 0.049995 0.075020 0.057419 0.033038 0.005944 0.005228 0.013113 0.939542 0.929770 0.896438 1641.049885 1687.144165 323.868786 1483.097997 0
3.702935 0.138017 0.861983 0.057323 0.000095 0.049995 0.075020 0.057419 0.033038 0.005944 0.005228 0.013113 0.939542 0.929770 0.896438 1640.962867 1650.324341 322.629718 1481.122784 0
3.836882 0.143468 0.856532 0.057323 0.000095 0.049995 0.075020 0.057419 0.033038 0.005944 0.005228 0.013113 0.939542 0.929770 0.896453 1640.995235 1676.457031 323.506405 1477.125201 0
3.981602 0.148377 0.851623 0.057323 0.000095 0.049995 0.075020 0.057419 0.033038 0.005944 0.005228 0.013113 0.939542 0.929770 0.896453 1640.955427 1650.185791 323.285769 1473.452879 0
4.144613 0.152515 0.847485 0.057323 0.000095 0.049995 0.075020 0.057419 0.033006 0.005968 0.005236 0.013113 0.939542 0.929770 0.896453 1640.984377 1644.891235 320.046011 1468.826787 0
4.290803 0.156708 0.843292 0.057323 0.000095 0.049995 0.075020 0.057419 0.033006 0.005968 0.005236 0.013113 0.939542 0.929770 0.896493 1641.052889 1641.529175 321.735892 1464.625213 0
4.513579 0.164944 0.835056 0.057323 0.000095 0.049995 0.075020 0.057419 0.033006 0.005968 0.005236 0.013113 0.939542 0.929770 0.896493 1640.994301 1664.650391 320.588352 1458.183139 0
4.756157 0.175089 0.824911 0.057323 0.000095 0.049995 0.075020 0.057419 0.033006 0.005968 0.005236 0.013113 0.939542 0.929770 0.896493 1641.049013 1652.317261 319.337871 1450.791355 0
5.023228 0.182943 0.817057 0.057323 0.000095 0.049995 0.075020 0.057419 0.033006 0.005968 0.005236 0.013113 0.939542 0.929770 0.896493 1640.917484 1641.555176 318.211616 1442.522222 0
5.317168 0.195690 0.804310 0.057323 0.000095 0.049995 0.075020 0.057419 0.033006 0.005968 0.005236 0.013113 0.939542 0.929770 0.896493 1640.982661 1642.317139 316.744460 1433.019530 0
5.637683 0.207125 0.792875 0.057323 0.000095 0.049995 0.075020 0.057419 0.033006 0.005968 0.005236 0.013113 0.939542 0.929770 0.896493 1640.952961 1641.736938 315.146658 1422.612746 0
5.990530 0.221392 0.778608 0.057323 0.000095 0.049995 0.075020 0.057419 0.033006 0.005968 0.005236 0.013113 0.939542 0.929770 0.896493 1640.971712 1640.981567 313.395088 1411.144214 0
6.378091 0.237649 0.762351 0.057323 0.000095 0.049995 0.075020 0.057419 0.033006 0.005968 0.005236 0.013113 0.939542 0.929770 0.896493 1640.987775 1640.988281 311.694601 1398.764236 0
6.791723 0.252719 0.747281 0.057323 0.000095 0.049995 0.075020 0.057419 0.033006 0.005968 0.005236 0.013113 0.939542 0.929770 0.896493 1640.970500 1640.976807 309.870530 1385.993469 0
7.237757 0.268307 0.731693 0.057323 0.000095 0.049995 0.075020 0.057419 0.033006 0.005968 0.005236 0.013113 0.939542 0.929770 0.896493 1640.981130 1640.981812 308.019279 1372.839230 0
7.714355 0.283776 0.716224 0.057323 0.000095 0.049995 0.075020 0.057419 0.033006 0.005968 0.005236 0.013113 0.939542 0.929770 0.896493 1640.969789 1641.200073 306.158881 1359.451754 0
8.219254 0.299595 0.700405 0.057323 0.000095 0.049995 0.075020 0.057419 0.033006 0.005968 0.005236 0.013113 0.939542 0.929770 0.896493 1640.962374 1640.963867 304.282548 1345.965841 0
8.662789 0.312565 0.687435 0.057323 0.000095 0.049995 0.075020 0.057419 0.033006 0.005968 0.005236 0.013113 0.939542 0.929770 0.896493 1640.962049 1640.962280 302.352425 1334.455362 0
8.972076 0.321183 0.678817 0.057323 0.000095 0.049995 0.075020 0.057419 0.033006 0.005968 0.005236 0.013113 0.939542 0.929770 0.896493 1640.962440 1640.964355 300.972548 1326.602714 0
9.217786 0.327803 0.672197 0.057323 0.000095 0.049995 0.075020 0.057419 0.033006 0.005968 0.005236 0.013113 0.939542 0.929770 0.896493 1640.968880 1640.970825 299.967877 1320.541077 0
9.430073 0.333079 0.666921 0.057323 0.000095 0.049995 0.075020 0.057419 0.033006 0.005968 0.005236 0.013113 0.939542 0.929770 0.896493 1640.973267 1640.975708 299.150333 1315.435457 0
9.608489 0.337702 0.662298 0.057323 0.000095 0.049995 0.075020 0.057419 0.033006 0.005968 0.005236 0.013113 0.939542 0.929770 0.896493 1640.974126 1640.974854 298.427483 1311.199435 0
9.765595 0.341370 0.658630 0.057323 0.000095 0.049995 0.075020 0.057419 0.033006 0.005968 0.005236 0.013113 0.939542 0.929770 0.896493 1640.974472 1640.978149 297.870474 1307.551875 0
9.915122 0.344545 0.655455 0.057323 0.000095 0.049995 0.075020 0.057419 0.033006 0.005968 0.005236 0.013113 0.939542 0.929770 0.896493 1640.977605 1640.978882 297.393145 1304.157357 0
10.055812 0.347895 0.652105 0.057323 0.000095 0.049995 0.075020 0.057419 0.033006 0.005968 0.005236 0.013113 0.939542 0.929770 0.896493 1640.978688 1640.979248 296.903797 1300.998203 0
10.186495 0.350895 0.649105 0.057323 0.000095 0.049995 0.075020 0.057419 0.033006 0.005968 0.005236 0.013113 0.939542 0.929770 0.896493 1640.979773 1640.980347 296.489681 1298.110100 0
10.306402 0.353401 0.646599 0.057323 0.000095 0.049995 0.075020 0.057419 0.033006 0.005968 0.005236 0.013113 0.939542 0.929770 0.896493 1640.977539 1640.978271 296.051485 1295.470969 0
10.413522 0.355406 0.644594 0.057323 0.000095 0.049995 0.075020 0.057419 0.033006 0.005968 0.005236 0.013113 0.939542 0.929770 0.896493 1640.978194 1640.979370 295.688784 1293.140786 0
10.514552 0.357467 0.642533 0.057323 0.000095 0.049995 0.075020 0.057419 0.033006 0.005968 0.005236 0.013113 0.939542 0.929770 0.896493 1640.979277 1640.981445 295.377262 1290.975565 0
10.613759 0.359345 0.640655 0.057323 0.000095 0.049995 0.075020 0.057419 0.033006 0.005968 0.005236 0.013113 0.939542 0.929770 0.896493 1640.980386 1640.981934 295.100419 1288.882156 0
10.714419 0.361295 0.638705 0.057323 0.000095 0.049995 0.075020 0.057419 0.033006 0.005968 0.005236 0.013113 0.939542 0.929770 0.896493 1640.982888 1640.984497 294.843208 1286.790366 0
10.819155 0.363125 0.636875 0.057323 0.000095 0.049995 0.075020 0.057419 0.033006 0.005968 0.005236 0.013113 0.939542 0.929770 0.896493 1640.982687 1640.984009 294.592938 1284.645987 0
10.930440 0.365138 0.634862 0.057323 0.000095 0.049995 0.075020 0.057419 0.033006 0.005968 0.005236 0.013113 0.939542 0.929770 0.896493 1640.983242 1640.985840 294.345275 1282.404065 0
