2.750000 1.000000 0.000000 0.000000 1.000000 1.000000 1.000000 1.000000 0.000000 0.000000 0.000000 0.000000 0.000000 0.000000 0.000000 150.000000 150.000000 150.000000 150.000000 0
2.754646 1.000000 0.000000 0.000000 1.000000 1.000000 1.000000 1.000000 0.000000 0.000000 0.000000 0.000000 0.000000 0.000000 0.000000 151.514633 151.515457 150.253603 151.475473 0
2.779646 1.000000 0.000000 0.000000 1.000000 1.000000 1.000000 1.000000 0.000000 0.000000 0.000000 0.000000 0.000000 0.000000 0.000000 159.572400 159.572525 151.806001 159.181509 0
2.804646 1.000000 0.000000 0.000000 1.000000 1.000000 1.000000 1.000000 0.000000 0.000000 0.000000 0.000000 0.000000 0.000000 0.000000 167.439508 167.439545 152.885653 166.530528 0
2.829646 1.000000 0.000000 0.000000 1.000000 1.000000 1.000000 1.000000 0.000000 0.000000 0.000000 0.000000 0.000000 0.000000 0.000000 175.119006 175.119019 153.850045 173.632336 0
2.854646 1.000000 0.000000 0.000000 1.000000 1.000000 1.000000 1.000000 0.000000 0.000000 0.000000 0.000000 0.000000 0.000000 0.000000 182.615292 182.615295 154.757108 180.523384 0
2.879646 1.000000 0.000000 0.000000 1.000000 1.000000 1.000000 1.000000 0.000000 0.000000 0.000000 0.000000 0.000000 0.000000 0.000000 189.932812 189.932816 155.625760 187.220953 0
2.904646 1.000000 0.000000 0.000000 1.000000 1.000000 1.000000 1.000000 0.000000 0.000000 0.000000 0.000000 0.000000 0.000000 0.000000 197.075781 197.075775 156.463752 193.735566 0
2.929646 1.000000 0.000000 0.000000 1.000000 1.000000 1.000000 1.000000 0.000000 0.000000 0.000000 0.000000 0.000000 0.000000 0.000000 204.048402 204.048401 157.274958 200.075015 0
2.954646 1.000000 0.000000 0.000000 1.000000 1.000000 1.000000 1.000000 0.000000 0.000000 0.000000 0.000000 0.000000 0.000000 0.000000 210.854753 210.854752 158.061670 206.245650 0
2.979646 1.000000 0.000000 0.000000 1.000000 1.000000 1.000000 1.000000 0.000000 0.000000 0.000000 0.000000 0.000000 0.000000 0.000000 217.498792 217.498795 158.825443 212.253029 0
3.107146 1.000000 0.000000 0.000000 1.000000 1.000000 1.000000 1.000000 0.000000 0.000000 0.000000 0.000000 0.000000 0.000000 0.000000 248.997646 248.997650 162.400342 240.525064 0
3.234646 1.000000 0.000000 0.830330 0.169670 1.000000 1.000000 1.000000 0.830330 0.000000 0.000000 0.000000 0.000000 0.000000 0.000000 276.848863 276.848877 165.505746 265.233720 0
3.362146 1.000000 0.000000 0.876012 0.123988 1.000000 1.000000 1.000000 0.876012 0.000000 0.000000 0.000000 0.000000 0.000000 0.000000 301.475598 301.475586 168.209540 286.837300 0
3.489646 1.000000 0.000000 0.885465 0.114535 1.000000 1.000000 1.000000 0.885465 0.000000 0.000000 0.000000 0.000000 0.000000 0.000000 323.251566 323.251556 170.565429 305.724686 0
3.617146 1.000000 0.000000 0.889698 0.110302 1.000000 1.000000 1.000000 0.889698 0.000000 0.000000 0.000000 0.000000 0.000000 0.000000 342.507508 342.507507 172.618358 322.231633 0
3.744646 1.000000 0.000000 0.891608 0.108392 1.000000 1.000000 1.000000 0.891608 0.000000 0.000000 0.000000 0.000000 0.000000 0.000000 359.535564 359.535553 174.406705 336.649911 0
3.872146 1.000000 0.000000 0.892523 0.107477 1.000000 1.000000 1.000000 0.892523 0.000000 0.000000 0.000000 0.000000 0.000000 0.000000 374.594021 374.594025 175.963581 349.234328 0
3.999646 1.000000 0.000000 0.892849 0.107151 1.000000 1.000000 1.000000 0.892849 0.000000 0.000000 0.000000 0.000000 0.000000 0.000000 387.911543 387.911530 177.317761 360.207970 0
4.127146 1.000000 0.000000 0.892857 0.107143 1.000000 1.000000 1.000000 0.892857 0.000000 0.000000 0.000000 0.000000 0.000000 0.000000 399.689669 399.689667 178.494275 369.766132 0
4.254646 1.000000 0.000000 0.892857 0.107143 1.000000 1.000000 1.000000 0.892857 0.000000 0.000000 0.000000 0.000000 0.000000 0.000000 410.107134 410.107147 179.515028 378.080446 0
4.382146 1.000000 0.000000 0.892857 0.107143 1.000000 1.000000 1.000000 0.892857 0.000000 0.000000 0.000000 0.000000 0.000000 0.000000 419.321608 419.321594 180.399161 385.301475 0
4.509646 1.000000 0.000000 0.892857 0.107143 1.000000 1.000000 1.000000 0.892857 0.000000 0.000000 0.000000 0.000000 0.000000 0.000000 427.472585 427.472595 181.163449 391.561666 0
4.637146 1.000000 0.000000 0.892857 0.107143 1.000000 1.000000 1.000000 0.892857 0.000000 0.000000 0.000000 0.000000 0.000000 0.000000 434.683607 434.683594 181.822619 396.977491 0
4.764646 1.000000 0.000000 0.892857 0.107143 1.000000 1.000000 1.000000 0.892857 0.000000 0.000000 0.000000 0.000000 0.000000 0.000000 441.063448 441.063446 182.389568 401.651259 0
4.892146 1.000000 0.000000 0.892857 0.107143 1.000000 1.000000 1.000000 0.892857 0.000000 0.000000 0.000000 0.000000 0.000000 0.000000 446.708709 446.708710 182.875635 405.673100 0
5.019646 1.000000 0.000000 0.892857 0.107143 1.000000 1.000000 1.000000 0.892857 0.000000 0.000000 0.000000 0.000000 0.000000 0.000000 451.704326 451.704315 183.290758 409.122159 0
5.147146 1.000000 0.000000 0.892857 0.107143 1.000000 1.000000 1.000000 0.892857 0.000000 0.000000 0.000000 0.000000 0.000000 0.000000 456.125863 456.125854 183.643689 412.068282 0
5.274646 1.000000 0.000000 0.892857 0.107143 1.000000 1.000000 1.000000 0.892857 0.000000 0.000000 0.000000 0.000000 0.000000 0.000000 460.039687 460.039673 183.942097 414.572756 0
5.402146 1.000000 0.000000 0.892857 0.107143 1.000000 1.000000 1.000000 0.892857 0.000000 0.000000 0.000000 0.000000 0.000000 0.000000 463.504798 463.504791 184.192738 416.689664 0
5.529646 1.000000 0.000000 0.892857 0.107143 1.000000 1.000000 1.000000 0.892857 0.000000 0.000000 0.000000 0.000000 0.000000 0.000000 466.573255 466.573242 184.401544 418.466551 0
5.657146 1.000000 0.000000 0.892857 0.107143 1.000000 1.000000 1.000000 0.892857 0.000000 0.000000 0.000000 0.000000 0.000000 0.000000 469.290907 469.290894 184.573722 419.945233 0
5.784646 1.000000 0.000000 0.892857 0.107143 1.000000 1.000000 1.000000 0.892857 0.000000 0.000000 0.000000 0.000000 0.000000 0.000000 471.698610 471.698608 184.713861 421.162602 0
5.912146 1.000000 0.000000 0.892857 0.107143 1.000000 1.000000 1.000000 0.892857 0.000000 0.000000 0.000000 0.000000 0.000000 0.000000 473.832317 473.832306 184.825988 422.151067 0
6.039646 1.000000 0.000000 0.892857 0.107143 1.000000 1.000000 1.000000 0.892857 0.000000 0.000000 0.000000 0.000000 0.000000 0.000000 475.723539 475.723541 184.913633 422.939089 0
6.167146 1.000000 0.000000 0.892857 0.107143 1.000000 1.000000 1.000000 0.892857 0.000000 0.000000 0.000000 0.000000 0.000000 0.000000 477.400679 477.400665 184.979917 423.551846 0
6.294646 1.000000 0.000000 0.892857 0.107143 1.000000 1.000000 1.000000 0.892857 0.000000 0.000000 0.000000 0.000000 0.000000 0.000000 478.888458 478.888458 185.027567 424.011406 0
6.422146 1.000000 0.000000 0.892857 0.107143 1.000000 1.000000 1.000000 0.892857 0.000000 0.000000 0.000000 0.000000 0.000000 0.000000 480.208887 480.208893 185.058986 424.337199 0
6.549646 1.000000 0.000000 0.892857 0.107143 1.000000 1.000000 1.000000 0.892857 0.000000 0.000000 0.000000 0.000000 0.000000 0.000000 481.381328 481.381317 185.076281 424.546289 0
6.677146 1.000000 0.000000 0.892857 0.107143 1.000000 1.000000 1.000000 0.892857 0.000000 0.000000 0.000000 0.000000 0.000000 0.000000 482.422982 482.422974 185.081303 424.653718 0
6.804646 1.000000 0.000000 0.892857 0.107143 1.000000 1.000000 1.000000 0.892857 0.000000 0.000000 0.000000 0.000000 0.000000 0.000000 483.348857 483.348846 185.075673 424.672652 0
6.932146 1.000000 0.000000 0.892857 0.107143 1.000000 1.000000 1.000000 0.892857 0.000000 0.000000 0.000000 0.000000 0.000000 0.000000 484.172533 484.172546 185.060823 424.614743 0
7.059646 1.000000 0.000000 0.892857 0.107143 1.000000 1.000000 1.000000 0.892857 0.000000 0.000000 0.000000 0.000000 0.000000 0.000000 484.905759 484.905762 185.038000 424.490154 0
7.187146 1.000000 0.000000 0.892857 0.107143 1.000000 1.000000 1.000000 0.892857 0.000000 0.000000 0.000000 0.000000 0.000000 0.000000 485.559101 485.559113 185.008306 424.307877 0
7.314646 1.000000 0.000000 0.892857 0.107143 1.000000 1.000000 1.000000 0.892857 0.000000 0.000000 0.000000 0.000000 0.000000 0.000000 486.141843 486.141846 184.972702 424.075764 0
7.442146 1.000000 0.000000 0.892857 0.107143 1.000000 1.000000 1.000000 0.892857 0.000000 0.000000 0.000000 0.000000 0.000000 0.000000 486.662145 486.662140 184.932030 423.800718 0
7.569646 1.000000 0.000000 0.892857 0.107143 1.000000 1.000000 1.000000 0.892857 0.000000 0.000000 0.000000 0.000000 0.000000 0.000000 487.127222 487.127228 184.887029 423.488793 0
7.697146 1.000000 0.000000 0.892857 0.107143 1.000000 1.000000 1.000000 0.892857 0.000000 0.000000 0.000000 0.000000 0.000000 0.000000 487.543497 487.543488 184.838344 423.145291 0
7.824646 1.000000 0.000000 0.892857 0.107143 1.000000 1.000000 1.000000 0.892857 0.000000 0.000000 0.000000 0.000000 0.000000 0.000000 487.916755 487.916748 184.786545 422.774909 0
7.952146 1.000000 0.000000 0.892857 0.107143 1.000000 1.000000 1.000000 0.892857 0.000000 0.000000 0.000000 0.000000 0.000000 0.000000 488.251714 488.251709 184.732118 422.381652 0
8.079646 1.000000 0.000000 0.892857 0.107143 1.000000 1.000000 1.000000 0.892857 0.000000 0.000000 0.000000 0.000000 0.000000 0.000000 488.552941 488.552948 184.675499 421.969122 0
8.207146 1.000000 0.000000 0.892857 0.107143 1.000000 1.000000 1.000000 0.892857 0.000000 0.000000 0.000000 0.000000 0.000000 0.000000 488.824364 488.824371 184.617065 421.540436 0
8.334646 1.000000 0.000000 0.892857 0.107143 1.000000 1.000000 1.000000 0.892857 0.000000 0.000000 0.000000 0.000000 0.000000 0.000000 489.069422 489.069427 184.557143 421.098320 0
8.462146 1.000000 0.000000 0.892857 0.107143 1.000000 1.000000 1.000000 0.892857 0.000000 0.000000 0.000000 0.000000 0.000000 0.000000 489.291282 489.291290 184.496022 420.645177 0
8.589646 1.000000 0.000000 0.892857 0.107143 1.000000 1.000000 1.000000 0.892857 0.000000 0.000000 0.000000 0.000000 0.000000 0.000000 489.492441 489.492432 184.433946 420.183042 0
8.717146 1.000000 0.000000 0.892857 0.107143 1.000000 1.000000 1.000000 0.892857 0.000000 0.000000 0.000000 0.000000 0.000000 0.000000 489.675424 489.675415 184.371135 419.713758 0
8.844646 1.000000 0.000000 0.892857 0.107143 1.000000 1.000000 1.000000 0.892857 0.000000 0.000000 0.000000 0.000000 0.000000 0.000000 489.842272 489.842285 184.307774 419.238886 0
8.972146 1.000000 0.000000 0.892857 0.107143 1.000000 1.000000 1.000000 0.892857 0.000000 0.000000 0.000000 0.000000 0.000000 0.000000 489.994933 489.994934 184.244026 418.759797 0
9.099646 1.000000 0.000000 0.892857 0.107143 1.000000 1.000000 1.000000 0.892857 0.000000 0.000000 0.000000 0.000000 0.000000 0.000000 490.134990 490.134979 184.180032 418.277673 0
9.227146 1.000000 0.000000 0.892857 0.107143 1.000000 1.000000 1.000000 0.892857 0.000000 0.000000 0.000000 0.000000 0.000000 0.000000 490.263966 490.263977 184.115912 417.793558 0
9.354646 1.000000 0.000000 0.892857 0.107143 1.000000 1.000000 1.000000 0.892857 0.000000 0.000000 0.000000 0.000000 0.000000 0.000000 490.383108 490.383118 184.051770 417.308320 0
9.482146 1.000000 0.000000 0.892857 0.107143 1.000000 1.000000 1.000000 0.892857 0.000000 0.000000 0.000000 0.000000 0.000000 0.000000 490.493574 490.493561 183.987696 416.822733 0
9.609646 1.000000 0.000000 0.892857 0.107143 1.000000 1.000000 1.000000 0.892857 0.000000 0.000000 0.000000 0.000000 0.000000 0.000000 490.596276 490.596283 183.923764 416.337454 0
9.737146 1.000000 0.000000 0.892857 0.107143 1.000000 1.000000 1.000000 0.892857 0.000000 0.000000 0.000000 0.000000 0.000000 0.000000 490.692251 490.692261 183.860041 415.853057 0
9.864646 1.000000 0.000000 0.892857 0.107143 1.000000 1.000000 1.000000 0.892857 0.000000 0.000000 0.000000 0.000000 0.000000 0.000000 490.782167 490.782166 183.796581 415.370006 0
9.992146 1.000000 0.000000 0.892857 0.107143 1.000000 1.000000 1.000000 0.892857 0.000000 0.000000 0.000000 0.000000 0.000000 0.000000 490.866786 490.866791 183.733432 414.888731 0
10.119646 1.000000 0.000000 0.892857 0.107143 1.000000 1.000000 1.000000 0.892857 0.000000 0.000000 0.000000 0.000000 0.000000 0.000000 490.946716 490.946716 183.670630 414.409567 0
10.247146 1.000000 0.000000 0.892857 0.107143 1.000000 1.000000 1.000000 0.892857 0.000000 0.000000 0.000000 0.000000 0.000000 0.000000 491.022567 491.022552 183.608211 413.932821 0
10.374646 1.000000 0.000000 0.892857 0.107143 1.000000 1.000000 1.000000 0.892857 0.000000 0.000000 0.000000 0.000000 0.000000 0.000000 491.094613 491.094604 183.546197 413.458716 0
10.502146 1.000000 0.000000 0.892857 0.107143 1.000000 1.000000 1.000000 0.892857 0.000000 0.000000 0.000000 0.000000 0.000000 0.000000 491.163492 491.163483 183.484613 412.987475 0
10.629646 1.000000 0.000000 0.892857 0.107143 1.000000 1.000000 1.000000 0.892857 0.000000 0.000000 0.000000 0.000000 0.000000 0.000000 491.229510 491.229523 183.423476 412.519265 0
10.757146 1.000000 0.000000 0.892857 0.107143 1.000000 1.000000 1.000000 0.892857 0.000000 0.000000 0.000000 0.000000 0.000000 0.000000 491.292909 491.292908 183.362796 412.054190 0
10.884646 1.000000 0.000000 0.892857 0.107143 1.000000 1.000000 1.000000 0.892857 0.000000 0.000000 0.000000 0.000000 0.000000 0.000000 491.354177 491.354187 183.302590 411.592411 0
