0.300000 1.000000 0.000000 0.000000 1.000000 1.000000 1.000000 1.000000 0.000000 0.000000 0.000000 0.000000 0.000000 0.000000 0.000000 150.000000 150.000000 150.000000 150.000000 0
0.303356 1.000000 0.000000 0.000000 1.000000 1.000000 1.000000 1.000000 0.000000 0.000000 0.000000 0.000000 0.000000 0.000000 0.000000 161.681628 161.693787 151.805835 161.428411 0
0.317497 1.000000 0.000000 0.000000 1.000000 1.000000 1.000000 1.000000 0.000000 0.000000 0.000000 0.000000 0.000000 0.000000 0.000000 210.564745 210.565765 160.128650 208.407432 0
0.327607 1.000000 0.000000 0.000000 1.000000 1.000000 1.000000 1.000000 0.000000 0.000000 0.000000 0.000000 0.000000 0.000000 0.000000 245.087213 245.089951 164.410007 240.868514 0
0.337148 1.000000 0.000000 0.897353 0.102647 1.000000 1.000000 1.000000 0.897353 0.000000 0.000000 0.000000 0.000000 0.000000 0.000000 277.353145 277.357178 168.331950 270.994109 0
0.346475 1.000000 0.000000 0.926205 0.073795 1.000000 1.000000 1.000000 0.926205 0.000000 0.000000 0.000000 0.000000 0.000000 0.000000 308.610532 308.616669 172.091216 300.057043 0
0.355697 1.000000 0.000000 0.930940 0.069060 1.000000 1.000000 1.000000 0.930940 0.000000 0.000000 0.000000 0.000000 0.000000 0.000000 339.239760 339.246948 175.747672 328.452089 0
0.364857 1.000000 0.000000 0.933192 0.066808 1.000000 1.000000 1.000000 0.933192 0.000000 0.000000 0.000000 0.000000 0.000000 0.000000 369.394704 369.400787 179.327309 356.343081 0
0.373977 1.000000 0.000000 0.934616 0.065384 1.000000 1.000000 1.000000 0.934616 0.000000 0.000000 0.000000 0.000000 0.000000 0.000000 399.151481 399.152771 182.844119 383.812945 0
0.383068 1.000000 0.000000 0.935428 0.064572 1.000000 1.000000 1.000000 0.935428 0.000000 0.000000 0.000000 0.000000 0.000000 0.000000 428.554039 428.554596 186.306786 410.910951 0
0.392138 1.000000 0.000000 0.936072 0.063928 1.000000 1.000000 1.000000 0.936072 0.000000 0.000000 0.000000 0.000000 0.000000 0.000000 457.631529 457.632294 189.721214 437.670078 0
0.438225 1.000000 0.000000 0.937831 0.062169 1.000000 1.000000 1.000000 0.937831 0.000000 0.000000 0.000000 0.000000 0.000000 0.000000 599.695505 599.695923 206.305601 567.973753 0
0.483793 1.000000 0.000000 0.938690 0.061310 1.000000 1.000000 1.000000 0.938690 0.000000 0.000000 0.000000 0.000000 0.000000 0.000000 728.639390 728.639526 221.264365 685.699213 0
0.529561 1.000000 0.000000 0.939335 0.060665 1.000000 1.000000 1.000000 0.041512 0.897822 0.000000 0.000000 0.000000 0.000000 0.000000 849.333937 849.333923 235.131065 795.429647 0
0.573684 1.000000 0.000000 0.939788 0.060212 1.000000 1.000000 1.000000 0.030858 0.015501 0.893430 0.000000 0.000000 0.000000 0.000000 958.757375 958.757385 247.511862 894.483291 0
0.617271 1.000000 0.000000 0.940226 0.059774 1.000000 1.000000 1.000000 0.027643 0.007798 0.016806 0.887979 0.000000 0.000000 0.000000 1060.945503 1060.945557 258.949780 986.662076 0
0.660539 1.000000 0.000000 0.940751 0.059249 0.118546 1.000000 1.000000 0.026203 0.005658 0.009429 0.899461 0.000000 0.000000 0.000000 1156.938241 1156.938232 270.168452 1073.026351 0
0.702350 1.000000 0.000000 0.093910 0.058819 0.106713 1.000000 0.152730 0.025503 0.004583 0.006676 0.057148 0.000000 0.000000 0.000000 1244.975033 1244.974976 279.996965 1151.891128 0
0.744435 1.000000 0.000000 0.064103 0.058453 0.100945 1.000000 0.122556 0.024985 0.004162 0.005236 0.029720 0.862994 0.000000 0.000000 1329.305515 1329.305542 289.476888 1227.245507 0
0.786587 1.000000 0.000000 0.054849 0.057984 0.097412 1.000000 0.112833 0.024858 0.003819 0.004567 0.021604 0.879282 0.000000 0.000000 1409.666139 1409.666138 298.401501 1298.844810 0
0.833290 0.141287 0.858713 0.049764 0.057602 0.095247 1.000000 0.107366 0.024715 0.003597 0.004010 0.017442 0.887279 0.858872 0.000000 1466.880403 1466.880615 305.452673 1350.706626 0
0.875862 0.128580 0.871420 0.046764 0.057307 0.093775 0.145489 0.104072 0.024707 0.003605 0.003573 0.014880 0.891146 0.871540 0.000000 1513.080856 1513.081055 310.577734 1392.204103 0
0.922483 0.121816 0.878184 0.045006 0.056933 0.093003 0.131524 0.101939 0.024930 0.003406 0.003437 0.013233 0.893995 0.878216 0.000000 1561.372769 1561.372925 316.049927 1435.282557 0
0.965187 0.117806 0.882194 0.043924 0.056766 0.092335 0.125246 0.100690 0.025017 0.003318 0.003310 0.012278 0.895952 0.882226 0.000000 1603.506267 1603.506470 320.297638 1472.488966 0
1.006980 0.115100 0.884900 0.043152 0.056591 0.091969 0.121689 0.099743 0.025137 0.003302 0.003239 0.011474 0.897122 0.884932 0.807874 1643.017803 1716.295776 324.748827 1507.783968 0
1.018041 0.101390 0.898610 0.042101 0.044910 0.080869 0.105202 0.087012 0.026434 0.002857 0.003286 0.009525 0.910474 0.900440 0.824465 1642.409616 1830.435547 324.030212 1518.773627 1
1.025298 0.100395 0.899605 0.045141 0.038115 0.076675 0.100785 0.083256 0.028765 0.002841 0.003406 0.010129 0.914357 0.904737 0.832056 1642.450231 1749.243164 325.182643 1525.370432 0
1.032653 0.098128 0.901872 0.047226 0.033309 0.073898 0.097738 0.080534 0.030030 0.003231 0.003636 0.010328 0.916991 0.907872 0.836472 1642.514442 1783.979614 326.253000 1529.524680 0
1.039209 0.095088 0.904912 0.048053 0.029911 0.071750 0.095271 0.077964 0.031017 0.003374 0.003883 0.009779 0.919442 0.910665 0.839608 1642.503693 1840.376953 326.842909 1532.741279 2
1.047500 0.093998 0.906002 0.049899 0.025065 0.068853 0.091977 0.074964 0.032433 0.003676 0.004002 0.009787 0.922513 0.913681 0.843626 1642.379376 1986.294800 327.545954 1536.014686 3
1.054497 0.091571 0.908429 0.050982 0.022670 0.067341 0.090027 0.073651 0.033150 0.003804 0.003835 0.010193 0.924001 0.915384 0.845345 1642.501134 1825.809814 327.559183 1537.515741 1
1.062000 0.091181 0.908819 0.052143 0.020362 0.066005 0.088348 0.072506 0.033953 0.003891 0.003827 0.010472 0.925211 0.916800 0.847366 1642.447307 2159.119385 328.619233 1539.015390 2
1.069333 0.091165 0.908835 0.053019 0.018182 0.064700 0.087012 0.071201 0.034558 0.003931 0.003947 0.010583 0.926500 0.917818 0.849673 1642.412008 2097.447754 328.159639 1539.702101 5
1.075738 0.089860 0.910140 0.053528 0.017116 0.064087 0.086279 0.070644 0.034908 0.004050 0.003955 0.010615 0.927152 0.918582 0.851647 1642.422376 2004.990112 327.904595 1539.885736 3
1.082185 0.089351 0.910649 0.053751 0.016463 0.063586 0.085715 0.070214 0.035035 0.004122 0.003819 0.010774 0.927622 0.919115 0.852498 1642.493718 2090.106689 328.304397 1540.548153 4
1.088630 0.090672 0.909328 0.054387 0.015365 0.063267 0.084990 0.069752 0.035385 0.004217 0.003963 0.010822 0.928067 0.919672 0.853334 1642.413607 2044.978882 328.624068 1540.712972 3
1.094944 0.089176 0.910824 0.054483 0.014991 0.063013 0.084410 0.069474 0.035545 0.004162 0.004010 0.010766 0.928505 0.920253 0.854281 1642.453046 2175.531250 328.038112 1540.794319 4
1.101725 0.089033 0.910967 0.054753 0.014363 0.062519 0.084044 0.069116 0.035712 0.004106 0.004050 0.010885 0.928847 0.920635 0.855036 1642.375533 2344.716064 328.551688 1540.941015 7
1.108638 0.089295 0.910705 0.055255 0.013623 0.062328 0.083582 0.068877 0.035950 0.004257 0.004074 0.010973 0.929054 0.921081 0.855784 1642.441935 2324.943604 328.213470 1540.846450 8
1.115515 0.088587 0.911413 0.055422 0.013201 0.062090 0.083176 0.068623 0.036102 0.004289 0.004122 0.010909 0.929277 0.921367 0.856469 1642.378952 2498.801025 327.821763 1540.834322 9
1.122299 0.088802 0.911198 0.055326 0.012899 0.061700 0.082739 0.068225 0.036062 0.004249 0.004170 0.010846 0.929659 0.921845 0.857241 1642.443845 2432.577881 328.194454 1541.577863 7
1.128851 0.089542 0.910458 0.055477 0.012692 0.061612 0.082595 0.068169 0.036173 0.004193 0.004241 0.010869 0.929770 0.921996 0.857837 1642.377123 2515.925293 328.356337 1540.982433 6
1.136314 0.088022 0.911978 0.055445 0.012517 0.061350 0.082388 0.067962 0.036181 0.004217 0.004193 0.010854 0.929921 0.922139 0.858331 1642.423379 2647.382080 328.240577 1540.699216 10
1.143563 0.089120 0.910880 0.055597 0.012238 0.061278 0.082166 0.067835 0.036253 0.004281 0.004241 0.010822 0.930017 0.922378 0.859031 1642.503182 2789.627686 329.071660 1541.205926 7
1.150477 0.089255 0.910745 0.055724 0.011936 0.061095 0.081951 0.067660 0.036285 0.004329 0.004281 0.010830 0.930168 0.922545 0.859763 1642.432346 2320.979736 328.063929 1540.833517 5
1.158010 0.088492 0.911508 0.056018 0.011498 0.060960 0.081736 0.067516 0.036404 0.004424 0.004337 0.010854 0.930319 0.922784 0.860439 1642.515860 2169.080566 329.235385 1540.529162 3
1.164749 0.089112 0.910888 0.056209 0.011236 0.060896 0.081688 0.067445 0.036404 0.004520 0.004361 0.010925 0.930391 0.922847 0.860845 1642.507536 1998.208862 328.736052 1540.647205 5
1.172373 0.089860 0.910140 0.056321 0.011021 0.060817 0.081465 0.067341 0.036492 0.004504 0.004384 0.010941 0.930550 0.922999 0.861362 1642.490969 2089.448975 328.800108 1540.509433 3
1.178841 0.090560 0.909440 0.056607 0.010686 0.060761 0.081306 0.067294 0.036611 0.004544 0.004448 0.011005 0.930566 0.923054 0.861537 1642.365057 1953.395264 327.795928 1540.245560 2
1.185825 0.088985 0.911015 0.056544 0.010631 0.060689 0.081171 0.067174 0.036579 0.004544 0.004472 0.010949 0.930693 0.923213 0.862039 1642.396530 2001.620605 328.948664 1540.059587 6
1.193762 0.088643 0.911357 0.056766 0.010289 0.060602 0.080948 0.067055 0.036746 0.004567 0.004504 0.010949 0.930805 0.923365 0.862421 1642.462775 2089.193848 328.005378 1539.792483 6
1.201054 0.089916 0.910084 0.056878 0.010098 0.060482 0.080773 0.066975 0.036834 0.004536 0.004575 0.010933 0.930876 0.923468 0.862938 1642.463839 2030.193115 328.136867 1539.896395 2
1.208777 0.089860 0.910140 0.056926 0.009962 0.060331 0.080662 0.066888 0.036858 0.004488 0.004607 0.010973 0.930924 0.923540 0.863296 1642.392967 1979.166870 327.514525 1539.732335 3
1.214959 0.089120 0.910880 0.056918 0.009931 0.060291 0.080606 0.066848 0.036850 0.004520 0.004559 0.010989 0.930964 0.923579 0.863654 1642.429036 1983.897095 327.703409 1539.591157 3
1.222133 0.089033 0.910967 0.057021 0.009811 0.060244 0.080542 0.066832 0.036913 0.004512 0.004559 0.011037 0.930964 0.923619 0.863949 1642.501206 2120.635742 328.862410 1539.812992 3
1.227449 0.090107 0.909893 0.057053 0.009700 0.060156 0.080463 0.066753 0.036905 0.004488 0.004607 0.011052 0.931051 0.923659 0.864187 1642.444531 2123.728271 327.544779 1539.513793 5
1.234418 0.089749 0.910251 0.057045 0.009652 0.060116 0.080351 0.066697 0.036913 0.004512 0.004599 0.011021 0.931091 0.923731 0.864513 1642.490262 2284.495117 328.690178 1539.591154 5
1.241843 0.091674 0.908326 0.057220 0.009437 0.059981 0.080264 0.066657 0.036993 0.004496 0.004599 0.011132 0.931139 0.923778 0.864760 1642.445610 1810.653198 327.660680 1539.382850 1
1.248653 0.090863 0.909137 0.057315 0.009334 0.059965 0.080248 0.066649 0.037072 0.004512 0.004575 0.011156 0.931139 0.923818 0.864959 1642.401199 1921.009888 327.856211 1539.008692 5
1.254940 0.090672 0.909328 0.057323 0.009278 0.059886 0.080224 0.066601 0.036993 0.004488 0.004639 0.011204 0.931171 0.923842 0.865094 1642.410500 2051.742920 327.527577 1538.552166 4
1.261837 0.089884 0.910116 0.057339 0.009214 0.059878 0.080176 0.066554 0.037033 0.004496 0.004639 0.011172 0.931210 0.923866 0.865309 1642.438407 1884.008423 327.985203 1538.538705 1
1.268569 0.089940 0.910060 0.057347 0.009167 0.059838 0.080129 0.066514 0.037017 0.004424 0.004695 0.011212 0.931250 0.923906 0.865667 1642.429274 1901.383423 327.809498 1538.576160 2
1.276520 0.090385 0.909615 0.057260 0.008984 0.059647 0.080033 0.066243 0.037080 0.004321 0.004671 0.011188 0.931433 0.924033 0.866367 1642.476566 1869.418579 328.278542 1538.421880 3
1.282944 0.090497 0.909503 0.057292 0.008944 0.059615 0.080001 0.066235 0.037112 0.004305 0.004663 0.011212 0.931441 0.924057 0.866479 1642.427207 2039.091309 327.308241 1538.401522 4
1.289679 0.090497 0.909503 0.057371 0.008856 0.059551 0.079969 0.066227 0.037096 0.004353 0.004671 0.011251 0.931465 0.924081 0.866582 1642.459076 1974.885620 327.620873 1538.060716 5
1.296588 0.090664 0.909336 0.057371 0.008848 0.059535 0.079922 0.066219 0.037096 0.004353 0.004679 0.011243 0.931481 0.924089 0.866694 1642.437147 1861.846558 327.803325 1538.112097 2
1.303326 0.090505 0.909495 0.057371 0.008848 0.059535 0.079874 0.066219 0.037088 0.004353 0.004687 0.011243 0.931489 0.924097 0.866861 1642.446355 2006.096924 327.514303 1537.887251 3
1.310866 0.091507 0.908493 0.057435 0.008785 0.059520 0.079858 0.066219 0.037096 0.004353 0.004655 0.011331 0.931497 0.924097 0.866988 1642.494030 1838.392456 328.700794 1538.715149 1
1.318142 0.091579 0.908421 0.057490 0.008721 0.059520 0.079834 0.066212 0.037128 0.004353 0.004663 0.011347 0.931505 0.924128 0.867386 1642.411131 1898.602905 327.249860 1537.471639 4
1.324952 0.091945 0.908055 0.057514 0.008697 0.059520 0.079818 0.066212 0.037144 0.004361 0.004663 0.011347 0.931505 0.924136 0.867450 1642.467560 1989.675049 327.702795 1537.454904 4
1.333308 0.091149 0.908851 0.057578 0.008594 0.059480 0.079771 0.066172 0.037049 0.004408 0.004703 0.011419 0.931529 0.924176 0.867832 1642.405600 1880.945312 327.464852 1537.483324 5
1.341074 0.091197 0.908803 0.057570 0.008594 0.059480 0.079755 0.066164 0.037033 0.004424 0.004703 0.011411 0.931529 0.924200 0.867943 1642.425806 1915.765137 328.535789 1537.456065 6
1.348422 0.090974 0.909026 0.057570 0.008586 0.059480 0.079755 0.066156 0.036977 0.004448 0.004703 0.011442 0.931529 0.924208 0.868206 1642.412083 2079.065674 327.244271 1537.403120 3
1.354806 0.091300 0.908700 0.057562 0.008586 0.059480 0.079739 0.066148 0.036977 0.004448 0.004703 0.011434 0.931553 0.924216 0.868293 1642.480010 2146.285156 327.817384 1537.105670 3
1.362441 0.090584 0.909416 0.057475 0.008546 0.059448 0.079699 0.066021 0.036985 0.004456 0.004695 0.011339 0.931632 0.924232 0.868595 1642.415874 2173.929443 327.532468 1537.446074 3
1.370379 0.091420 0.908580 0.057634 0.008379 0.059432 0.079659 0.066013 0.037128 0.004480 0.004655 0.011371 0.931640 0.924232 0.868778 1642.432319 2065.486572 327.353515 1537.468333 3
1.377746 0.091468 0.908532 0.057658 0.008347 0.059408 0.079659 0.066005 0.037096 0.004496 0.004655 0.011411 0.931656 0.924232 0.868930 1642.397073 2124.048096 327.733475 1536.827746 3
1.385849 0.090728 0.909272 0.057705 0.008291 0.059400 0.079635 0.065997 0.037128 0.004504 0.004647 0.011426 0.931664 0.924264 0.869073 1642.416920 2148.947754 327.224512 1536.871515 5
1.392879 0.091722 0.908278 0.057705 0.008291 0.059400 0.079627 0.065997 0.037128 0.004504 0.004647 0.011426 0.931664 0.924264 0.869113 1642.475403 2391.085205 327.718701 1536.426429 5
1.400043 0.091826 0.908174 0.057697 0.008267 0.059384 0.079627 0.065965 0.037104 0.004504 0.004671 0.011419 0.931680 0.924264 0.869296 1642.425563 2416.990967 328.143168 1536.390035 8
1.406825 0.091460 0.908540 0.057689 0.008267 0.059368 0.079603 0.065957 0.037080 0.004496 0.004679 0.011434 0.931680 0.924272 0.869415 1642.399879 2756.698242 327.676045 1536.224207 6
1.413096 0.090847 0.909153 0.057729 0.008228 0.059352 0.079603 0.065957 0.037120 0.004496 0.004663 0.011450 0.931680 0.924272 0.869495 1642.460802 2680.996826 327.335403 1536.132987 6
1.421447 0.091324 0.908676 0.057729 0.008204 0.059337 0.079595 0.065933 0.037112 0.004496 0.004663 0.011458 0.931720 0.924288 0.869638 1642.440699 2867.663574 327.257052 1536.877881 5
1.427541 0.090664 0.909336 0.057737 0.008196 0.059329 0.079595 0.065933 0.037120 0.004488 0.004663 0.011466 0.931720 0.924288 0.869709 1642.420098 2791.785156 327.154907 1535.813334 6
1.434495 0.090807 0.909193 0.057729 0.008188 0.059313 0.079532 0.065917 0.037120 0.004472 0.004639 0.011498 0.931743 0.924343 0.869869 1642.448656 2734.266113 327.107122 1536.073455 3
1.442051 0.091563 0.908437 0.057705 0.008180 0.059297 0.079516 0.065885 0.037088 0.004464 0.004639 0.011514 0.931759 0.924351 0.869996 1642.430788 2758.953613 327.849361 1535.974253 3
1.449431 0.092319 0.907681 0.057697 0.008180 0.059289 0.079516 0.065877 0.037080 0.004464 0.004647 0.011506 0.931759 0.924351 0.870155 1642.444970 2891.721436 327.043692 1535.726321 5
1.456983 0.092757 0.907243 0.057721 0.008132 0.059241 0.079468 0.065853 0.037080 0.004480 0.004599 0.011562 0.931775 0.924359 0.870290 1642.407096 2798.770020 326.713532 1535.582584 4
1.463055 0.092255 0.907745 0.057721 0.008132 0.059241 0.079460 0.065853 0.037080 0.004480 0.004599 0.011562 0.931775 0.924359 0.870298 1642.424855 2177.311279 327.011785 1534.991908 2
1.470887 0.091985 0.908015 0.057729 0.008124 0.059233 0.079460 0.065853 0.037080 0.004448 0.004623 0.011578 0.931775 0.924359 0.870394 1642.438586 2142.276367 326.990435 1535.183707 3
1.477740 0.092932 0.907068 0.057729 0.008116 0.059217 0.079460 0.065845 0.037041 0.004440 0.004615 0.011633 0.931783 0.924367 0.870434 1642.444266 1986.767212 327.007285 1535.033441 2
1.486118 0.092064 0.907936 0.057713 0.008100 0.059177 0.079444 0.065814 0.037049 0.004408 0.004639 0.011617 0.931799 0.924391 0.870656 1642.385570 2081.625488 328.232458 1535.092578 1
1.493612 0.091659 0.908341 0.057713 0.008077 0.059130 0.079404 0.065790 0.037025 0.004392 0.004639 0.011657 0.931815 0.924431 0.870831 1642.421593 2161.700684 327.590040 1534.857513 1
1.502131 0.091810 0.908190 0.057761 0.008013 0.059098 0.079341 0.065774 0.037056 0.004345 0.004647 0.011713 0.931831 0.924502 0.871094 1642.391688 2473.389404 326.962063 1534.813019 3
1.510174 0.093226 0.906774 0.057809 0.007957 0.059082 0.079309 0.065766 0.037088 0.004321 0.004679 0.011721 0.931839 0.924518 0.871190 1642.377475 2251.558838 326.596793 1534.261630 5
1.518412 0.092184 0.907816 0.057817 0.007941 0.059082 0.079293 0.065758 0.037088 0.004337 0.004679 0.011713 0.931847 0.924518 0.871325 1642.373526 2062.048584 328.281271 1534.961826 6
1.526538 0.092948 0.907052 0.057857 0.007901 0.059026 0.079293 0.065758 0.037104 0.004329 0.004663 0.011761 0.931863 0.924526 0.871460 1642.429294 1893.627930 326.567639 1534.229855 5
1.534581 0.092971 0.907029 0.057872 0.007886 0.059026 0.079269 0.065758 0.037120 0.004329 0.004663 0.011761 0.931863 0.924526 0.871571 1642.500049 2055.496338 328.095687 1534.396024 3
1.542585 0.092247 0.907753 0.057833 0.007878 0.058939 0.079214 0.065710 0.037096 0.004313 0.004647 0.011777 0.931927 0.924606 0.871794 1642.366800 2004.494507 326.967617 1534.004394 5
1.550522 0.092828 0.907172 0.057833 0.007878 0.058939 0.079214 0.065710 0.037096 0.004313 0.004647 0.011777 0.931927 0.924606 0.871874 1642.445705 1946.388794 327.456396 1533.755878 3
1.560005 0.093091 0.906909 0.057817 0.007870 0.058915 0.079206 0.065686 0.037080 0.004313 0.004639 0.011785 0.931966 0.924614 0.872033 1642.463620 2026.188721 327.500686 1533.990215 4
1.605347 0.093139 0.906861 0.058390 0.002920 0.054093 0.075410 0.061310 0.036492 0.004758 0.004679 0.012461 0.936446 0.928569 0.878956 1642.588057 2194.135498 333.715613 1534.367247 5
1.636710 0.096401 0.903599 0.057880 0.002069 0.052501 0.074439 0.059949 0.035767 0.004766 0.004695 0.012652 0.937727 0.929770 0.880857 1642.586199 2266.552246 335.444476 1532.283666 5
1.675944 0.097547 0.902453 0.057244 0.001202 0.050886 0.073667 0.058445 0.034574 0.005053 0.004782 0.012835 0.939223 0.930653 0.884008 1642.448641 1831.415039 337.338703 1530.126125 1
1.715680 0.096910 0.903090 0.056631 0.000851 0.050011 0.073214 0.057483 0.034096 0.005069 0.004727 0.012739 0.940035 0.931139 0.886316 1642.435821 1961.114746 335.059645 1529.582103 4
1.762957 0.095398 0.904602 0.055605 0.000716 0.048857 0.072617 0.056321 0.032919 0.005101 0.004870 0.012716 0.941181 0.931871 0.888584 1642.422194 2090.432861 332.775508 1530.940315 4
1.804070 0.095191 0.904809 0.054491 0.000700 0.047703 0.071933 0.055191 0.031797 0.005037 0.004941 0.012716 0.942287 0.932834 0.891019 1642.385691 1893.485474 336.625997 1529.364728 3
1.848531 0.100189 0.899811 0.054029 0.000557 0.047019 0.071646 0.054586 0.031288 0.005013 0.004854 0.012875 0.942836 0.933239 0.892101 1642.607683 1775.516602 334.205833 1528.295910 0
1.896932 0.099329 0.900671 0.053663 0.000366 0.046342 0.071256 0.054029 0.030898 0.005077 0.004798 0.012891 0.943441 0.933621 0.893565 1642.546813 1731.109619 335.283672 1526.339345 0
1.944308 0.099846 0.900154 0.053305 0.000294 0.045969 0.071065 0.053599 0.030555 0.005013 0.004798 0.012938 0.943854 0.933964 0.894496 1642.420457 1771.480469 333.313510 1525.701504 0
1.989283 0.102472 0.897528 0.053074 0.000191 0.045698 0.070604 0.053265 0.030229 0.005188 0.004735 0.012922 0.944149 0.934353 0.895324 1642.701653 1886.503784 331.866109 1523.709020 1
2.041743 0.099815 0.900185 0.052764 0.000103 0.045308 0.070357 0.052867 0.029792 0.005252 0.004814 0.012907 0.944539 0.934664 0.896175 1642.448390 2048.608398 333.934492 1524.954440 1
2.085842 0.100817 0.899183 0.052446 0.000103 0.044918 0.070214 0.052549 0.029457 0.005260 0.004806 0.012922 0.944753 0.934815 0.897098 1642.564811 1752.500732 332.462207 1523.153805 0
2.147435 0.104024 0.895976 0.052239 0.000088 0.044751 0.070055 0.052326 0.029195 0.005315 0.004846 0.012883 0.944976 0.934982 0.897949 1642.632786 1737.854736 335.569284 1523.644099 0
2.205969 0.099679 0.900321 0.051897 0.000088 0.044433 0.069649 0.051984 0.028892 0.005292 0.004902 0.012811 0.945318 0.935388 0.898674 1642.680700 1730.120361 337.215055 1522.809928 0
2.264945 0.098971 0.901029 0.051737 0.000080 0.044298 0.069450 0.051817 0.028654 0.005307 0.004949 0.012827 0.945478 0.935531 0.899215 1642.564716 1791.986938 335.725246 1522.369875 0
2.321568 0.101677 0.898323 0.051546 0.000080 0.044107 0.069355 0.051626 0.028415 0.005363 0.004949 0.012819 0.945661 0.935674 0.899780 1642.512253 2029.558594 332.351192 1519.957517 3
2.379732 0.103610 0.896390 0.051539 0.000040 0.044067 0.069347 0.051578 0.028423 0.005347 0.004965 0.012803 0.945732 0.935714 0.900368 1642.686416 2269.581543 332.947778 1519.946866 7
2.434117 0.105122 0.894878 0.051228 0.000040 0.043685 0.069227 0.051268 0.028168 0.005323 0.004981 0.012755 0.945979 0.935826 0.900607 1642.471221 1750.702026 328.665573 1518.154629 0
2.492084 0.105631 0.894369 0.051157 0.000040 0.043637 0.069219 0.051196 0.028129 0.005276 0.004981 0.012771 0.946058 0.935841 0.900910 1642.485183 1825.865112 333.272508 1517.113352 1
2.571056 0.104430 0.895570 0.051093 0.000040 0.043605 0.069195 0.051133 0.028081 0.005292 0.004965 0.012755 0.946146 0.935873 0.901268 1642.412408 1794.328613 331.266527 1516.008910 0
2.637410 0.103873 0.896127 0.050870 0.000040 0.043470 0.068965 0.050910 0.028017 0.005260 0.004941 0.012652 0.946393 0.936144 0.901825 1642.412235 1722.577637 327.086072 1514.548712 0
2.701474 0.111066 0.888934 0.050791 0.000040 0.043430 0.068917 0.050830 0.028001 0.005268 0.004925 0.012596 0.946496 0.936200 0.902087 1642.540007 1715.700317 329.503823 1514.254590 0
2.772410 0.110167 0.889833 0.050679 0.000040 0.043319 0.068853 0.050719 0.027938 0.005244 0.004941 0.012556 0.946655 0.936327 0.902310 1642.750559 1721.196045 333.775526 1513.312207 0
2.859264 0.112689 0.887311 0.050592 0.000040 0.043215 0.068853 0.050631 0.027858 0.005252 0.004949 0.012533 0.946743 0.936327 0.902525 1642.207108 1685.710571 327.790225 1511.642253 0
2.944067 0.109777 0.890223 0.050544 0.000040 0.043160 0.068734 0.050584 0.027834 0.005244 0.004941 0.012525 0.946814 0.936438 0.902612 1642.414910 1745.249146 330.556479 1510.516423 0
3.030670 0.108989 0.891011 0.050544 0.000040 0.043152 0.068734 0.050584 0.027834 0.005244 0.004941 0.012525 0.946822 0.936446 0.902764 1642.512260 1948.175171 331.235911 1510.773458 4
3.146359 0.115363 0.884637 0.050552 0.000024 0.043136 0.068734 0.050576 0.027826 0.005252 0.004933 0.012540 0.946830 0.936454 0.903010 1642.526997 1709.226685 330.117261 1508.840067 0
3.244243 0.117193 0.882807 0.050512 0.000024 0.043104 0.068734 0.050536 0.027794 0.005244 0.004925 0.012548 0.946862 0.936462 0.903313 1642.591286 1696.946289 329.611000 1506.400069 0
3.358190 0.114074 0.885926 0.050496 0.000024 0.043088 0.068678 0.050520 0.027763 0.005276 0.004910 0.012548 0.946878 0.936502 0.903790 1642.428363 1656.740723 328.365686 1504.239053 0
3.465226 0.116970 0.883030 0.050496 0.000024 0.043088 0.068678 0.050520 0.027763 0.005276 0.004910 0.012548 0.946878 0.936502 0.903846 1642.486586 1754.767334 328.058614 1503.634443 0
3.575987 0.119246 0.880754 0.050496 0.000024 0.043088 0.068678 0.050520 0.027763 0.005276 0.004910 0.012548 0.946878 0.936502 0.903846 1642.425511 1679.145996 325.054437 1501.265206 0
3.702178 0.118665 0.881335 0.050496 0.000024 0.043088 0.068678 0.050520 0.027763 0.005276 0.004910 0.012548 0.946878 0.936502 0.903901 1642.401932 1730.506226 324.256520 1499.377608 0
3.829270 0.123479 0.876521 0.050496 0.000024 0.043088 0.068670 0.050520 0.027763 0.005276 0.004910 0.012548 0.946878 0.936502 0.903917 1642.445300 1695.186279 324.124018 1497.038535 0
3.995160 0.120782 0.879218 0.050496 0.000024 0.043088 0.068670 0.050520 0.027763 0.005276 0.004910 0.012548 0.946878 0.936502 0.903933 1642.378940 1645.482544 326.184623 1496.036073 0
4.187478 0.123790 0.876210 0.050496 0.000024 0.043088 0.068670 0.050520 0.027763 0.005276 0.004910 0.012548 0.946878 0.936502 0.903989 1642.300678 1642.306763 326.266137 1493.642363 0
4.346360 0.127267 0.872733 0.050496 0.000024 0.043088 0.068670 0.050520 0.027763 0.005276 0.004910 0.012548 0.946878 0.936502 0.903989 1642.561571 1655.301025 325.497967 1491.034614 0
4.485316 0.128858 0.871142 0.050496 0.000024 0.043088 0.068670 0.050520 0.027763 0.005276 0.004910 0.012548 0.946878 0.936502 0.904029 1642.441403 1642.441895 322.465940 1487.807113 0
4.570051 0.133012 0.866988 0.050496 0.000024 0.043088 0.068670 0.050520 0.027763 0.005276 0.004910 0.012548 0.946878 0.936502 0.904029 1642.388085 1642.390137 321.298837 1485.744348 0
4.653508 0.134452 0.865548 0.050496 0.000024 0.043088 0.068670 0.050520 0.027763 0.005276 0.004910 0.012548 0.946878 0.936502 0.904029 1642.383918 1718.536255 321.217061 1484.085701 0
4.775118 0.136688 0.863312 0.050488 0.000024 0.043088 0.068670 0.050512 0.027763 0.005276 0.004910 0.012540 0.946878 0.936502 0.904029 1642.426473 1644.613403 321.685065 1482.395036 0
4.931284 0.141446 0.858554 0.050488 0.000024 0.043088 0.068670 0.050512 0.027763 0.005276 0.004910 0.012540 0.946878 0.936502 0.904029 1642.379366 1665.331909 321.339781 1479.638618 0
5.076753 0.143316 0.856684 0.050488 0.000024 0.043088 0.068670 0.050512 0.027763 0.005276 0.004910 0.012540 0.946878 0.936502 0.904037 1642.413665 1646.123169 320.658593 1476.815158 0
5.182626 0.145799 0.854201 0.050488 0.000024 0.043088 0.068670 0.050512 0.027763 0.005276 0.004910 0.012540 0.946878 0.936502 0.904037 1642.415089 1642.416870 319.441892 1474.357237 0
5.274742 0.148878 0.851122 0.050488 0.000024 0.043088 0.068670 0.050512 0.027763 0.005276 0.004910 0.012540 0.946878 0.936502 0.904037 1642.397812 1645.047485 319.194990 1472.370568 0
5.386224 0.150756 0.849244 0.050488 0.000024 0.043088 0.068670 0.050512 0.027763 0.005276 0.004910 0.012540 0.946878 0.936502 0.904037 1642.424155 1643.028442 319.286035 1470.493269 0
5.545850 0.154043 0.845957 0.050488 0.000024 0.043088 0.068670 0.050512 0.027763 0.005276 0.004910 0.012540 0.946878 0.936502 0.904037 1642.406125 1701.536621 319.742884 1467.711950 0
5.746247 0.157162 0.842838 0.050488 0.000024 0.043088 0.068670 0.050512 0.027763 0.005276 0.004910 0.012540 0.946878 0.936502 0.904037 1642.395686 1642.401001 318.702445 1464.079632 0
5.871155 0.160766 0.839234 0.050488 0.000024 0.043088 0.068670 0.050512 0.027763 0.005276 0.004910 0.012540 0.946878 0.936502 0.904037 1642.403928 1650.537476 317.570523 1461.239025 0
5.986010 0.163663 0.836337 0.050488 0.000024 0.043088 0.068670 0.050512 0.027763 0.005276 0.004910 0.012540 0.946878 0.936502 0.904037 1642.415040 1642.409058 317.354194 1458.869969 0
6.100440 0.166599 0.833401 0.050488 0.000024 0.043088 0.068670 0.050512 0.027763 0.005276 0.004910 0.012540 0.946878 0.936502 0.904037 1642.411309 1643.777710 316.938294 1456.420018 0
6.218300 0.170021 0.829979 0.050488 0.000024 0.043088 0.068670 0.050512 0.027763 0.005276 0.004910 0.012540 0.946878 0.936502 0.904037 1642.385670 1642.387085 316.585110 1453.975594 0
6.329075 0.172463 0.827537 0.050488 0.000024 0.043088 0.068670 0.050512 0.027763 0.005276 0.004910 0.012540 0.946878 0.936502 0.904037 1642.393388 1642.395752 316.159737 1451.708736 0
6.447563 0.176044 0.823956 0.050488 0.000024 0.043088 0.068670 0.050512 0.027763 0.005276 0.004910 0.012540 0.946878 0.936502 0.904037 1642.405308 1643.258911 315.899575 1449.324130 0
6.577649 0.179012 0.820988 0.050488 0.000024 0.043088 0.068670 0.050512 0.027763 0.005276 0.004910 0.012540 0.946878 0.936502 0.904037 1642.400627 1642.408203 315.695942 1446.766048 0
6.709443 0.182529 0.817471 0.050488 0.000024 0.043088 0.068670 0.050512 0.027763 0.005276 0.004910 0.012540 0.946878 0.936502 0.904037 1642.407285 1642.408813 315.406420 1444.099751 0
6.868517 0.185609 0.814391 0.050488 0.000024 0.043088 0.068670 0.050512 0.027763 0.005276 0.004910 0.012540 0.946878 0.936502 0.904037 1642.405083 1642.405884 315.079069 1441.020323 0
7.018981 0.189309 0.810691 0.050488 0.000024 0.043088 0.068670 0.050512 0.027763 0.005276 0.004910 0.012540 0.946878 0.936502 0.904037 1642.402340 1642.411255 314.569289 1438.024340 0
7.142560 0.192197 0.807803 0.050488 0.000024 0.043088 0.068670 0.050512 0.027763 0.005276 0.004910 0.012540 0.946878 0.936502 0.904037 1642.405161 1642.411621 313.940548 1435.490252 0
7.244650 0.194346 0.805654 0.050488 0.000024 0.043088 0.068670 0.050512 0.027763 0.005276 0.004910 0.012540 0.946878 0.936502 0.904037 1642.403953 1642.404419 313.529496 1433.452677 0
7.342212 0.196932 0.803068 0.050488 0.000024 0.043088 0.068670 0.050512 0.027763 0.005276 0.004910 0.012540 0.946878 0.936502 0.904037 1642.406824 1642.412231 313.268567 1431.552856 0
7.436765 0.198993 0.801007 0.050488 0.000024 0.043088 0.068670 0.050512 0.027763 0.005276 0.004910 0.012540 0.946878 0.936502 0.904037 1642.411775 1642.414062 312.982446 1429.722566 0
7.527979 0.200894 0.799106 0.050488 0.000024 0.043088 0.068670 0.050512 0.027763 0.005276 0.004910 0.012540 0.946878 0.936502 0.904037 1642.409593 1642.415283 312.711459 1427.984200 0
7.612580 0.203703 0.796297 0.050488 0.000024 0.043088 0.068670 0.050512 0.027763 0.005276 0.004910 0.012540 0.946878 0.936502 0.904037 1642.414220 1642.416260 312.434968 1426.475068 0
7.689843 0.205311 0.794689 0.050488 0.000024 0.043088 0.068670 0.050512 0.027763 0.005276 0.004910 0.012540 0.946878 0.936502 0.904037 1642.416569 1642.420654 312.193435 1424.985662 0
7.764044 0.207117 0.792883 0.050488 0.000024 0.043088 0.068670 0.050512 0.027763 0.005276 0.004910 0.012540 0.946878 0.936502 0.904037 1642.418796 1642.421021 311.986852 1423.574086 0
7.837068 0.208493 0.791507 0.050488 0.000024 0.043088 0.068670 0.050512 0.027763 0.005276 0.004910 0.012540 0.946878 0.936502 0.904037 1642.413124 1642.414917 311.801926 1422.205070 0
7.912592 0.209862 0.790138 0.050488 0.000024 0.043088 0.068670 0.050512 0.027763 0.005276 0.004910 0.012540 0.946878 0.936502 0.904037 1642.420253 1642.424316 311.650226 1420.819576 0
7.990622 0.211263 0.788737 0.050488 0.000024 0.043088 0.068670 0.050512 0.027763 0.005276 0.004910 0.012540 0.946878 0.936502 0.904037 1642.416195 1642.714111 311.478969 1419.392874 0
8.069294 0.212560 0.787440 0.050488 0.000024 0.043088 0.068670 0.050512 0.027763 0.005276 0.004910 0.012540 0.946878 0.936502 0.904037 1642.418906 1643.306641 311.279239 1417.971294 0
8.145344 0.214056 0.785944 0.050488 0.000024 0.043088 0.068670 0.050512 0.027763 0.005276 0.004910 0.012540 0.946878 0.936502 0.904037 1642.417052 1642.784058 311.082836 1416.593832 0
8.219989 0.215297 0.784703 0.050488 0.000024 0.043088 0.068670 0.050512 0.027763 0.005276 0.004910 0.012540 0.946878 0.936502 0.904037 1642.421536 1642.422607 310.911490 1415.262033 0
8.298435 0.216920 0.783080 0.050488 0.000024 0.043088 0.068670 0.050512 0.027763 0.005276 0.004910 0.012540 0.946878 0.936502 0.904037 1642.421212 1642.425781 310.763470 1413.889635 0
8.381520 0.218432 0.781568 0.050488 0.000024 0.043088 0.068670 0.050512 0.027763 0.005276 0.004910 0.012540 0.946878 0.936502 0.904037 1642.423971 1642.427124 310.618503 1412.453994 0
8.471811 0.219610 0.780390 0.050488 0.000024 0.043088 0.068670 0.050512 0.027763 0.005276 0.004910 0.012540 0.946878 0.936502 0.904037 1642.421376 1642.894287 310.482987 1410.937996 0
8.564932 0.221320 0.778680 0.050488 0.000024 0.043088 0.068670 0.050512 0.027763 0.005276 0.004910 0.012540 0.946878 0.936502 0.904037 1642.426233 1642.429565 310.252265 1409.363866 0
8.650904 0.222832 0.777168 0.050488 0.000024 0.043088 0.068670 0.050512 0.027763 0.005276 0.004910 0.012540 0.946878 0.936502 0.904037 1642.420040 1642.505981 309.998247 1407.887218 0
8.730066 0.224193 0.775807 0.050488 0.000024 0.043088 0.068670 0.050512 0.027763 0.005276 0.004910 0.012540 0.946878 0.936502 0.904037 1642.415870 1642.427246 309.777930 1406.538864 0
8.805583 0.225522 0.774478 0.050488 0.000024 0.043088 0.068670 0.050512 0.027763 0.005276 0.004910 0.012540 0.946878 0.936502 0.904037 1642.414873 1642.764282 309.591360 1405.269897 0
8.879307 0.226739 0.773261 0.050488 0.000024 0.043088 0.068670 0.050512 0.027763 0.005276 0.004910 0.012540 0.946878 0.936502 0.904037 1642.409934 1642.425415 309.420189 1404.041548 0
8.952505 0.227941 0.772059 0.050488 0.000024 0.043088 0.068670 0.050512 0.027763 0.005276 0.004910 0.012540 0.946878 0.936502 0.904037 1642.398019 1642.419556 309.264841 1402.839924 0
9.026790 0.229198 0.770802 0.050488 0.000024 0.043088 0.068670 0.050512 0.027763 0.005276 0.004910 0.012540 0.946878 0.936502 0.904037 1642.387348 1642.416504 309.113462 1401.631830 0
9.102378 0.230288 0.769712 0.050488 0.000024 0.043088 0.068670 0.050512 0.027763 0.005276 0.004910 0.012540 0.946878 0.936502 0.904037 1642.389863 1642.421631 308.970425 1400.418511 0
9.181415 0.231418 0.768582 0.050488 0.000024 0.043088 0.068670 0.050512 0.027763 0.005276 0.004910 0.012540 0.946878 0.936502 0.904037 1642.355543 1651.377930 308.837708 1399.167513 0
9.265055 0.232540 0.767460 0.050488 0.000024 0.043088 0.068670 0.050512 0.027763 0.005276 0.004910 0.012540 0.946878 0.936502 0.904037 1642.367449 1642.614136 308.700079 1397.872702 0
9.351292 0.233964 0.766036 0.050488 0.000024 0.043088 0.068670 0.050512 0.027763 0.005276 0.004910 0.012540 0.946878 0.936502 0.904037 1642.338430 1642.353516 308.517223 1396.527401 0
9.432586 0.235198 0.764802 0.050488 0.000024 0.043088 0.068670 0.050512 0.027763 0.005276 0.004910 0.012540 0.946878 0.936502 0.904037 1642.325697 1642.352417 308.321678 1395.251637 0
9.512297 0.236399 0.763601 0.050488 0.000024 0.043088 0.068670 0.050512 0.027763 0.005276 0.004910 0.012540 0.946878 0.936502 0.904037 1642.281269 1642.326660 308.165475 1394.021869 0
9.594440 0.237672 0.762328 0.050488 0.000024 0.043088 0.068670 0.050512 0.027763 0.005276 0.004910 0.012540 0.946878 0.936502 0.904037 1642.256282 1642.297852 308.031769 1392.776581 0
9.685128 0.238763 0.761237 0.050488 0.000024 0.043088 0.068670 0.050512 0.027763 0.005276 0.004910 0.012540 0.946878 0.936502 0.904037 1642.178695 1642.246948 307.932213 1391.439938 0
9.793412 0.240378 0.759622 0.050488 0.000024 0.043088 0.068670 0.050512 0.027763 0.005276 0.004910 0.012540 0.946878 0.936502 0.904037 1642.078212 1642.139160 307.863732 1389.873723 0
9.912933 0.241898 0.758102 0.050488 0.000024 0.043088 0.068670 0.050512 0.027763 0.005276 0.004910 0.012540 0.946878 0.936502 0.904037 1642.019868 1642.064575 307.627677 1388.136215 0
10.025216 0.243473 0.756527 0.050488 0.000024 0.043088 0.068670 0.050512 0.027763 0.005276 0.004910 0.012540 0.946878 0.936502 0.904037 1642.004245 1642.043213 307.382975 1386.487605 0
10.133457 0.244969 0.755031 0.050488 0.000024 0.043088 0.068670 0.050512 0.027763 0.005276 0.004910 0.012540 0.946878 0.936502 0.904037 1641.959054 1642.015015 307.152375 1384.912414 0
10.239555 0.246266 0.753734 0.050488 0.000024 0.043088 0.068670 0.050512 0.027763 0.005276 0.004910 0.012540 0.946878 0.936502 0.904037 1641.839675 1641.940552 306.949975 1383.393014 0
10.344445 0.247428 0.752572 0.050488 0.000024 0.043088 0.068670 0.050512 0.027763 0.005276 0.004910 0.012540 0.946878 0.936502 0.904037 1641.757962 1641.804565 306.727757 1381.898432 0
10.439807 0.248598 0.751402 0.050488 0.000024 0.043088 0.068670 0.050512 0.027763 0.005276 0.004910 0.012540 0.946878 0.936502 0.904037 1641.730195 1641.789062 306.487611 1380.532792 0
10.526138 0.249616 0.750384 0.050488 0.000024 0.043088 0.068670 0.050512 0.027763 0.005276 0.004910 0.012540 0.946878 0.936502 0.904037 1641.694030 1641.761475 306.281657 1379.304522 0
10.607231 0.250746 0.749254 0.050488 0.000024 0.043088 0.068670 0.050512 0.027763 0.005276 0.004910 0.012540 0.946878 0.936502 0.904037 1641.609310 1641.701904 306.104802 1378.165142 0
10.685680 0.251844 0.748156 0.050488 0.000024 0.043088 0.068670 0.050512 0.027763 0.005276 0.004910 0.012540 0.946878 0.936502 0.904037 1641.484194 1641.624512 305.961530 1377.077964 0
10.764301 0.252727 0.747273 0.050488 0.000024 0.043088 0.068670 0.050512 0.027763 0.005276 0.004910 0.012540 0.946878 0.936502 0.904037 1641.331169 1641.519653 305.830550 1375.999900 0
10.848245 0.253666 0.746334 0.050488 0.000024 0.043088 0.068670 0.050512 0.027763 0.005276 0.004910 0.012540 0.946878 0.936502 0.904037 1641.270326 1641.372192 305.724233 1374.870828 0
10.942027 0.254828 0.745172 0.050488 0.000024 0.043088 0.068670 0.050512 0.027763 0.005276 0.004910 0.012540 0.946878 0.936502 0.904037 1641.201807 1641.265625 305.643453 1373.632589 0
