1.100000 1.000000 0.000000 0.000000 1.000000 1.000000 1.000000 1.000000 0.000000 0.000000 0.000000 0.000000 0.000000 0.000000 0.000000 150.000000 150.000000 150.000000 150.000000 0
1.102538 1.000000 0.000000 0.000000 1.000000 1.000000 1.000000 1.000000 0.000000 0.000000 0.000000 0.000000 0.000000 0.000000 0.000000 154.078173 154.081680 150.594589 154.003165 0
1.125871 1.000000 0.000000 0.000000 1.000000 1.000000 1.000000 1.000000 0.000000 0.000000 0.000000 0.000000 0.000000 0.000000 0.000000 191.210977 191.211655 157.346671 189.774332 0
1.144101 1.000000 0.000000 0.000000 1.000000 1.000000 1.000000 1.000000 0.000000 0.000000 0.000000 0.000000 0.000000 0.000000 0.000000 219.629749 219.631531 160.928625 216.478357 0
1.161234 1.000000 0.000000 0.000000 1.000000 1.000000 1.000000 1.000000 0.000000 0.000000 0.000000 0.000000 0.000000 0.000000 0.000000 245.881857 245.885147 164.131446 240.938677 0
1.178030 1.000000 0.000000 0.000000 1.000000 1.000000 1.000000 1.000000 0.000000 0.000000 0.000000 0.000000 0.000000 0.000000 0.000000 271.196545 271.200317 167.173859 264.415734 0
1.194683 1.000000 0.000000 0.917604 0.082396 1.000000 1.000000 1.000000 0.917604 0.000000 0.000000 0.000000 0.000000 0.000000 0.000000 295.893441 295.894745 170.113529 287.245025 0
1.211267 1.000000 0.000000 0.923635 0.076365 1.000000 1.000000 1.000000 0.923635 0.000000 0.000000 0.000000 0.000000 0.000000 0.000000 320.096191 320.096588 172.974749 309.560139 0
1.227819 1.000000 0.000000 0.926571 0.073429 1.000000 1.000000 1.000000 0.926571 0.000000 0.000000 0.000000 0.000000 0.000000 0.000000 343.867762 343.868286 175.770669 331.430578 0
1.244359 1.000000 0.000000 0.928282 0.071718 1.000000 1.000000 1.000000 0.928282 0.000000 0.000000 0.000000 0.000000 0.000000 0.000000 367.246518 367.246979 178.509303 352.899173 0
1.260899 1.000000 0.000000 0.929404 0.070596 1.000000 1.000000 1.000000 0.929404 0.000000 0.000000 0.000000 0.000000 0.000000 0.000000 390.252754 390.253143 181.194145 373.989729 0
1.345484 1.000000 0.000000 0.931831 0.068169 1.000000 1.000000 1.000000 0.931831 0.000000 0.000000 0.000000 0.000000 0.000000 0.000000 502.329889 502.329895 194.181648 476.286752 0
1.431158 1.000000 0.000000 0.932897 0.067103 1.000000 1.000000 1.000000 0.932897 0.000000 0.000000 0.000000 0.000000 0.000000 0.000000 604.879187 604.879211 205.979019 569.349985 0
1.517284 1.000000 0.000000 0.933231 0.066769 1.000000 1.000000 1.000000 0.933231 0.000000 0.000000 0.000000 0.000000 0.000000 0.000000 696.790839 696.790833 216.363859 652.269401 0
1.606351 1.000000 0.000000 0.933582 0.066418 1.000000 1.000000 1.000000 0.093839 0.839743 0.000000 0.000000 0.000000 0.000000 0.000000 782.389330 782.389343 226.145856 729.108290 0
1.696840 1.000000 0.000000 0.933788 0.066212 1.000000 1.000000 1.000000 0.050711 0.883078 0.000000 0.000000 0.000000 0.000000 0.000000 860.967710 860.967712 235.045495 799.219447 0
1.788177 1.000000 0.000000 0.933900 0.066100 1.000000 1.000000 1.000000 0.041401 0.025320 0.867179 0.000000 0.000000 0.000000 0.000000 932.799425 932.799438 243.097054 862.931989 0
1.882050 1.000000 0.000000 0.933940 0.066060 1.000000 1.000000 1.000000 0.036810 0.016829 0.039794 0.840507 0.000000 0.000000 0.000000 999.697095 999.697083 250.348297 921.881108 0
1.978274 1.000000 0.000000 0.933964 0.066036 1.000000 1.000000 1.000000 0.034598 0.013105 0.021564 0.864696 0.000000 0.000000 0.000000 1061.743325 1061.743286 257.198304 976.259148 0
2.076775 1.000000 0.000000 0.933979 0.066021 0.159000 1.000000 1.000000 0.033134 0.011339 0.016058 0.873449 0.000000 0.000000 0.000000 1119.114436 1119.114380 263.656196 1026.179928 0
2.177092 1.000000 0.000000 0.934035 0.065965 0.143404 1.000000 1.000000 0.032425 0.010265 0.013527 0.877818 0.000000 0.000000 0.000000 1171.760063 1171.760010 269.224487 1071.640709 0
2.284723 1.000000 0.000000 0.934051 0.065949 0.136219 1.000000 1.000000 0.032059 0.009501 0.011840 0.880651 0.000000 0.000000 0.000000 1222.594329 1222.594360 274.848484 1115.233029 0
2.393452 1.000000 0.000000 0.111464 0.065925 0.132137 1.000000 0.177389 0.031996 0.009008 0.011005 0.059456 0.000000 0.000000 0.000000 1268.619257 1268.619263 279.688260 1154.318489 0
2.505188 1.000000 0.000000 0.097109 0.065925 0.129877 1.000000 0.163034 0.031996 0.008769 0.010416 0.045929 0.811328 0.000000 0.000000 1310.949592 1310.949585 284.162377 1189.912628 0
2.620963 1.000000 0.000000 0.090521 0.065925 0.128675 1.000000 0.156446 0.031996 0.008769 0.010050 0.039706 0.827218 0.000000 0.000000 1350.074500 1350.074463 288.285824 1222.473648 0
2.742173 1.000000 0.000000 0.086956 0.065925 0.128023 1.000000 0.152881 0.031996 0.008769 0.009978 0.036213 0.834849 0.000000 0.000000 1386.457115 1386.457153 291.952361 1252.372619 0
2.867985 0.664494 0.335506 0.084688 0.065925 0.127927 1.000000 0.150613 0.031996 0.008769 0.009978 0.033945 0.838804 0.724078 0.000000 1419.847327 1419.847290 295.335596 1279.338125 0
2.994462 0.220119 0.779881 0.083733 0.065925 0.127927 1.000000 0.149658 0.031996 0.008769 0.009978 0.032990 0.840817 0.781019 0.000000 1439.150042 1439.150146 297.177502 1294.687759 0
3.121941 0.206242 0.793758 0.083391 0.065925 0.127927 1.000000 0.149316 0.031996 0.008769 0.009978 0.032648 0.841772 0.794475 0.000000 1455.698312 1455.698486 298.693154 1307.656476 0
3.249441 0.199741 0.800259 0.083391 0.065925 0.127927 1.000000 0.149316 0.031996 0.008769 0.009978 0.032648 0.841987 0.800737 0.000000 1470.315556 1470.315674 299.999750 1318.733718 0
3.376941 0.196359 0.803641 0.083391 0.065925 0.127927 0.250070 0.149316 0.031996 0.008769 0.009978 0.032648 0.841987 0.804015 0.000000 1483.229223 1483.229248 301.096461 1328.174878 0
3.504441 0.194847 0.805153 0.083391 0.065925 0.127927 0.232540 0.149316 0.031996 0.008769 0.009978 0.032648 0.841987 0.805479 0.000000 1494.642255 1494.642334 302.024825 1336.207440 0
3.631941 0.194234 0.805766 0.083391 0.065925 0.127927 0.224893 0.149316 0.031996 0.008769 0.009978 0.032648 0.841987 0.806195 0.000000 1504.717058 1504.717163 302.799872 1343.000959 0
3.759441 0.194258 0.805742 0.083391 0.065925 0.127927 0.221344 0.149316 0.031996 0.008769 0.009978 0.032648 0.841987 0.806235 0.000000 1513.623355 1513.623413 303.447150 1348.725625 0
3.886941 0.194767 0.805233 0.083391 0.065925 0.127927 0.219458 0.149316 0.031996 0.008769 0.009978 0.032648 0.841987 0.806235 0.000000 1521.489759 1521.489868 303.980336 1353.510093 0
4.014441 0.195595 0.804405 0.083391 0.065925 0.127927 0.218599 0.149316 0.031996 0.008769 0.009978 0.032648 0.841987 0.806235 0.000000 1528.432994 1528.433105 304.416617 1357.461063 0
4.141941 0.196574 0.803426 0.083391 0.065925 0.127927 0.218496 0.149316 0.031996 0.008769 0.009978 0.032648 0.841987 0.806235 0.000000 1534.583113 1534.583252 304.767297 1360.708069 0
4.269441 0.197974 0.802026 0.083391 0.065925 0.127927 0.218496 0.149316 0.031996 0.008769 0.009978 0.032648 0.841987 0.806235 0.000000 1540.032650 1540.032959 305.041435 1363.333345 0
4.396941 0.199542 0.800458 0.083391 0.065925 0.127927 0.218496 0.149316 0.031996 0.008769 0.009978 0.032648 0.841987 0.806235 0.000000 1544.851568 1544.851807 305.252422 1365.408614 0
4.524441 0.201451 0.798549 0.083391 0.065925 0.127927 0.218496 0.149316 0.031996 0.008769 0.009978 0.032648 0.841987 0.806235 0.000000 1549.101451 1549.101685 305.403277 1366.995989 0
4.651941 0.203186 0.796814 0.083391 0.065925 0.127927 0.218496 0.149316 0.031996 0.008769 0.009978 0.032648 0.841987 0.806235 0.000000 1552.861086 1552.861328 305.510386 1368.168342 0
4.779441 0.204968 0.795032 0.083391 0.065925 0.127927 0.218496 0.149316 0.031996 0.008769 0.009978 0.032648 0.841987 0.806235 0.000000 1556.187688 1556.187988 305.570269 1368.970626 0
4.906941 0.206958 0.793042 0.083391 0.065925 0.127927 0.218496 0.149316 0.031996 0.008769 0.009978 0.032648 0.841987 0.806235 0.000000 1559.128417 1559.128662 305.595784 1369.454375 0
5.034441 0.209130 0.790870 0.083391 0.065925 0.127927 0.218496 0.149316 0.031996 0.008769 0.009978 0.032648 0.841987 0.806235 0.000000 1561.730607 1561.730957 305.582819 1369.652434 0
5.161941 0.211072 0.788928 0.083391 0.065925 0.127927 0.218496 0.149316 0.031996 0.008769 0.009978 0.032648 0.841987 0.806235 0.000000 1564.032450 1564.032837 305.543097 1369.611220 0
5.289441 0.213339 0.786661 0.083391 0.065925 0.127927 0.218496 0.149316 0.031996 0.008769 0.009978 0.032648 0.841987 0.806235 0.000000 1566.070055 1566.070435 305.484793 1369.362516 0
5.416941 0.215448 0.784552 0.083391 0.065925 0.127927 0.218496 0.149316 0.031996 0.008769 0.009978 0.032648 0.841987 0.806235 0.000000 1567.873729 1567.874146 305.397868 1368.924279 0
5.544441 0.217366 0.782634 0.083391 0.065925 0.127927 0.218496 0.149316 0.031996 0.008769 0.009978 0.032648 0.841987 0.806235 0.000000 1569.471063 1569.471558 305.298324 1368.332628 0
5.671941 0.219530 0.780470 0.083391 0.065925 0.127927 0.218496 0.149316 0.031996 0.008769 0.009978 0.032648 0.841987 0.806235 0.000000 1570.883882 1570.884277 305.179335 1367.601506 0
5.799441 0.221631 0.778369 0.083391 0.065925 0.127927 0.218496 0.149316 0.031996 0.008769 0.009978 0.032648 0.841987 0.806235 0.000000 1572.133476 1572.133911 305.050891 1366.755465 0
5.926941 0.223564 0.776436 0.083391 0.065925 0.127927 0.218496 0.149316 0.031996 0.008769 0.009978 0.032648 0.841987 0.806235 0.000000 1573.240959 1573.241455 304.907470 1365.803496 0
6.054441 0.225363 0.774637 0.083391 0.065925 0.127927 0.218496 0.149316 0.031996 0.008769 0.009978 0.032648 0.841987 0.806235 0.000000 1574.222648 1574.223145 304.756268 1364.768048 0
6.181941 0.227264 0.772736 0.083391 0.065925 0.127927 0.218496 0.149316 0.031996 0.008769 0.009978 0.032648 0.841987 0.806235 0.000000 1575.093028 1575.093506 304.596730 1363.660728 0
6.301045 0.228856 0.771144 0.083391 0.065925 0.127927 0.218496 0.149316 0.031996 0.008769 0.009978 0.032648 0.841987 0.806235 0.000000 1575.817143 1575.817627 304.320802 1362.537213 0
6.398686 0.230272 0.769728 0.083391 0.065925 0.127927 0.218496 0.149316 0.031996 0.008769 0.009978 0.032648 0.841987 0.806235 0.000000 1576.352706 1576.353149 304.073133 1361.561340 0
6.483813 0.231331 0.768669 0.083391 0.065925 0.127927 0.218480 0.149316 0.031996 0.008769 0.009978 0.032648 0.841987 0.806235 0.000000 1576.781716 1576.782227 303.887963 1360.694310 0
6.562129 0.232293 0.767707 0.083391 0.065925 0.127927 0.218480 0.149316 0.031996 0.008769 0.009978 0.032648 0.841987 0.806235 0.000000 1577.147007 1577.147583 303.743950 1359.890080 0
6.636191 0.233431 0.766569 0.083391 0.065925 0.127927 0.218464 0.149316 0.031996 0.008769 0.009978 0.032648 0.841987 0.806235 0.000000 1577.468885 1577.469604 303.610528 1359.121418 0
6.706057 0.234402 0.765598 0.083391 0.065925 0.127927 0.218464 0.149316 0.031996 0.008769 0.009978 0.032648 0.841987 0.806235 0.000000 1577.752922 1577.753662 303.490082 1358.387948 0
6.774397 0.235413 0.764587 0.083391 0.065925 0.127927 0.218464 0.149316 0.031996 0.008769 0.009978 0.032648 0.841987 0.806235 0.000000 1578.013647 1578.014526 303.391016 1357.669817 0
6.842019 0.236383 0.763617 0.083391 0.065925 0.127927 0.218464 0.149316 0.031996 0.008769 0.009978 0.032648 0.841987 0.806235 0.000000 1578.256014 1578.256836 303.280340 1356.949769 0
6.906255 0.237139 0.762861 0.083391 0.065925 0.127927 0.218464 0.149316 0.031996 0.008769 0.009978 0.032648 0.841987 0.806235 0.000000 1578.472771 1578.473511 303.172534 1356.257874 0
6.969633 0.238015 0.761985 0.083391 0.065925 0.127927 0.218456 0.149316 0.031996 0.008769 0.009978 0.032648 0.841987 0.806235 0.000000 1578.674595 1578.675293 303.082359 1355.576573 0
7.034126 0.238874 0.761126 0.083391 0.065925 0.127927 0.218456 0.149316 0.031996 0.008769 0.009978 0.032648 0.841987 0.806235 0.000000 1578.868407 1578.869019 303.000316 1354.884007 0
7.100290 0.239765 0.760235 0.083391 0.065925 0.127927 0.218456 0.149316 0.031996 0.008769 0.009978 0.032648 0.841987 0.806235 0.000000 1579.055464 1579.056152 302.917194 1354.171076 0
7.168963 0.240696 0.759304 0.083391 0.065925 0.127927 0.218456 0.149316 0.031996 0.008769 0.009978 0.032648 0.841987 0.806235 0.000000 1579.237288 1579.238159 302.836717 1353.429974 0
7.241058 0.241643 0.758357 0.083391 0.065925 0.127927 0.218456 0.149316 0.031996 0.008769 0.009978 0.032648 0.841987 0.806235 0.000000 1579.417683 1579.418701 302.756664 1352.651679 0
7.317520 0.242781 0.757219 0.083391 0.065925 0.127927 0.218456 0.149316 0.031996 0.008769 0.009978 0.032648 0.841987 0.806235 0.000000 1579.598325 1579.599243 302.676726 1351.825609 0
7.399307 0.243728 0.756272 0.083391 0.065925 0.127927 0.218448 0.149316 0.031996 0.008769 0.009978 0.032648 0.841987 0.806235 0.000000 1579.778940 1579.779785 302.591985 1350.940631 0
7.486586 0.244850 0.755150 0.083391 0.065925 0.127927 0.218448 0.149316 0.031996 0.008769 0.009978 0.032648 0.841987 0.806235 0.000000 1579.957305 1579.958374 302.488508 1349.992972 0
7.575791 0.245797 0.754203 0.083391 0.065925 0.127927 0.218448 0.149316 0.031996 0.008769 0.009978 0.032648 0.841987 0.806235 0.000000 1580.123931 1580.124756 302.370990 1349.016677 0
7.670146 0.247110 0.752890 0.083391 0.065925 0.127927 0.218440 0.149316 0.031996 0.008769 0.009978 0.032648 0.841987 0.806235 0.000000 1580.286178 1580.287109 302.282453 1347.993635 0
7.771357 0.248486 0.751514 0.083391 0.065925 0.127927 0.218440 0.149316 0.031996 0.008769 0.009978 0.032648 0.841987 0.806235 0.000000 1580.446680 1580.448120 302.144891 1346.889453 0
7.870986 0.249680 0.750320 0.083391 0.065925 0.127927 0.218432 0.149316 0.031996 0.008769 0.009978 0.032648 0.841987 0.806235 0.000000 1580.591831 1580.592773 301.998017 1345.793063 0
7.971660 0.250969 0.749031 0.083391 0.065925 0.127927 0.218432 0.149316 0.031996 0.008769 0.009978 0.032648 0.841987 0.806235 0.000000 1580.724128 1580.726685 301.860833 1344.689790 0
8.074475 0.252234 0.747766 0.083391 0.065925 0.127927 0.218432 0.149316 0.031996 0.008769 0.009978 0.032648 0.841987 0.806235 0.000000 1580.849991 1580.852417 301.724099 1343.566300 0
8.178078 0.253571 0.746429 0.083391 0.065925 0.127927 0.218432 0.149316 0.031996 0.008769 0.009978 0.032648 0.841987 0.806235 0.000000 1580.963401 1580.967407 301.569863 1342.431755 0
8.278857 0.254685 0.745315 0.083391 0.065925 0.127927 0.218432 0.149316 0.031996 0.008769 0.009978 0.032648 0.841987 0.806235 0.000000 1581.066632 1581.068726 301.405390 1341.324069 0
8.376326 0.255759 0.744241 0.083391 0.065925 0.127927 0.218432 0.149316 0.031996 0.008769 0.009978 0.032648 0.841987 0.806235 0.000000 1581.156091 1581.159668 301.248570 1340.255406 0
8.471880 0.257040 0.742960 0.083391 0.065925 0.127927 0.218432 0.149316 0.031996 0.008769 0.009978 0.032648 0.841987 0.806235 0.000000 1581.239143 1581.241943 301.107451 1339.213893 0
8.569065 0.258234 0.741766 0.083391 0.065925 0.127927 0.218432 0.149316 0.031996 0.008769 0.009978 0.032648 0.841987 0.806235 0.000000 1581.313956 1581.318970 300.985678 1338.164991 0
8.673266 0.259324 0.740676 0.083391 0.065925 0.127927 0.218432 0.149316 0.031996 0.008769 0.009978 0.032648 0.841987 0.806235 0.000000 1581.390186 1581.394043 300.884507 1337.055897 0
8.780209 0.260597 0.739403 0.083391 0.065925 0.127927 0.218432 0.149316 0.031996 0.008769 0.009978 0.032648 0.841987 0.806235 0.000000 1581.456983 1581.465210 300.724226 1335.908958 0
8.885970 0.261695 0.738305 0.083391 0.065925 0.127927 0.218432 0.149316 0.031996 0.008769 0.009978 0.032648 0.841987 0.806235 0.000000 1581.518030 1581.527100 300.566730 1334.777820 0
8.986469 0.262849 0.737151 0.083391 0.065925 0.127927 0.218432 0.149316 0.031996 0.008769 0.009978 0.032648 0.841987 0.806235 0.000000 1581.570324 1581.581787 300.401323 1333.699862 0
9.082736 0.263859 0.736141 0.083391 0.065925 0.127927 0.218432 0.149316 0.031996 0.008769 0.009978 0.032648 0.841987 0.806235 0.000000 1581.608257 1581.627075 300.248378 1332.673883 0
9.177140 0.264918 0.735082 0.083391 0.065925 0.127927 0.218432 0.149316 0.031996 0.008769 0.009978 0.032648 0.841987 0.806235 0.000000 1581.634183 1581.660645 300.119523 1331.678368 0
9.275112 0.266024 0.733976 0.083391 0.065925 0.127927 0.218432 0.149316 0.031996 0.008769 0.009978 0.032648 0.841987 0.806235 0.000000 1581.669045 1581.692871 300.010160 1330.660517 0
9.378241 0.267193 0.732807 0.083391 0.065925 0.127927 0.218432 0.149316 0.031996 0.008769 0.009978 0.032648 0.841987 0.806235 0.000000 1581.692509 1581.718506 299.887194 1329.595896 0
9.480039 0.268236 0.731764 0.083391 0.065925 0.127927 0.218432 0.149316 0.031996 0.008769 0.009978 0.032648 0.841987 0.806235 0.000000 1581.711119 1581.731201 299.739882 1328.540209 0
9.583260 0.269573 0.730427 0.083391 0.065925 0.127927 0.218432 0.149316 0.031996 0.008769 0.009978 0.032648 0.841987 0.806235 0.000000 1581.714073 1581.745728 299.621797 1327.483355 0
9.694040 0.270814 0.729186 0.083391 0.065925 0.127927 0.218432 0.149316 0.031996 0.008769 0.009978 0.032648 0.841987 0.806235 0.000000 1581.706653 1581.746826 299.519170 1326.366723 0
9.816915 0.272055 0.727945 0.083391 0.065925 0.127927 0.218432 0.149316 0.031996 0.008769 0.009978 0.032648 0.841987 0.806235 0.000000 1581.686117 1581.729126 299.407235 1325.142746 0
9.943985 0.273488 0.726512 0.083391 0.065925 0.127927 0.218432 0.149316 0.031996 0.008769 0.009978 0.032648 0.841987 0.806235 0.000000 1581.659788 1581.711670 299.247884 1323.871024 0
10.071485 0.274848 0.725152 0.083391 0.065925 0.127927 0.218432 0.149316 0.031996 0.008769 0.009978 0.032648 0.841987 0.806235 0.000000 1581.604405 1581.672729 299.082070 1322.599318 0
10.198985 0.276281 0.723719 0.083391 0.065925 0.127927 0.218432 0.149316 0.031996 0.008769 0.009978 0.032648 0.841987 0.806235 0.000000 1581.526184 1581.596313 298.916957 1321.335047 0
10.326485 0.277554 0.722446 0.083391 0.065925 0.127927 0.218432 0.149316 0.031996 0.008769 0.009978 0.032648 0.841987 0.806235 0.000000 1581.402892 1581.500977 298.753372 1320.079260 0
10.453985 0.279050 0.720950 0.083391 0.065925 0.127927 0.218432 0.149316 0.031996 0.008769 0.009978 0.032648 0.841987 0.806235 0.000000 1581.365756 1581.433350 298.590619 1318.831926 0
10.581485 0.280291 0.719709 0.083391 0.065925 0.127927 0.218432 0.149316 0.031996 0.008769 0.009978 0.032648 0.841987 0.806235 0.000000 1581.313941 1581.390869 298.428442 1317.592624 0
10.708985 0.281508 0.718492 0.083391 0.065925 0.127927 0.218432 0.149316 0.031996 0.008769 0.009978 0.032648 0.841987 0.806235 0.000000 1581.247009 1581.334106 298.267731 1316.361705 0
10.836485 0.282933 0.717067 0.083391 0.065925 0.127927 0.218432 0.149316 0.031996 0.008769 0.009978 0.032648 0.841987 0.806235 0.000000 1581.148989 1581.249634 298.108237 1315.139545 0
10.977612 0.284365 0.715635 0.083391 0.065925 0.127927 0.218432 0.149316 0.031996 0.008769 0.009978 0.032648 0.841987 0.806235 0.000000 1580.954981 1581.135254 297.971529 1313.814471 0
