1.900000 1.000000 0.000000 0.000000 1.000000 1.000000 1.000000 1.000000 0.000000 0.000000 0.000000 0.000000 0.000000 0.000000 0.000000 150.000000 150.000000 150.000000 150.000000 0
1.901986 1.000000 0.000000 0.000000 1.000000 1.000000 1.000000 1.000000 0.000000 0.000000 0.000000 0.000000 0.000000 0.000000 0.000000 151.473524 151.474548 150.206337 151.450030 0
1.926986 1.000000 0.000000 0.000000 1.000000 1.000000 1.000000 1.000000 0.000000 0.000000 0.000000 0.000000 0.000000 0.000000 0.000000 169.836135 169.836136 153.611441 169.187791 0
1.951986 1.000000 0.000000 0.000000 1.000000 1.000000 1.000000 1.000000 0.000000 0.000000 0.000000 0.000000 0.000000 0.000000 0.000000 187.764499 187.764679 156.126351 186.119502 0
1.976986 1.000000 0.000000 0.000000 1.000000 1.000000 1.000000 1.000000 0.000000 0.000000 0.000000 0.000000 0.000000 0.000000 0.000000 205.264974 205.265610 158.372082 202.470954 0
2.001986 1.000000 0.000000 0.000000 1.000000 1.000000 1.000000 1.000000 0.000000 0.000000 0.000000 0.000000 0.000000 0.000000 0.000000 222.347759 222.348145 160.472957 218.331362 0
2.026986 1.000000 0.000000 0.000000 1.000000 1.000000 1.000000 1.000000 0.000000 0.000000 0.000000 0.000000 0.000000 0.000000 0.000000 239.022839 239.022842 162.476673 233.746443 0
2.051986 1.000000 0.000000 0.000000 1.000000 1.000000 1.000000 1.000000 0.000000 0.000000 0.000000 0.000000 0.000000 0.000000 0.000000 255.299941 255.299942 164.405056 248.744419 0
2.076986 1.000000 0.000000 0.000000 1.000000 1.000000 1.000000 1.000000 0.000000 0.000000 0.000000 0.000000 0.000000 0.000000 0.000000 271.188594 271.188599 166.269575 263.345344 0
2.101986 1.000000 0.000000 0.906663 0.093337 1.000000 1.000000 1.000000 0.906663 0.000000 0.000000 0.000000 0.000000 0.000000 0.000000 286.698083 286.698090 168.077018 277.565008 0
2.126986 1.000000 0.000000 0.913904 0.086096 1.000000 1.000000 1.000000 0.913904 0.000000 0.000000 0.000000 0.000000 0.000000 0.000000 301.837384 301.837402 169.831848 291.416749 0
2.254486 1.000000 0.000000 0.922863 0.077137 1.000000 1.000000 1.000000 0.922863 0.000000 0.000000 0.000000 0.000000 0.000000 0.000000 373.607947 373.607971 178.059223 356.738133 0
2.381986 1.000000 0.000000 0.924956 0.075044 1.000000 1.000000 1.000000 0.924956 0.000000 0.000000 0.000000 0.000000 0.000000 0.000000 437.060837 437.060852 185.236439 414.035925 0
2.509486 1.000000 0.000000 0.925792 0.074208 1.000000 1.000000 1.000000 0.925792 0.000000 0.000000 0.000000 0.000000 0.000000 0.000000 493.160638 493.160675 191.515106 464.322806 0
2.636986 1.000000 0.000000 0.926078 0.073922 1.000000 1.000000 1.000000 0.926078 0.000000 0.000000 0.000000 0.000000 0.000000 0.000000 542.464157 542.464233 196.981232 508.209076 0
2.764486 1.000000 0.000000 0.926197 0.073803 1.000000 1.000000 1.000000 0.926197 0.000000 0.000000 0.000000 0.000000 0.000000 0.000000 585.268764 585.268799 201.681791 546.041199 0
2.891986 1.000000 0.000000 0.926205 0.073795 1.000000 1.000000 1.000000 0.926205 0.000000 0.000000 0.000000 0.000000 0.000000 0.000000 622.596333 622.596436 205.742550 578.777967 0
3.019486 1.000000 0.000000 0.926221 0.073779 1.000000 1.000000 1.000000 0.926221 0.000000 0.000000 0.000000 0.000000 0.000000 0.000000 655.268951 655.269043 209.254233 607.185128 0
3.146986 1.000000 0.000000 0.926221 0.073779 1.000000 1.000000 1.000000 0.926221 0.000000 0.000000 0.000000 0.000000 0.000000 0.000000 683.920391 683.920471 212.303122 631.876036 0
3.274486 1.000000 0.000000 0.926221 0.073779 1.000000 1.000000 1.000000 0.926221 0.000000 0.000000 0.000000 0.000000 0.000000 0.000000 709.097234 709.097290 214.951431 653.358934 0
3.401986 1.000000 0.000000 0.926221 0.073779 1.000000 1.000000 1.000000 0.926221 0.000000 0.000000 0.000000 0.000000 0.000000 0.000000 731.245993 731.246033 217.249666 672.055545 0
3.529486 1.000000 0.000000 0.926221 0.073779 1.000000 1.000000 1.000000 0.926221 0.000000 0.000000 0.000000 0.000000 0.000000 0.000000 750.745203 750.745239 219.246783 688.325725 0
3.656986 1.000000 0.000000 0.926221 0.073779 1.000000 1.000000 1.000000 0.926221 0.000000 0.000000 0.000000 0.000000 0.000000 0.000000 767.930189 767.930237 220.981783 702.481646 0
3.784486 1.000000 0.000000 0.926221 0.073779 1.000000 1.000000 1.000000 0.143913 0.782308 0.000000 0.000000 0.000000 0.000000 0.000000 783.083269 783.083313 222.485267 714.786593 0
3.911986 1.000000 0.000000 0.926221 0.073779 1.000000 1.000000 1.000000 0.123813 0.802408 0.000000 0.000000 0.000000 0.000000 0.000000 796.449020 796.449097 223.788438 725.471579 0
4.039486 1.000000 0.000000 0.926221 0.073779 1.000000 1.000000 1.000000 0.115673 0.810548 0.000000 0.000000 0.000000 0.000000 0.000000 808.242551 808.242615 224.915717 734.736430 0
4.166986 1.000000 0.000000 0.926221 0.073779 1.000000 1.000000 1.000000 0.111185 0.815036 0.000000 0.000000 0.000000 0.000000 0.000000 818.653478 818.653503 225.889517 742.756714 0
4.294486 1.000000 0.000000 0.926221 0.073779 1.000000 1.000000 1.000000 0.109013 0.817208 0.000000 0.000000 0.000000 0.000000 0.000000 827.847868 827.847900 226.727450 749.686186 0
4.421986 1.000000 0.000000 0.926221 0.073779 1.000000 1.000000 1.000000 0.107660 0.818561 0.000000 0.000000 0.000000 0.000000 0.000000 835.972655 835.972717 227.448044 755.661179 0
4.549486 1.000000 0.000000 0.926221 0.073779 1.000000 1.000000 1.000000 0.107183 0.819038 0.000000 0.000000 0.000000 0.000000 0.000000 843.146616 843.146667 228.064674 760.792479 0
4.676986 1.000000 0.000000 0.926221 0.073779 1.000000 1.000000 1.000000 0.107175 0.819046 0.000000 0.000000 0.000000 0.000000 0.000000 849.490746 849.490784 228.590901 765.189405 0
4.804486 1.000000 0.000000 0.926221 0.073779 1.000000 1.000000 1.000000 0.107175 0.819046 0.000000 0.000000 0.000000 0.000000 0.000000 855.095141 855.095215 229.037185 768.936312 0
4.931986 1.000000 0.000000 0.926221 0.073779 1.000000 1.000000 1.000000 0.107175 0.819046 0.000000 0.000000 0.000000 0.000000 0.000000 860.054247 860.054321 229.414054 772.117878 0
5.059486 1.000000 0.000000 0.926221 0.073779 1.000000 1.000000 1.000000 0.107175 0.819046 0.000000 0.000000 0.000000 0.000000 0.000000 864.436699 864.436768 229.729511 774.798753 0
5.186986 1.000000 0.000000 0.926221 0.073779 1.000000 1.000000 1.000000 0.107175 0.819046 0.000000 0.000000 0.000000 0.000000 0.000000 868.313950 868.314026 229.991444 777.042574 0
5.314486 1.000000 0.000000 0.926221 0.073779 1.000000 1.000000 1.000000 0.107175 0.819046 0.000000 0.000000 0.000000 0.000000 0.000000 871.746411 871.746460 230.206632 778.904063 0
5.441986 1.000000 0.000000 0.926221 0.073779 1.000000 1.000000 1.000000 0.107175 0.155483 0.663563 0.000000 0.000000 0.000000 0.000000 874.783728 874.783752 230.380734 780.429070 0
5.569486 1.000000 0.000000 0.926221 0.073779 1.000000 1.000000 1.000000 0.107175 0.129789 0.689257 0.000000 0.000000 0.000000 0.000000 877.469586 877.469666 230.518653 781.657373 0
5.696986 1.000000 0.000000 0.926221 0.073779 1.000000 1.000000 1.000000 0.107175 0.119254 0.699792 0.000000 0.000000 0.000000 0.000000 879.848936 879.848999 230.625248 782.628224 0
5.824486 1.000000 0.000000 0.926221 0.073779 1.000000 1.000000 1.000000 0.107175 0.113724 0.705323 0.000000 0.000000 0.000000 0.000000 881.956909 881.956970 230.704440 783.373475 0
5.951986 1.000000 0.000000 0.926221 0.073779 1.000000 1.000000 1.000000 0.107175 0.110875 0.708171 0.000000 0.000000 0.000000 0.000000 883.825105 883.825134 230.759703 783.921339 0
6.079486 1.000000 0.000000 0.926221 0.073779 1.000000 1.000000 1.000000 0.107175 0.109506 0.709540 0.000000 0.000000 0.000000 0.000000 885.481351 885.481384 230.794090 784.296658 0
6.206986 1.000000 0.000000 0.926221 0.073779 1.000000 1.000000 1.000000 0.107175 0.108965 0.710081 0.000000 0.000000 0.000000 0.000000 886.949950 886.950012 230.810260 784.521088 0
6.334486 1.000000 0.000000 0.926221 0.073779 1.000000 1.000000 1.000000 0.107175 0.108918 0.710129 0.000000 0.000000 0.000000 0.000000 888.251465 888.251526 230.810457 784.612917 0
6.461986 1.000000 0.000000 0.926221 0.073779 1.000000 1.000000 1.000000 0.107175 0.108918 0.710129 0.000000 0.000000 0.000000 0.000000 889.405995 889.406067 230.796859 784.589904 0
6.589486 1.000000 0.000000 0.926221 0.073779 1.000000 1.000000 1.000000 0.107175 0.108918 0.710129 0.000000 0.000000 0.000000 0.000000 890.431199 890.431274 230.771327 784.467239 0
6.716986 1.000000 0.000000 0.926221 0.073779 1.000000 1.000000 1.000000 0.107175 0.108918 0.710129 0.000000 0.000000 0.000000 0.000000 891.342299 891.342346 230.735469 784.258050 0
6.844486 1.000000 0.000000 0.926221 0.073779 1.000000 1.000000 1.000000 0.107175 0.108918 0.710129 0.000000 0.000000 0.000000 0.000000 892.152326 892.152405 230.690679 783.973800 0
6.971986 1.000000 0.000000 0.926221 0.073779 1.000000 1.000000 1.000000 0.107175 0.108918 0.710129 0.000000 0.000000 0.000000 0.000000 892.873152 892.873230 230.638198 783.624624 0
7.099486 1.000000 0.000000 0.926221 0.073779 1.000000 1.000000 1.000000 0.107175 0.108918 0.710129 0.000000 0.000000 0.000000 0.000000 893.515067 893.515137 230.579106 783.219390 0
7.226986 1.000000 0.000000 0.926221 0.073779 1.000000 1.000000 1.000000 0.107175 0.108918 0.710129 0.000000 0.000000 0.000000 0.000000 894.087083 894.087158 230.514345 782.765857 0
7.354486 1.000000 0.000000 0.926221 0.073779 1.000000 1.000000 1.000000 0.107175 0.108918 0.710129 0.000000 0.000000 0.000000 0.000000 894.597359 894.597412 230.444749 782.270893 0
7.481986 1.000000 0.000000 0.926221 0.073779 1.000000 1.000000 1.000000 0.107175 0.108918 0.710129 0.000000 0.000000 0.000000 0.000000 895.053201 895.053284 230.371049 781.740538 0
7.609486 1.000000 0.000000 0.926221 0.073779 1.000000 1.000000 1.000000 0.107175 0.108918 0.710129 0.000000 0.000000 0.000000 0.000000 895.460819 895.460876 230.293883 781.180027 0
7.736986 1.000000 0.000000 0.926221 0.073779 1.000000 1.000000 1.000000 0.107175 0.108918 0.710129 0.000000 0.000000 0.000000 0.000000 895.825755 895.825806 230.213803 780.593962 0
7.864486 1.000000 0.000000 0.926221 0.073779 1.000000 1.000000 1.000000 0.107175 0.108918 0.710129 0.000000 0.000000 0.000000 0.000000 896.153063 896.153137 230.131307 779.986468 0
7.991986 1.000000 0.000000 0.926221 0.073779 1.000000 1.000000 1.000000 0.107175 0.108918 0.710129 0.000000 0.000000 0.000000 0.000000 896.447004 896.447083 230.046814 779.361008 0
8.119486 1.000000 0.000000 0.926221 0.073779 1.000000 1.000000 1.000000 0.107175 0.108918 0.710129 0.000000 0.000000 0.000000 0.000000 896.711598 896.711670 229.960700 778.720731 0
8.246986 1.000000 0.000000 0.926221 0.073779 1.000000 1.000000 1.000000 0.107175 0.108918 0.710129 0.000000 0.000000 0.000000 0.000000 896.950131 896.950195 229.873287 778.068319 0
8.374486 1.000000 0.000000 0.926221 0.073779 1.000000 1.000000 1.000000 0.107175 0.108918 0.710129 0.000000 0.000000 0.000000 0.000000 897.165649 897.165710 229.784857 777.406137 0
8.501986 1.000000 0.000000 0.926221 0.073779 1.000000 1.000000 1.000000 0.107175 0.108918 0.710129 0.000000 0.000000 0.000000 0.000000 897.360891 897.360962 229.695659 776.736276 0
8.629486 1.000000 0.000000 0.926221 0.073779 1.000000 1.000000 1.000000 0.107175 0.108918 0.710129 0.000000 0.000000 0.000000 0.000000 897.538172 897.538208 229.605904 776.060493 0
8.756986 1.000000 0.000000 0.926221 0.073779 1.000000 1.000000 1.000000 0.107175 0.108918 0.710129 0.000000 0.000000 0.000000 0.000000 897.699500 897.699585 229.515775 775.380378 0
8.884486 1.000000 0.000000 0.926221 0.073779 1.000000 1.000000 1.000000 0.107175 0.108918 0.710129 0.000000 0.000000 0.000000 0.000000 897.846701 897.846741 229.425427 774.697210 0
9.011986 1.000000 0.000000 0.926221 0.073779 1.000000 1.000000 1.000000 0.107175 0.108918 0.710129 0.000000 0.000000 0.000000 0.000000 897.981543 897.981567 229.335006 774.012266 0
9.139486 1.000000 0.000000 0.926221 0.073779 1.000000 1.000000 1.000000 0.107175 0.108918 0.710129 0.000000 0.000000 0.000000 0.000000 898.105180 898.105225 229.244620 773.326446 0
9.266986 1.000000 0.000000 0.926221 0.073779 1.000000 1.000000 1.000000 0.107175 0.108918 0.710129 0.000000 0.000000 0.000000 0.000000 898.219320 898.219360 229.154382 772.640740 0
9.394486 1.000000 0.000000 0.926221 0.073779 1.000000 1.000000 1.000000 0.107175 0.108918 0.710129 0.000000 0.000000 0.000000 0.000000 898.324814 898.324890 229.064376 771.955874 0
9.521986 1.000000 0.000000 0.926221 0.073779 1.000000 1.000000 1.000000 0.107175 0.108918 0.710129 0.000000 0.000000 0.000000 0.000000 898.422757 898.422791 228.974675 771.272447 0
9.649486 1.000000 0.000000 0.926221 0.073779 1.000000 1.000000 1.000000 0.107175 0.108918 0.710129 0.000000 0.000000 0.000000 0.000000 898.513942 898.513977 228.885339 770.591047 0
9.776986 1.000000 0.000000 0.926221 0.073779 1.000000 1.000000 1.000000 0.107175 0.108918 0.710129 0.000000 0.000000 0.000000 0.000000 898.599282 898.599365 228.796428 769.912193 0
9.904486 1.000000 0.000000 0.926221 0.073779 1.000000 1.000000 1.000000 0.107175 0.108918 0.710129 0.000000 0.000000 0.000000 0.000000 898.679080 898.679138 228.707971 769.236117 0
10.031986 1.000000 0.000000 0.926221 0.073779 1.000000 1.000000 1.000000 0.107175 0.108918 0.710129 0.000000 0.000000 0.000000 0.000000 898.754678 898.754761 228.620032 768.563418 0
10.159486 1.000000 0.000000 0.926221 0.073779 1.000000 1.000000 1.000000 0.107175 0.108918 0.710129 0.000000 0.000000 0.000000 0.000000 898.825830 898.825867 228.532613 767.894108 0
10.286986 1.000000 0.000000 0.926221 0.073779 1.000000 1.000000 1.000000 0.107175 0.108918 0.710129 0.000000 0.000000 0.000000 0.000000 898.893390 898.893433 228.445751 767.228565 0
10.414486 1.000000 0.000000 0.926221 0.073779 1.000000 1.000000 1.000000 0.107175 0.108918 0.710129 0.000000 0.000000 0.000000 0.000000 898.957845 898.957886 228.359470 766.566985 0
10.541986 1.000000 0.000000 0.926221 0.073779 1.000000 1.000000 1.000000 0.107175 0.108918 0.710129 0.000000 0.000000 0.000000 0.000000 899.019622 899.019653 228.273787 765.909536 0
10.669486 1.000000 0.000000 0.926221 0.073779 1.000000 1.000000 1.000000 0.107175 0.108918 0.710129 0.000000 0.000000 0.000000 0.000000 899.078719 899.078796 228.188701 765.256269 0
10.796986 1.000000 0.000000 0.926221 0.073779 1.000000 1.000000 1.000000 0.107175 0.108918 0.710129 0.000000 0.000000 0.000000 0.000000 899.135293 899.135376 228.104216 764.607197 0
10.924486 1.000000 0.000000 0.926221 0.073779 1.000000 1.000000 1.000000 0.107175 0.108918 0.710129 0.000000 0.000000 0.000000 0.000000 899.190554 899.190613 228.020374 763.962692 0
