0.300000 1.000000 0.000000 0.000000 1.000000 1.000000 1.000000 1.000000 0.000000 0.000000 0.000000 0.000000 0.000000 0.000000 0.000000 150.000000 150.000000 150.000000 150.000000 0
0.301986 1.000000 0.000000 0.000000 1.000000 1.000000 1.000000 1.000000 0.000000 0.000000 0.000000 0.000000 0.000000 0.000000 0.000000 156.917553 156.922104 150.968665 156.807257 0
0.320667 1.000000 0.000000 0.000000 1.000000 1.000000 1.000000 1.000000 0.000000 0.000000 0.000000 0.000000 0.000000 0.000000 0.000000 221.480737 221.480743 161.835997 219.199314 0
0.333490 1.000000 0.000000 0.000000 1.000000 1.000000 1.000000 1.000000 0.000000 0.000000 0.000000 0.000000 0.000000 0.000000 0.000000 265.091136 265.091675 167.213359 260.385818 0
0.345349 1.000000 0.000000 0.930470 0.069530 1.000000 1.000000 1.000000 0.930470 0.000000 0.000000 0.000000 0.000000 0.000000 0.000000 304.941254 304.943481 172.046447 297.730369 0
0.356860 1.000000 0.000000 0.936383 0.063617 1.000000 1.000000 1.000000 0.936383 0.000000 0.000000 0.000000 0.000000 0.000000 0.000000 343.185753 343.188629 176.647517 333.410627 0
0.368218 1.000000 0.000000 0.939120 0.060880 1.000000 1.000000 1.000000 0.939120 0.000000 0.000000 0.000000 0.000000 0.000000 0.000000 380.506114 380.510071 181.111253 368.120825 0
0.379503 1.000000 0.000000 0.940465 0.059535 1.000000 1.000000 1.000000 0.940465 0.000000 0.000000 0.000000 0.000000 0.000000 0.000000 417.183889 417.189728 185.477413 402.151740 0
0.390754 1.000000 0.000000 0.941324 0.058676 1.000000 1.000000 1.000000 0.941324 0.000000 0.000000 0.000000 0.000000 0.000000 0.000000 453.354112 453.360413 189.766150 435.645677 0
0.401992 1.000000 0.000000 0.941841 0.058159 1.000000 1.000000 1.000000 0.941841 0.000000 0.000000 0.000000 0.000000 0.000000 0.000000 489.089231 489.094208 193.989148 468.681093 0
0.413226 1.000000 0.000000 0.942295 0.057705 1.000000 1.000000 1.000000 0.942295 0.000000 0.000000 0.000000 0.000000 0.000000 0.000000 524.364979 524.367859 198.146022 501.246048 0
0.470737 1.000000 0.000000 0.943791 0.056209 1.000000 1.000000 1.000000 0.943791 0.000000 0.000000 0.000000 0.000000 0.000000 0.000000 692.943579 692.943604 217.900446 656.381769 0
0.528328 1.000000 0.000000 0.944547 0.055453 1.000000 1.000000 1.000000 0.037836 0.906710 0.000000 0.000000 0.000000 0.000000 0.000000 846.493892 846.493896 235.752560 797.031874 0
0.585102 1.000000 0.000000 0.945207 0.054793 1.000000 1.000000 1.000000 0.029577 0.008315 0.039046 0.868269 0.000000 0.000000 0.000000 986.439565 986.439575 251.706615 924.656911 0
0.639045 1.000000 0.000000 0.946003 0.053997 0.118936 1.000000 1.000000 0.027317 0.005204 0.007941 0.905541 0.000000 0.000000 0.000000 1110.262000 1110.261963 265.793040 1037.085304 0
0.694446 1.000000 0.000000 0.108186 0.053249 0.096783 1.000000 0.161435 0.026481 0.004209 0.004782 0.072713 0.000000 0.000000 0.000000 1229.098015 1229.098022 279.510687 1144.795522 0
0.747702 1.000000 0.000000 0.055581 0.052470 0.091420 1.000000 0.108050 0.026338 0.003501 0.003971 0.021771 0.880189 0.000000 0.000000 1336.142274 1336.142334 291.478644 1241.449093 0
0.801739 0.148473 0.851527 0.046756 0.051976 0.088874 1.000000 0.098732 0.026243 0.003151 0.003533 0.013830 0.895642 0.852562 0.000000 1433.043415 1433.043457 302.408480 1327.794197 0
0.857474 0.117949 0.882051 0.043048 0.051634 0.087441 0.138407 0.094682 0.026203 0.002992 0.003199 0.010655 0.901642 0.882186 0.000000 1495.094151 1495.094238 310.022707 1384.548900 0
0.912012 0.109061 0.890939 0.041242 0.051435 0.086518 0.118450 0.092677 0.026282 0.002857 0.002952 0.009151 0.904403 0.891035 0.000000 1552.400475 1552.400513 315.936433 1436.165825 0
0.966884 0.104454 0.895546 0.040223 0.051284 0.086081 0.110955 0.091507 0.026402 0.002745 0.002857 0.008220 0.906042 0.895642 0.000000 1606.767721 1606.767822 322.383684 1484.895206 0
1.009730 0.089184 0.910816 0.042491 0.034566 0.071583 0.093353 0.077057 0.027611 0.003247 0.002697 0.008936 0.920540 0.912217 0.861585 1644.388849 1753.085693 326.046438 1527.769822 0
1.024276 0.089653 0.910347 0.044687 0.031518 0.070564 0.092056 0.076206 0.029251 0.003334 0.002761 0.009342 0.921463 0.913084 0.862500 1644.362752 1771.285034 328.179766 1534.733735 0
1.034235 0.090966 0.909034 0.050098 0.023696 0.067278 0.087895 0.073795 0.032417 0.003732 0.003390 0.010559 0.923778 0.916219 0.866208 1644.352005 1849.449951 328.339503 1541.342979 1
1.043325 0.087863 0.912137 0.051220 0.019925 0.064747 0.085953 0.071145 0.033595 0.003501 0.003597 0.010527 0.926587 0.918463 0.868397 1644.370065 2175.570557 329.162020 1545.362882 1
1.053358 0.084577 0.915423 0.051737 0.016424 0.061970 0.083264 0.068161 0.034144 0.003660 0.003788 0.010145 0.929476 0.921455 0.870282 1644.281910 2378.822998 329.456599 1548.721202 2
1.062981 0.083845 0.916155 0.053512 0.012843 0.060180 0.081418 0.066355 0.035338 0.003987 0.003867 0.010320 0.931425 0.923269 0.872089 1644.161786 1907.474121 329.699662 1550.426146 2
1.072699 0.082285 0.917715 0.054212 0.011140 0.059185 0.080113 0.065352 0.035958 0.003955 0.004106 0.010193 0.932396 0.924534 0.873569 1644.141762 2082.632080 330.282782 1551.594410 4
1.081075 0.082786 0.917214 0.055095 0.009525 0.058326 0.079015 0.064620 0.036492 0.004026 0.004082 0.010495 0.933184 0.925513 0.874635 1644.307997 2154.373535 330.353378 1552.475780 5
1.090384 0.082174 0.917826 0.055971 0.008053 0.057761 0.078131 0.064023 0.037224 0.004074 0.004138 0.010535 0.933661 0.926261 0.875287 1644.271634 2228.240967 330.248104 1552.493717 2
1.099468 0.082333 0.917667 0.056185 0.007392 0.057252 0.077630 0.063578 0.037279 0.004225 0.004042 0.010639 0.934139 0.926746 0.875789 1644.334796 2338.345703 330.606133 1552.907274 2
1.108138 0.081839 0.918161 0.056090 0.007169 0.056973 0.077224 0.063259 0.037232 0.004154 0.004201 0.010503 0.934481 0.927057 0.876409 1644.300495 2300.181885 331.009228 1552.789190 2
1.117803 0.081434 0.918566 0.056074 0.006772 0.056552 0.076635 0.062846 0.037224 0.004146 0.004185 0.010519 0.934942 0.927638 0.877237 1644.325194 2422.143311 330.395036 1552.852578 5
1.126468 0.081967 0.918033 0.056241 0.006398 0.056257 0.076373 0.062639 0.037232 0.004090 0.004217 0.010702 0.935165 0.927813 0.877754 1644.292858 2570.548340 330.116654 1552.722471 4
1.135590 0.081975 0.918025 0.056480 0.005984 0.055931 0.076078 0.062464 0.037391 0.004082 0.004193 0.010814 0.935459 0.928043 0.878200 1644.246596 1890.729004 330.227827 1552.699619 4
1.145279 0.082237 0.917763 0.056528 0.005642 0.055613 0.075760 0.062169 0.037287 0.004042 0.004257 0.010941 0.935738 0.928394 0.878860 1644.257675 2083.409424 329.553347 1552.425756 4
1.153443 0.082341 0.917659 0.056615 0.005506 0.055525 0.075681 0.062122 0.037287 0.004074 0.004241 0.011013 0.935778 0.928513 0.879091 1644.123118 2200.934814 330.429999 1552.330715 3
1.161846 0.081959 0.918041 0.056583 0.005459 0.055461 0.075569 0.062042 0.037240 0.004082 0.004193 0.011068 0.935865 0.928561 0.879266 1644.208709 1964.538818 330.162529 1552.022367 5
1.171075 0.081871 0.918129 0.056631 0.005331 0.055294 0.075315 0.061962 0.037208 0.004066 0.004225 0.011132 0.935977 0.928712 0.879616 1644.249397 2215.344727 330.033919 1551.995320 3
1.180483 0.082277 0.917723 0.056552 0.005077 0.055024 0.075012 0.061628 0.037232 0.004034 0.004217 0.011068 0.936223 0.928958 0.880117 1644.191111 2102.866699 329.740089 1551.761232 4
1.189429 0.083407 0.916593 0.056599 0.004902 0.054920 0.074917 0.061501 0.037311 0.004026 0.004225 0.011037 0.936351 0.929030 0.880332 1644.292633 2312.193359 330.200593 1551.489102 3
1.197662 0.082388 0.917612 0.056607 0.004870 0.054865 0.074861 0.061477 0.037311 0.004002 0.004241 0.011052 0.936375 0.929094 0.880523 1644.292450 2460.678711 329.985967 1551.223297 3
1.207671 0.082277 0.917723 0.056615 0.004758 0.054761 0.074670 0.061374 0.037247 0.003987 0.004257 0.011124 0.936478 0.929245 0.880969 1644.229219 2546.461426 330.695003 1551.741137 3
1.217114 0.082516 0.917484 0.056750 0.004599 0.054634 0.074551 0.061350 0.037335 0.003979 0.004233 0.011204 0.936526 0.929348 0.881176 1644.287515 2007.012329 329.824888 1551.049144 3
1.226978 0.083232 0.916768 0.056846 0.004488 0.054578 0.074471 0.061334 0.037351 0.004018 0.004201 0.011275 0.936542 0.929428 0.881399 1644.210748 1921.338135 330.457818 1551.184654 4
1.236743 0.083192 0.916808 0.056814 0.004408 0.054475 0.074352 0.061222 0.037319 0.003963 0.004257 0.011275 0.936613 0.929563 0.881757 1644.321939 1873.228149 330.473820 1551.129390 3
1.246037 0.083105 0.916895 0.056798 0.004392 0.054387 0.074336 0.061191 0.037263 0.003955 0.004233 0.011347 0.936621 0.929603 0.881852 1644.233392 2038.580811 330.814230 1550.920693 4
1.255104 0.083160 0.916840 0.057013 0.004130 0.054331 0.074296 0.061143 0.037415 0.003931 0.004265 0.011403 0.936693 0.929627 0.882051 1644.286238 1962.764771 329.763126 1550.150340 3
1.264280 0.082285 0.917715 0.056981 0.004130 0.054324 0.074256 0.061111 0.037399 0.003947 0.004249 0.011387 0.936701 0.929706 0.882218 1644.252256 1878.533691 329.741128 1550.194651 1
1.273565 0.083375 0.916625 0.057101 0.003987 0.054300 0.074201 0.061087 0.037462 0.003963 0.004281 0.011395 0.936725 0.929706 0.882449 1644.247635 1873.825806 329.809600 1550.065729 2
1.283122 0.082428 0.917572 0.057093 0.003979 0.054284 0.074129 0.061071 0.037462 0.003939 0.004297 0.011395 0.936780 0.929762 0.882759 1644.139964 1852.514893 330.574112 1550.355767 2
1.292936 0.082587 0.917413 0.057093 0.003955 0.054228 0.074089 0.061047 0.037438 0.003915 0.004329 0.011411 0.936788 0.929794 0.882942 1644.255632 1883.412598 329.733830 1549.606558 3
1.302405 0.083598 0.916402 0.057180 0.003835 0.054164 0.074017 0.061015 0.037478 0.003915 0.004337 0.011450 0.936844 0.929842 0.883268 1644.286439 1999.158447 329.704932 1549.276633 3
1.313076 0.083765 0.916235 0.057156 0.003796 0.054037 0.073938 0.060952 0.037399 0.003899 0.004368 0.011490 0.936963 0.929897 0.883475 1644.204165 2075.278564 329.270951 1549.447322 6
1.320673 0.083733 0.916267 0.057101 0.003780 0.053950 0.073938 0.060880 0.037343 0.003923 0.004337 0.011498 0.937027 0.929897 0.883682 1644.280614 1945.511230 329.391592 1548.598849 5
1.329616 0.083471 0.916529 0.057101 0.003780 0.053950 0.073930 0.060880 0.037327 0.003939 0.004337 0.011498 0.937027 0.929905 0.883762 1644.243845 1872.828369 328.849612 1548.497594 4
1.339444 0.083606 0.916394 0.057148 0.003708 0.053934 0.073858 0.060856 0.037375 0.003939 0.004329 0.011506 0.937051 0.929961 0.883937 1644.316420 2004.684082 329.932841 1548.684434 7
1.348845 0.084187 0.915813 0.057284 0.003565 0.053878 0.073827 0.060848 0.037423 0.003931 0.004313 0.011617 0.937067 0.930001 0.884160 1644.259042 1982.310669 328.955594 1548.253118 9
1.357810 0.083972 0.916028 0.057299 0.003549 0.053878 0.073811 0.060848 0.037407 0.003947 0.004321 0.011625 0.937075 0.930017 0.884335 1644.278038 2082.149414 329.414851 1548.270121 7
1.368212 0.084386 0.915614 0.057268 0.003549 0.053878 0.073787 0.060817 0.037383 0.003963 0.004321 0.011602 0.937130 0.930072 0.884502 1644.218072 2165.761230 330.119031 1548.848135 5
1.376699 0.084505 0.915495 0.057228 0.003549 0.053838 0.073723 0.060777 0.037359 0.003971 0.004329 0.011570 0.937146 0.930080 0.884613 1644.217982 2045.765503 328.985907 1548.250655 2
1.386228 0.083494 0.916506 0.057212 0.003549 0.053806 0.073683 0.060761 0.037343 0.003955 0.004329 0.011586 0.937154 0.930096 0.884717 1644.315562 2030.411499 329.738106 1547.667840 5
1.397558 0.083924 0.916076 0.057220 0.003517 0.053727 0.073659 0.060737 0.037311 0.003971 0.004321 0.011617 0.937186 0.930104 0.884860 1644.274724 2240.212402 329.248544 1547.833350 6
1.408564 0.085158 0.914842 0.057220 0.003501 0.053727 0.073636 0.060721 0.037255 0.004002 0.004353 0.011609 0.937186 0.930120 0.885027 1644.278870 2267.083740 329.726236 1547.768061 7
1.419062 0.085197 0.914803 0.057212 0.003493 0.053719 0.073596 0.060705 0.037247 0.003994 0.004368 0.011602 0.937242 0.930152 0.885306 1644.265685 2270.753174 329.156208 1547.162194 4
1.428570 0.084903 0.915097 0.057156 0.003493 0.053711 0.073572 0.060649 0.037216 0.004018 0.004376 0.011546 0.937274 0.930160 0.885425 1644.177237 2387.816162 329.011109 1547.119429 7
1.438975 0.084449 0.915551 0.057164 0.003477 0.053679 0.073548 0.060642 0.037176 0.004018 0.004376 0.011594 0.937306 0.930208 0.885592 1644.204782 2348.075684 329.521756 1546.875849 10
1.449744 0.085882 0.914118 0.057164 0.003437 0.053631 0.073540 0.060602 0.037176 0.003971 0.004432 0.011586 0.937329 0.930232 0.885680 1644.243338 2488.894531 328.827510 1546.800659 8
1.460371 0.084752 0.915248 0.057164 0.003437 0.053631 0.073532 0.060602 0.037176 0.003971 0.004432 0.011586 0.937329 0.930232 0.885791 1644.142911 2482.004395 328.587979 1546.221447 9
1.470571 0.085516 0.914484 0.057180 0.003422 0.053623 0.073508 0.060602 0.037168 0.003987 0.004416 0.011609 0.937329 0.930240 0.885863 1644.194244 2704.316650 329.208410 1546.387189 7
1.479952 0.084720 0.915280 0.057172 0.003422 0.053623 0.073508 0.060594 0.037160 0.003994 0.004416 0.011602 0.937329 0.930240 0.886038 1644.237061 2603.054199 328.992317 1546.069415 7
1.492333 0.085094 0.914906 0.057156 0.003406 0.053599 0.073445 0.060562 0.037136 0.004010 0.004424 0.011586 0.937361 0.930271 0.886157 1644.273722 2630.101562 329.315170 1546.186810 7
1.503254 0.084521 0.915479 0.057140 0.003406 0.053599 0.073445 0.060546 0.037128 0.003994 0.004432 0.011586 0.937409 0.930271 0.886284 1644.209189 2525.053955 328.933324 1546.067845 9
1.513612 0.084879 0.915121 0.057140 0.003406 0.053599 0.073421 0.060546 0.037128 0.003994 0.004432 0.011586 0.937409 0.930271 0.886332 1644.241962 2607.797852 328.744325 1545.532333 11
1.524556 0.085086 0.914914 0.057156 0.003390 0.053568 0.073413 0.060546 0.037112 0.003994 0.004448 0.011602 0.937409 0.930287 0.886451 1644.202008 2624.221436 328.610672 1545.545374 14
1.533841 0.086327 0.913673 0.057156 0.003390 0.053568 0.073413 0.060546 0.037112 0.003994 0.004448 0.011602 0.937409 0.930287 0.886515 1644.193136 2677.535645 328.621850 1545.427696 10
1.545574 0.084959 0.915041 0.057164 0.003366 0.053560 0.073381 0.060530 0.037072 0.004034 0.004472 0.011586 0.937417 0.930295 0.886650 1644.139541 2545.895264 329.139301 1545.264351 11
1.555443 0.086096 0.913904 0.057196 0.003334 0.053536 0.073365 0.060530 0.037096 0.004042 0.004464 0.011594 0.937417 0.930303 0.886730 1644.230193 2584.966553 328.120477 1544.854212 13
1.564886 0.086844 0.913156 0.057196 0.003334 0.053536 0.073357 0.060530 0.037088 0.004050 0.004464 0.011594 0.937417 0.930303 0.886754 1644.245019 2737.785889 328.537591 1544.981509 11
1.575296 0.086327 0.913673 0.057172 0.003310 0.053472 0.073341 0.060482 0.037041 0.004050 0.004408 0.011673 0.937449 0.930319 0.886905 1644.247394 2705.100830 328.531651 1544.603289 8
1.586287 0.087290 0.912710 0.057323 0.003159 0.053464 0.073341 0.060482 0.037168 0.004066 0.004400 0.011689 0.937449 0.930327 0.886977 1644.180854 2808.168213 328.542307 1544.428412 7
1.597193 0.086279 0.913721 0.057315 0.003159 0.053440 0.073301 0.060474 0.037168 0.004058 0.004408 0.011681 0.937449 0.930327 0.887096 1644.205500 2717.049561 328.438067 1543.796385 7
1.607803 0.087728 0.912272 0.057307 0.003159 0.053440 0.073301 0.060466 0.037160 0.004066 0.004400 0.011681 0.937457 0.930335 0.887255 1644.263417 2754.641602 328.743011 1544.001643 11
1.619768 0.086455 0.913545 0.057315 0.003151 0.053440 0.073285 0.060466 0.037160 0.004058 0.004408 0.011689 0.937465 0.930351 0.887327 1644.187037 2656.399902 328.456885 1543.618520 6
1.630006 0.086916 0.913084 0.057315 0.003151 0.053440 0.073285 0.060466 0.037160 0.004058 0.004408 0.011689 0.937465 0.930351 0.887351 1644.154086 2715.617188 328.450026 1543.110345 5
1.639884 0.086996 0.913004 0.057315 0.003151 0.053424 0.073285 0.060466 0.037160 0.004026 0.004416 0.011713 0.937465 0.930351 0.887390 1644.172361 2676.336426 328.033981 1542.745195 3
1.650649 0.086622 0.913378 0.057315 0.003151 0.053424 0.073285 0.060466 0.037160 0.004026 0.004416 0.011713 0.937465 0.930359 0.887430 1644.181253 2757.472412 328.748559 1543.068304 3
1.661466 0.087497 0.912503 0.057315 0.003151 0.053424 0.073285 0.060466 0.037160 0.004026 0.004416 0.011713 0.937465 0.930359 0.887478 1644.169841 2912.463135 328.077197 1543.215245 6
1.671711 0.087600 0.912400 0.057323 0.003143 0.053416 0.073285 0.060466 0.037160 0.004018 0.004416 0.011729 0.937473 0.930359 0.887510 1644.190711 2765.237061 328.156972 1543.026663 7
1.682983 0.086669 0.913331 0.057323 0.003143 0.053416 0.073285 0.060466 0.037160 0.004010 0.004424 0.011729 0.937473 0.930359 0.887573 1644.209321 2933.208496 328.598977 1542.531664 8
1.694203 0.087847 0.912153 0.057331 0.003127 0.053408 0.073270 0.060458 0.037168 0.004018 0.004424 0.011721 0.937473 0.930359 0.887605 1644.179049 2750.705322 327.811131 1542.188516 7
1.704942 0.087903 0.912097 0.057331 0.003127 0.053408 0.073262 0.060458 0.037160 0.004026 0.004424 0.011721 0.937473 0.930367 0.887669 1644.199350 2666.106201 328.106701 1542.071628 7
1.716808 0.087672 0.912328 0.057331 0.003127 0.053408 0.073262 0.060458 0.037160 0.004026 0.004416 0.011729 0.937473 0.930367 0.887685 1644.167082 2695.194824 329.029474 1541.943994 7
1.727184 0.087664 0.912336 0.057331 0.003127 0.053408 0.073262 0.060458 0.037160 0.004026 0.004416 0.011729 0.937473 0.930367 0.887709 1644.161626 2531.003906 328.169635 1541.567073 8
1.737829 0.087903 0.912097 0.057339 0.003119 0.053408 0.073262 0.060458 0.037168 0.004026 0.004416 0.011729 0.937473 0.930367 0.887780 1644.214661 2647.114014 328.171067 1541.434084 8
1.748671 0.088690 0.911310 0.057331 0.003119 0.053400 0.073262 0.060451 0.037160 0.004018 0.004432 0.011721 0.937473 0.930367 0.887796 1644.163395 2789.334717 328.378127 1541.248902 8
1.761002 0.088380 0.911620 0.057331 0.003119 0.053400 0.073262 0.060451 0.037160 0.004018 0.004432 0.011721 0.937473 0.930367 0.887852 1644.201783 2593.908447 328.573219 1541.203930 7
1.773528 0.088969 0.911031 0.057339 0.003095 0.053400 0.073238 0.060435 0.037184 0.004018 0.004432 0.011705 0.937497 0.930375 0.887987 1644.190187 2517.130127 328.224963 1540.993820 7
1.784532 0.089399 0.910601 0.057339 0.003095 0.053400 0.073238 0.060435 0.037184 0.004018 0.004432 0.011705 0.937497 0.930375 0.888003 1644.176177 2745.915283 327.969777 1540.391367 4
1.798676 0.088627 0.911373 0.057339 0.003095 0.053400 0.073238 0.060435 0.037184 0.004010 0.004440 0.011705 0.937497 0.930375 0.888162 1644.204890 2749.283447 328.197293 1540.472273 7
1.810713 0.088778 0.911222 0.057339 0.003095 0.053400 0.073238 0.060435 0.037184 0.004002 0.004448 0.011705 0.937497 0.930383 0.888178 1644.206225 2546.197510 328.000840 1539.827576 8
1.874578 0.092749 0.907251 0.055024 0.000668 0.048793 0.069721 0.055692 0.033683 0.004846 0.004933 0.011562 0.942032 0.934282 0.894257 1644.384459 2068.551514 337.462002 1538.543871 5
1.942146 0.092669 0.907331 0.054371 0.000111 0.047480 0.069283 0.054483 0.032640 0.005085 0.005085 0.011562 0.943082 0.934839 0.896350 1644.434103 1902.735474 341.902797 1538.497747 5
2.006154 0.092542 0.907458 0.053106 0.000056 0.045953 0.068869 0.053162 0.031033 0.005292 0.005037 0.011745 0.944173 0.935404 0.897552 1644.021611 2172.285645 337.204214 1535.059617 3
2.065602 0.097030 0.902970 0.052135 0.000016 0.044990 0.068018 0.052151 0.029831 0.005252 0.005132 0.011920 0.945207 0.936200 0.898666 1644.367615 1984.762695 335.770836 1534.522846 3
2.130928 0.093759 0.906241 0.051332 0.000016 0.044059 0.067421 0.051348 0.028701 0.005299 0.005220 0.012111 0.946050 0.936764 0.900384 1644.390921 1781.827637 334.670618 1532.569150 0
2.195834 0.098923 0.901077 0.050989 0.000016 0.043868 0.067238 0.051005 0.028542 0.005315 0.005156 0.011976 0.946369 0.936955 0.901745 1644.554536 1886.855591 336.783645 1532.196870 2
2.261682 0.094682 0.905318 0.049891 0.000008 0.042817 0.066625 0.049899 0.027540 0.005347 0.005116 0.011888 0.947546 0.937791 0.903599 1644.647747 1977.122192 336.731613 1530.075754 2
2.331847 0.094396 0.905604 0.049653 0.000008 0.042603 0.066570 0.049661 0.027277 0.005339 0.005108 0.011928 0.947849 0.937910 0.904482 1644.387383 2300.989746 335.418181 1529.368166 3
2.412224 0.099934 0.900066 0.049223 0.000000 0.042268 0.066323 0.049223 0.026736 0.005459 0.005108 0.011920 0.948271 0.938205 0.905023 1644.343096 1799.822266 333.285849 1528.201642 0
2.492123 0.097563 0.902437 0.048984 0.000000 0.042006 0.066243 0.048984 0.026481 0.005514 0.005069 0.011920 0.948485 0.938308 0.905485 1644.315787 2226.218018 335.089326 1527.932538 5
2.567971 0.102918 0.897082 0.048897 0.000000 0.041918 0.066188 0.048897 0.026354 0.005546 0.005053 0.011944 0.948557 0.938348 0.905612 1644.274325 2036.627930 333.093505 1525.513969 3
2.651718 0.103308 0.896692 0.048777 0.000000 0.041799 0.066164 0.048777 0.026179 0.005650 0.005061 0.011888 0.948613 0.938396 0.905708 1644.195696 2072.950684 332.410568 1523.672520 3
2.744676 0.102894 0.897106 0.048746 0.000000 0.041775 0.066076 0.048746 0.026147 0.005602 0.005085 0.011912 0.948660 0.938491 0.905923 1644.164553 1877.863892 333.053433 1523.162177 3
2.832325 0.102942 0.897058 0.048730 0.000000 0.041727 0.066029 0.048730 0.026147 0.005586 0.005061 0.011936 0.948700 0.938571 0.906225 1644.204249 1770.466919 331.877135 1521.307776 0
2.923071 0.102775 0.897225 0.048650 0.000000 0.041696 0.066029 0.048650 0.026115 0.005570 0.005077 0.011888 0.948764 0.938579 0.906400 1644.407619 1782.535645 332.056016 1520.333808 0
2.987619 0.105886 0.894114 0.048642 0.000000 0.041680 0.066021 0.048642 0.026099 0.005578 0.005085 0.011880 0.948772 0.938579 0.906527 1644.389951 1787.787231 329.656973 1518.739150 0
3.081145 0.105162 0.894838 0.048451 0.000000 0.041433 0.065973 0.048451 0.025813 0.005538 0.005140 0.011960 0.948923 0.938634 0.906734 1644.094400 1973.929810 330.366242 1518.297848 4
3.176004 0.107334 0.892666 0.048348 0.000000 0.041290 0.065798 0.048348 0.025741 0.005475 0.005180 0.011952 0.949018 0.938809 0.906861 1644.434609 1885.647827 332.235442 1516.837099 2
3.277626 0.110788 0.889212 0.048348 0.000000 0.041290 0.065798 0.048348 0.025741 0.005467 0.005188 0.011952 0.949018 0.938809 0.906893 1644.242925 2038.882080 328.443968 1514.891774 4
3.372966 0.113039 0.886961 0.048332 0.000000 0.041290 0.065798 0.048332 0.025741 0.005467 0.005188 0.011936 0.949026 0.938809 0.906949 1644.192331 1814.931030 327.419174 1513.001171 1
3.488251 0.113008 0.886992 0.048332 0.000000 0.041290 0.065798 0.048332 0.025630 0.005506 0.005260 0.011936 0.949026 0.938809 0.907005 1644.236016 1930.526611 329.839200 1511.489139 3
3.593060 0.113803 0.886197 0.048332 0.000000 0.041290 0.065782 0.048332 0.025590 0.005546 0.005260 0.011936 0.949026 0.938809 0.907060 1644.214447 1967.093628 327.648845 1509.671654 4
3.689784 0.115912 0.884088 0.048332 0.000000 0.041290 0.065782 0.048332 0.025590 0.005546 0.005260 0.011936 0.949026 0.938809 0.907108 1644.241501 1672.737061 325.290427 1507.539522 0
3.794504 0.118983 0.881017 0.048332 0.000000 0.041290 0.065782 0.048332 0.025590 0.005546 0.005244 0.011952 0.949026 0.938809 0.907140 1644.328278 1725.577271 328.527522 1506.726189 0
3.922968 0.116922 0.883078 0.048332 0.000000 0.041290 0.065782 0.048332 0.025590 0.005546 0.005244 0.011952 0.949026 0.938809 0.907140 1644.192437 1790.234131 326.443321 1504.929686 0
4.065241 0.119349 0.880651 0.048332 0.000000 0.041290 0.065782 0.048332 0.025590 0.005546 0.005244 0.011952 0.949026 0.938809 0.907164 1644.251716 1711.619141 325.261358 1502.875072 0
4.201718 0.119803 0.880197 0.048332 0.000000 0.041290 0.065782 0.048332 0.025590 0.005546 0.005244 0.011952 0.949026 0.938809 0.907172 1644.287234 1658.859253 325.153263 1501.271685 0
4.303645 0.119755 0.880245 0.048332 0.000000 0.041290 0.065782 0.048332 0.025590 0.005546 0.005244 0.011952 0.949026 0.938809 0.907188 1644.212376 1841.900757 322.506774 1500.131062 2
4.339002 0.119946 0.880054 0.048332 0.000000 0.041290 0.065782 0.048332 0.025590 0.005546 0.005244 0.011952 0.949026 0.938809 0.907188 1644.186133 1925.641968 321.602047 1499.098736 2
4.364229 0.121068 0.878932 0.048332 0.000000 0.041290 0.065782 0.048332 0.025590 0.005546 0.005244 0.011952 0.949026 0.938809 0.907188 1644.189780 1867.492188 321.303181 1498.494204 2
4.385844 0.121028 0.878972 0.048332 0.000000 0.041290 0.065782 0.048332 0.025590 0.005546 0.005244 0.011952 0.949026 0.938809 0.907188 1644.185936 1848.595337 321.152092 1498.183606 1
4.405989 0.122174 0.877826 0.048332 0.000000 0.041290 0.065782 0.048332 0.025590 0.005546 0.005244 0.011952 0.949026 0.938809 0.907188 1644.181275 1841.447632 321.204263 1498.067391 1
4.426147 0.122620 0.877380 0.048332 0.000000 0.041290 0.065782 0.048332 0.025590 0.005546 0.005244 0.011952 0.949026 0.938809 0.907188 1644.188367 1815.121582 321.089012 1497.639937 1
4.446692 0.122532 0.877468 0.048332 0.000000 0.041290 0.065782 0.048332 0.025590 0.005546 0.005244 0.011952 0.949026 0.938809 0.907188 1644.187008 1763.940430 321.022450 1497.339438 0
4.468381 0.122930 0.877070 0.048332 0.000000 0.041290 0.065782 0.048332 0.025590 0.005546 0.005244 0.011952 0.949026 0.938809 0.907188 1644.193879 1802.205811 321.100790 1497.365612 0
4.493120 0.122930 0.877070 0.048332 0.000000 0.041290 0.065782 0.048332 0.025590 0.005546 0.005244 0.011952 0.949026 0.938809 0.907188 1644.183861 1853.032715 321.131209 1497.135201 1
4.522391 0.122723 0.877277 0.048332 0.000000 0.041290 0.065782 0.048332 0.025590 0.005546 0.005244 0.011952 0.949026 0.938809 0.907188 1644.194172 2020.661621 321.168321 1496.919056 1
4.556647 0.124728 0.875272 0.048332 0.000000 0.041290 0.065782 0.048332 0.025590 0.005546 0.005244 0.011952 0.949026 0.938809 0.907204 1644.183727 1773.421631 321.581542 1497.011337 0
4.601327 0.124426 0.875574 0.048332 0.000000 0.041290 0.065782 0.048332 0.025590 0.005546 0.005244 0.011952 0.949026 0.938809 0.907204 1644.190357 1732.596680 321.512778 1496.282992 0
4.682911 0.125779 0.874221 0.048332 0.000000 0.041290 0.065782 0.048332 0.025590 0.005546 0.005244 0.011952 0.949026 0.938809 0.907204 1644.227409 1648.352295 323.596054 1496.078690 0
4.818548 0.129527 0.870473 0.048332 0.000000 0.041290 0.065782 0.048332 0.025590 0.005546 0.005244 0.011952 0.949026 0.938809 0.907204 1644.208456 1652.010864 322.658903 1493.936982 0
4.937275 0.130426 0.869574 0.048332 0.000000 0.041290 0.065782 0.048332 0.025590 0.005546 0.005244 0.011952 0.949026 0.938809 0.907235 1644.196144 1646.689209 322.235858 1492.010054 0
5.013842 0.132343 0.867657 0.048332 0.000000 0.041290 0.065782 0.048332 0.025590 0.005546 0.005244 0.011952 0.949026 0.938809 0.907235 1644.189542 1644.198486 321.009211 1490.025472 0
5.057696 0.133306 0.866694 0.048332 0.000000 0.041290 0.065782 0.048332 0.025590 0.005546 0.005244 0.011952 0.949026 0.938809 0.907235 1644.187523 1644.184937 320.212396 1488.680503 0
5.091847 0.134269 0.865731 0.048332 0.000000 0.041290 0.065782 0.048332 0.025590 0.005546 0.005244 0.011952 0.949026 0.938809 0.907235 1644.204593 1644.204468 319.963798 1487.958826 0
5.123604 0.132805 0.867195 0.048332 0.000000 0.041290 0.065782 0.048332 0.025590 0.005546 0.005244 0.011952 0.949026 0.938809 0.907235 1644.189126 1644.194092 319.890753 1487.597039 0
5.155110 0.133831 0.866169 0.048332 0.000000 0.041290 0.065782 0.048332 0.025590 0.005546 0.005244 0.011952 0.949026 0.938809 0.907235 1644.200147 1644.201172 319.812823 1487.013558 0
5.187375 0.134022 0.865978 0.048332 0.000000 0.041290 0.065782 0.048332 0.025590 0.005546 0.005244 0.011952 0.949026 0.938809 0.907235 1644.182515 1644.344238 319.708262 1486.430817 0
5.220484 0.135105 0.864895 0.048332 0.000000 0.041290 0.065782 0.048332 0.025590 0.005546 0.005244 0.011952 0.949026 0.938809 0.907235 1644.189140 1756.257324 319.695850 1486.080080 0
5.258118 0.135566 0.864434 0.048332 0.000000 0.041290 0.065782 0.048332 0.025590 0.005546 0.005244 0.011952 0.949026 0.938809 0.907235 1644.192471 1670.452881 319.682559 1485.570300 0
5.301906 0.136537 0.863463 0.048332 0.000000 0.041290 0.065782 0.048332 0.025590 0.005546 0.005244 0.011952 0.949026 0.938809 0.907235 1644.183713 1644.193115 319.705183 1484.941972 0
5.345259 0.137404 0.862596 0.048332 0.000000 0.041290 0.065782 0.048332 0.025590 0.005546 0.005244 0.011952 0.949026 0.938809 0.907243 1644.186016 1644.187988 319.506469 1484.229081 0
5.383748 0.138073 0.861927 0.048332 0.000000 0.041290 0.065782 0.048332 0.025590 0.005546 0.005244 0.011952 0.949026 0.938809 0.907243 1644.190774 1659.878906 319.396408 1483.773043 0
5.422614 0.138287 0.861713 0.048332 0.000000 0.041290 0.065782 0.048332 0.025590 0.005546 0.005244 0.011952 0.949026 0.938809 0.907243 1644.191198 1644.193970 319.352403 1483.231839 0
5.463589 0.138868 0.861132 0.048332 0.000000 0.041290 0.065782 0.048332 0.025590 0.005546 0.005244 0.011952 0.949026 0.938809 0.907243 1644.182035 1644.186890 319.307753 1482.737401 0
5.506312 0.139831 0.860169 0.048332 0.000000 0.041290 0.065782 0.048332 0.025590 0.005546 0.005244 0.011952 0.949026 0.938809 0.907243 1644.200962 1665.303833 319.376656 1482.274428 0
5.550849 0.141248 0.858752 0.048332 0.000000 0.041290 0.065782 0.048332 0.025590 0.005546 0.005244 0.011952 0.949026 0.938809 0.907243 1644.203909 1759.518066 319.242163 1481.507071 0
5.592174 0.142011 0.857989 0.048332 0.000000 0.041290 0.065782 0.048332 0.025590 0.005546 0.005244 0.011952 0.949026 0.938809 0.907243 1644.182710 1892.586304 319.032627 1480.704587 1
5.631019 0.143364 0.856636 0.048332 0.000000 0.041290 0.065782 0.048332 0.025590 0.005546 0.005244 0.011952 0.949026 0.938809 0.907243 1644.183466 1679.013672 318.899544 1480.072679 0
5.666641 0.143117 0.856883 0.048332 0.000000 0.041290 0.065782 0.048332 0.025590 0.005546 0.005244 0.011952 0.949026 0.938809 0.907251 1644.206053 1664.607056 318.804689 1479.510977 0
5.700499 0.143078 0.856922 0.048332 0.000000 0.041290 0.065782 0.048332 0.025590 0.005546 0.005244 0.011952 0.949026 0.938809 0.907251 1644.198602 1651.482544 318.705122 1478.986083 0
5.734972 0.142648 0.857352 0.048332 0.000000 0.041290 0.065782 0.048332 0.025590 0.005546 0.005244 0.011952 0.949026 0.938809 0.907251 1644.200363 1644.201294 318.630881 1478.414414 0
5.770336 0.142934 0.857066 0.048332 0.000000 0.041290 0.065782 0.048332 0.025590 0.005546 0.005244 0.011952 0.949026 0.938809 0.907251 1644.209289 1644.213135 318.543083 1477.827768 0
5.805907 0.143714 0.856286 0.048332 0.000000 0.041290 0.065782 0.048332 0.025590 0.005546 0.005244 0.011952 0.949026 0.938809 0.907251 1644.205419 1646.524414 318.496738 1477.343786 0
5.843370 0.144605 0.855395 0.048332 0.000000 0.041290 0.065782 0.048332 0.025590 0.005546 0.005244 0.011952 0.949026 0.938809 0.907259 1644.205479 1646.179199 318.432412 1476.769412 0
5.879360 0.144868 0.855132 0.048332 0.000000 0.041290 0.065782 0.048332 0.025590 0.005546 0.005244 0.011952 0.949026 0.938809 0.907259 1644.203850 1647.795654 318.329443 1476.250441 0
5.912373 0.145314 0.854686 0.048332 0.000000 0.041290 0.065782 0.048332 0.025590 0.005546 0.005244 0.011952 0.949026 0.938809 0.907259 1644.206514 1647.578247 318.246034 1475.785025 0
5.944419 0.145839 0.854161 0.048332 0.000000 0.041290 0.065782 0.048332 0.025590 0.005546 0.005244 0.011952 0.949026 0.938809 0.907259 1644.205834 1646.347778 318.161960 1475.272426 0
5.976249 0.146165 0.853835 0.048332 0.000000 0.041290 0.065782 0.048332 0.025590 0.005546 0.005244 0.011952 0.949026 0.938809 0.907259 1644.209639 1645.756958 318.098621 1474.826010 0
6.008543 0.147048 0.852952 0.048332 0.000000 0.041290 0.065782 0.048332 0.025590 0.005546 0.005244 0.011952 0.949026 0.938809 0.907267 1644.213155 1645.344971 318.078379 1474.476169 0
6.041875 0.147733 0.852267 0.048332 0.000000 0.041290 0.065782 0.048332 0.025590 0.005546 0.005244 0.011952 0.949026 0.938809 0.907267 1644.188487 1650.332764 318.011702 1473.931586 0
6.077154 0.148847 0.851153 0.048332 0.000000 0.041290 0.065782 0.048332 0.025590 0.005546 0.005244 0.011952 0.949026 0.938809 0.907267 1644.209178 1650.152344 317.976364 1473.442076 0
6.113996 0.148966 0.851034 0.048332 0.000000 0.041290 0.065782 0.048332 0.025590 0.005546 0.005244 0.011952 0.949026 0.938809 0.907267 1644.205516 1646.862915 317.888161 1472.804607 0
6.152138 0.149109 0.850891 0.048332 0.000000 0.041290 0.065782 0.048332 0.025590 0.005546 0.005244 0.011952 0.949026 0.938809 0.907267 1644.207457 1655.898071 317.827806 1472.323511 0
6.190264 0.149237 0.850763 0.048332 0.000000 0.041290 0.065782 0.048332 0.025590 0.005546 0.005244 0.011952 0.949026 0.938809 0.907267 1644.205685 1695.573486 317.745411 1471.704890 0
6.229774 0.149396 0.850604 0.048332 0.000000 0.041290 0.065782 0.048332 0.025590 0.005546 0.005244 0.011952 0.949026 0.938809 0.907267 1644.183460 1651.992432 317.681560 1471.119750 0
6.270165 0.151154 0.848846 0.048332 0.000000 0.041290 0.065782 0.048332 0.025590 0.005546 0.005244 0.011952 0.949026 0.938809 0.907267 1644.164036 1644.421265 317.748804 1470.853367 0
6.311157 0.151210 0.848790 0.048332 0.000000 0.041290 0.065782 0.048332 0.025590 0.005546 0.005244 0.011952 0.949026 0.938809 0.907267 1644.135610 1644.143188 317.554409 1470.041890 0
6.345917 0.152085 0.847915 0.048332 0.000000 0.041290 0.065782 0.048332 0.025590 0.005546 0.005244 0.011952 0.949026 0.938809 0.907267 1644.105187 1644.160034 317.414803 1469.513581 0
6.376743 0.152634 0.847366 0.048332 0.000000 0.041290 0.065782 0.048332 0.025590 0.005546 0.005244 0.011952 0.949026 0.938809 0.907267 1644.089032 1644.120117 317.309606 1468.945164 0
6.406019 0.153454 0.846546 0.048332 0.000000 0.041290 0.065782 0.048332 0.025590 0.005546 0.005244 0.011952 0.949026 0.938809 0.907267 1644.076747 1644.106323 317.239986 1468.523736 0
6.433621 0.153565 0.846435 0.048332 0.000000 0.041290 0.065782 0.048332 0.025590 0.005546 0.005244 0.011952 0.949026 0.938809 0.907267 1644.067849 1644.098267 317.182774 1468.155634 0
6.460541 0.154090 0.845910 0.048332 0.000000 0.041290 0.065782 0.048332 0.025590 0.005546 0.005244 0.011952 0.949026 0.938809 0.907267 1643.970535 1644.882812 317.123931 1467.738981 0
6.487896 0.154377 0.845623 0.048332 0.000000 0.041290 0.065782 0.048332 0.025590 0.005546 0.005244 0.011952 0.949026 0.938809 0.907267 1643.925423 1644.979980 317.068840 1467.265031 0
6.519225 0.154783 0.845217 0.048332 0.000000 0.041290 0.065782 0.048332 0.025590 0.005546 0.005244 0.011952 0.949026 0.938809 0.907267 1643.934320 1644.240967 317.031526 1466.749827 0
6.554692 0.155204 0.844796 0.048332 0.000000 0.041290 0.065782 0.048332 0.025590 0.005546 0.005244 0.011952 0.949026 0.938809 0.907267 1643.848296 1971.774658 317.035374 1466.343071 2
6.595079 0.156470 0.843530 0.048332 0.000000 0.041290 0.065782 0.048332 0.025590 0.005546 0.005244 0.011952 0.949026 0.938809 0.907267 1643.835455 1981.650757 317.012210 1465.852856 2
6.638200 0.156907 0.843093 0.048332 0.000000 0.041290 0.065782 0.048332 0.025590 0.005546 0.005244 0.011952 0.949026 0.938809 0.907267 1643.704067 1872.941528 316.940082 1465.127848 1
6.684476 0.157846 0.842154 0.048332 0.000000 0.041290 0.065782 0.048332 0.025590 0.005546 0.005244 0.011952 0.949026 0.938809 0.907267 1643.675715 1759.236938 316.911816 1464.448908 0
6.732891 0.158618 0.841382 0.048332 0.000000 0.041290 0.065782 0.048332 0.025590 0.005546 0.005244 0.011952 0.949026 0.938809 0.907267 1643.584785 1650.325439 316.777985 1463.576790 0
6.775598 0.159032 0.840968 0.048332 0.000000 0.041290 0.065782 0.048332 0.025590 0.005546 0.005244 0.011952 0.949026 0.938809 0.907267 1643.557364 1643.647705 316.601378 1462.895534 0
6.807271 0.158371 0.841629 0.048332 0.000000 0.041290 0.065782 0.048332 0.025590 0.005546 0.005244 0.011952 0.949026 0.938809 0.907267 1643.552651 1647.050293 316.419524 1462.303170 0
6.830647 0.158443 0.841557 0.048332 0.000000 0.041290 0.065782 0.048332 0.025590 0.005546 0.005244 0.011952 0.949026 0.938809 0.907267 1643.497145 1655.103882 316.321236 1461.926550 0
6.849686 0.159366 0.840634 0.048332 0.000000 0.041290 0.065782 0.048332 0.025590 0.005546 0.005244 0.011952 0.949026 0.938809 0.907275 1643.478159 1652.473511 316.259673 1461.625427 0
6.866342 0.158809 0.841191 0.048332 0.000000 0.041290 0.065782 0.048332 0.025590 0.005546 0.005244 0.011952 0.949026 0.938809 0.907275 1643.507454 1650.013306 316.230131 1461.573637 0
6.882031 0.159374 0.840626 0.048332 0.000000 0.041290 0.065782 0.048332 0.025590 0.005546 0.005244 0.011952 0.949026 0.938809 0.907275 1643.370833 1646.106445 316.193449 1461.277517 0
6.897467 0.159732 0.840268 0.048332 0.000000 0.041290 0.065782 0.048332 0.025590 0.005546 0.005244 0.011952 0.949026 0.938809 0.907275 1643.370446 1644.182251 316.147099 1460.971617 0
6.913043 0.160106 0.839894 0.048332 0.000000 0.041290 0.065782 0.048332 0.025590 0.005546 0.005244 0.011952 0.949026 0.938809 0.907275 1643.393993 1643.911743 316.116752 1460.730500 0
6.929127 0.160337 0.839663 0.048332 0.000000 0.041290 0.065782 0.048332 0.025590 0.005546 0.005244 0.011952 0.949026 0.938809 0.907275 1643.457071 1643.735840 316.082616 1460.440793 0
6.945927 0.160225 0.839775 0.048332 0.000000 0.041290 0.065782 0.048332 0.025590 0.005546 0.005244 0.011952 0.949026 0.938809 0.907275 1643.509738 1673.802856 316.052261 1460.156562 0
6.963491 0.161093 0.838907 0.048332 0.000000 0.041290 0.065782 0.048332 0.025590 0.005546 0.005244 0.011952 0.949026 0.938809 0.907275 1643.475552 1663.051636 316.028761 1459.873930 0
6.981757 0.161268 0.838732 0.048332 0.000000 0.041290 0.065782 0.048332 0.025590 0.005546 0.005244 0.011952 0.949026 0.938809 0.907275 1643.433398 1652.354980 315.991223 1459.547103 0
7.001296 0.161339 0.838661 0.048332 0.000000 0.041290 0.065782 0.048332 0.025590 0.005546 0.005244 0.011952 0.949026 0.938809 0.907275 1643.527771 1645.296387 315.954098 1459.188363 0
7.022715 0.161236 0.838764 0.048332 0.000000 0.041290 0.065782 0.048332 0.025590 0.005546 0.005244 0.011952 0.949026 0.938809 0.907275 1643.399753 1664.045776 315.923638 1458.839101 0
7.046605 0.161411 0.838589 0.048332 0.000000 0.041290 0.065782 0.048332 0.025590 0.005546 0.005244 0.011952 0.949026 0.938809 0.907275 1643.423576 1708.055664 315.945141 1458.643338 0
7.073661 0.161244 0.838756 0.048332 0.000000 0.041290 0.065782 0.048332 0.025590 0.005546 0.005244 0.011952 0.949026 0.938809 0.907275 1643.404955 1687.028076 315.895860 1458.135054 0
7.098170 0.161196 0.838804 0.048332 0.000000 0.041290 0.065782 0.048332 0.025590 0.005546 0.005244 0.011952 0.949026 0.938809 0.907275 1643.331596 1741.566895 315.801675 1457.895640 0
7.118518 0.160934 0.839066 0.048332 0.000000 0.041290 0.065782 0.048332 0.025590 0.005546 0.005244 0.011952 0.949026 0.938809 0.907275 1643.269338 1697.192139 315.751240 1457.610178 0
7.137100 0.160878 0.839122 0.048332 0.000000 0.041290 0.065782 0.048332 0.025590 0.005546 0.005244 0.011952 0.949026 0.938809 0.907275 1643.352575 1675.482666 315.690025 1457.254599 0
7.154709 0.160257 0.839743 0.048332 0.000000 0.041290 0.065782 0.048332 0.025590 0.005546 0.005244 0.011952 0.949026 0.938809 0.907275 1643.385712 1758.978149 315.662238 1457.087962 0
7.172112 0.159637 0.840363 0.048332 0.000000 0.041290 0.065782 0.048332 0.025590 0.005546 0.005244 0.011952 0.949026 0.938809 0.907275 1643.340826 1652.903442 315.657899 1457.084356 0
7.189888 0.159668 0.840332 0.048332 0.000000 0.041290 0.065782 0.048332 0.025590 0.005546 0.005244 0.011952 0.949026 0.938809 0.907275 1643.296016 1680.694458 315.624143 1456.789668 0
7.208795 0.159430 0.840570 0.048332 0.000000 0.041290 0.065782 0.048332 0.025590 0.005546 0.005244 0.011952 0.949026 0.938809 0.907275 1643.227598 1692.070557 315.597125 1456.490321 0
7.229275 0.160448 0.839552 0.048332 0.000000 0.041290 0.065782 0.048332 0.025590 0.005546 0.005244 0.011952 0.949026 0.938809 0.907275 1643.279033 1684.112061 315.568433 1456.148864 0
7.251876 0.160003 0.839997 0.048332 0.000000 0.041290 0.065782 0.048332 0.025590 0.005546 0.005244 0.011952 0.949026 0.938809 0.907275 1643.392779 1905.096313 315.574985 1455.950314 1
7.276629 0.160552 0.839448 0.048332 0.000000 0.041290 0.065782 0.048332 0.025590 0.005546 0.005244 0.011952 0.949026 0.938809 0.907291 1643.037255 2105.136475 315.557317 1455.682757 2
7.301514 0.160798 0.839202 0.048332 0.000000 0.041290 0.065782 0.048332 0.025590 0.005546 0.005244 0.011952 0.949026 0.938809 0.907291 1642.928311 2041.575684 315.498833 1455.216606 2
7.328045 0.161315 0.838685 0.048332 0.000000 0.041290 0.065782 0.048332 0.025590 0.005546 0.005244 0.011952 0.949026 0.938809 0.907291 1642.894855 1980.860474 315.453590 1454.736442 1
7.357250 0.161451 0.838549 0.048332 0.000000 0.041290 0.065782 0.048332 0.025590 0.005546 0.005244 0.011952 0.949026 0.938809 0.907291 1642.830299 1905.041260 315.417673 1454.282986 1
7.387924 0.161180 0.838820 0.048332 0.000000 0.041290 0.065782 0.048332 0.025590 0.005546 0.005244 0.011952 0.949026 0.938809 0.907291 1642.834484 1829.747070 315.358756 1453.802938 1
7.417564 0.161268 0.838732 0.048332 0.000000 0.041290 0.065782 0.048332 0.025590 0.005546 0.005244 0.011952 0.949026 0.938809 0.907291 1642.818964 1762.542236 315.286671 1453.399644 0
7.444011 0.161952 0.838048 0.048332 0.000000 0.041290 0.065782 0.048332 0.025590 0.005546 0.005244 0.011952 0.949026 0.938809 0.907291 1642.771637 1706.803833 315.216368 1453.032756 0
7.469045 0.162437 0.837563 0.048332 0.000000 0.041290 0.065782 0.048332 0.025590 0.005546 0.005244 0.011952 0.949026 0.938809 0.907291 1642.613842 1657.030396 315.150341 1452.583041 0
7.497126 0.162087 0.837913 0.048332 0.000000 0.041290 0.065782 0.048332 0.025590 0.005546 0.005244 0.011952 0.949026 0.938809 0.907299 1642.549745 2063.692627 315.163796 1452.252715 3
7.526634 0.163345 0.836655 0.048332 0.000000 0.041290 0.065782 0.048332 0.025590 0.005546 0.005244 0.011952 0.949026 0.938809 0.907299 1642.664689 1726.202026 315.066635 1451.654715 0
7.553316 0.162533 0.837467 0.048332 0.000000 0.041290 0.065782 0.048332 0.025590 0.005546 0.005244 0.011952 0.949026 0.938809 0.907299 1642.616528 1910.520020 314.999734 1451.324762 1
7.579859 0.164650 0.835350 0.048332 0.000000 0.041290 0.065782 0.048332 0.025590 0.005546 0.005244 0.011952 0.949026 0.938809 0.907307 1642.457004 1913.296387 315.013472 1451.089217 1
7.606712 0.164817 0.835183 0.048332 0.000000 0.041290 0.065782 0.048332 0.025590 0.005546 0.005244 0.011952 0.949026 0.938809 0.907307 1642.614933 1850.079102 314.916371 1450.522628 1
7.634358 0.165135 0.834865 0.048332 0.000000 0.041290 0.065782 0.048332 0.025590 0.005546 0.005244 0.011952 0.949026 0.938809 0.907307 1642.537105 1788.376709 314.856999 1450.038669 0
7.662834 0.165469 0.834531 0.048332 0.000000 0.041290 0.065782 0.048332 0.025590 0.005546 0.005244 0.011952 0.949026 0.938809 0.907307 1642.549519 1727.950928 314.780266 1449.503902 0
7.690046 0.165581 0.834419 0.048332 0.000000 0.041290 0.065782 0.048332 0.025590 0.005546 0.005244 0.011952 0.949026 0.938809 0.907307 1642.426425 1674.008179 314.708906 1449.014755 0
7.716523 0.165827 0.834173 0.048332 0.000000 0.041290 0.065782 0.048332 0.025590 0.005546 0.005244 0.011952 0.949026 0.938809 0.907307 1642.333791 1656.900146 314.644472 1448.548778 0
7.743635 0.166225 0.833775 0.048332 0.000000 0.041290 0.065782 0.048332 0.025590 0.005546 0.005244 0.011952 0.949026 0.938809 0.907307 1642.314394 1648.504883 314.590550 1448.065724 0
7.773421 0.165214 0.834786 0.048332 0.000000 0.041290 0.065782 0.048332 0.025590 0.005546 0.005244 0.011952 0.949026 0.938809 0.907307 1642.339870 1700.827637 314.584686 1447.781444 0
7.808498 0.165469 0.834531 0.048332 0.000000 0.041290 0.065782 0.048332 0.025590 0.005546 0.005244 0.011952 0.949026 0.938809 0.907307 1642.360691 1701.468628 314.564079 1447.237584 0
7.850919 0.166169 0.833831 0.048332 0.000000 0.041290 0.065782 0.048332 0.025590 0.005546 0.005244 0.011952 0.949026 0.938809 0.907307 1642.401689 1687.478027 314.505450 1446.529189 0
7.892518 0.165970 0.834030 0.048332 0.000000 0.041290 0.065782 0.048332 0.025590 0.005546 0.005244 0.011952 0.949026 0.938809 0.907307 1642.370665 1674.939209 314.409491 1445.924359 0
7.931970 0.166679 0.833321 0.048332 0.000000 0.041290 0.065782 0.048332 0.025590 0.005546 0.005244 0.011952 0.949026 0.938809 0.907307 1642.438268 1664.348389 314.311477 1445.265552 0
7.969807 0.167299 0.832701 0.048332 0.000000 0.041290 0.065782 0.048332 0.025590 0.005546 0.005244 0.011952 0.949026 0.938809 0.907307 1642.025482 1655.232422 314.212257 1444.626768 0
8.006309 0.167769 0.832231 0.048332 0.000000 0.041290 0.065782 0.048332 0.025590 0.005546 0.005244 0.011952 0.949026 0.938809 0.907307 1642.096815 1646.827759 314.132597 1444.037701 0
8.043822 0.167554 0.832446 0.048332 0.000000 0.041290 0.065782 0.048332 0.025590 0.005546 0.005244 0.011952 0.949026 0.938809 0.907307 1642.103949 1645.316528 314.080278 1443.506647 0
8.086523 0.168079 0.831921 0.048332 0.000000 0.041290 0.065782 0.048332 0.025590 0.005546 0.005244 0.011952 0.949026 0.938809 0.907307 1641.927969 1642.405396 314.078113 1442.963063 0
8.130769 0.168803 0.831197 0.048332 0.000000 0.041290 0.065782 0.048332 0.025590 0.005546 0.005244 0.011952 0.949026 0.938809 0.907307 1641.951210 1642.061279 313.961222 1442.223793 0
8.171989 0.169503 0.830497 0.048332 0.000000 0.041290 0.065782 0.048332 0.025590 0.005546 0.005244 0.011952 0.949026 0.938809 0.907307 1641.960933 1642.081787 313.837800 1441.533718 0
8.207989 0.170609 0.829391 0.048332 0.000000 0.041290 0.065782 0.048332 0.025590 0.005546 0.005244 0.011952 0.949026 0.938809 0.907307 1641.984225 1642.099487 313.749889 1441.083308 0
8.239745 0.171246 0.828754 0.048332 0.000000 0.041290 0.065782 0.048332 0.025590 0.005546 0.005244 0.011952 0.949026 0.938809 0.907307 1641.988541 1647.653931 313.647856 1440.528860 0
8.267677 0.171071 0.828929 0.048332 0.000000 0.041290 0.065782 0.048332 0.025590 0.005546 0.005244 0.011952 0.949026 0.938809 0.907307 1641.789461 1656.194336 313.568223 1440.158971 0
8.292888 0.171477 0.828523 0.048332 0.000000 0.041290 0.065782 0.048332 0.025590 0.005546 0.005244 0.011952 0.949026 0.938809 0.907307 1641.749184 1656.259033 313.499446 1439.733893 0
8.316980 0.171859 0.828141 0.048332 0.000000 0.041290 0.065782 0.048332 0.025590 0.005546 0.005244 0.011952 0.949026 0.938809 0.907307 1641.677353 1656.895142 313.440410 1439.335486 0
8.340597 0.172137 0.827863 0.048332 0.000000 0.041290 0.065782 0.048332 0.025590 0.005546 0.005244 0.011952 0.949026 0.938809 0.907307 1641.742165 1657.994507 313.385645 1438.949829 0
8.363448 0.172503 0.827497 0.048332 0.000000 0.041290 0.065782 0.048332 0.025590 0.005546 0.005244 0.011952 0.949026 0.938809 0.907307 1641.775832 1658.422363 313.332423 1438.584678 0
8.386111 0.172822 0.827178 0.048332 0.000000 0.041290 0.065782 0.048332 0.025590 0.005546 0.005244 0.011952 0.949026 0.938809 0.907307 1641.785646 1656.042725 313.286587 1438.222131 0
8.409226 0.173227 0.826773 0.048332 0.000000 0.041290 0.065782 0.048332 0.025590 0.005546 0.005244 0.011952 0.949026 0.938809 0.907307 1641.766723 1653.038452 313.243057 1437.855676 0
8.433656 0.172726 0.827274 0.048332 0.000000 0.041290 0.065782 0.048332 0.025590 0.005546 0.005244 0.011952 0.949026 0.938809 0.907307 1641.726800 1649.973145 313.219556 1437.562829 0
8.460844 0.173196 0.826804 0.048332 0.000000 0.041290 0.065782 0.048332 0.025590 0.005546 0.005244 0.011952 0.949026 0.938809 0.907307 1641.768867 1646.665161 313.187812 1437.149871 0
8.491850 0.173737 0.826263 0.048332 0.000000 0.041290 0.065782 0.048332 0.025590 0.005546 0.005244 0.011952 0.949026 0.938809 0.907307 1641.783747 1643.070312 313.156415 1436.681671 0
8.529130 0.174349 0.825651 0.048332 0.000000 0.041290 0.065782 0.048332 0.025590 0.005546 0.005244 0.011952 0.949026 0.938809 0.907307 1641.758342 1641.892456 313.137711 1436.132275 0
8.576703 0.174676 0.825324 0.048332 0.000000 0.041290 0.065782 0.048332 0.025590 0.005546 0.005244 0.011952 0.949026 0.938809 0.907307 1641.733889 1641.887451 313.146205 1435.521422 0
8.636162 0.175614 0.824386 0.048332 0.000000 0.041290 0.065782 0.048332 0.025590 0.005546 0.005244 0.011952 0.949026 0.938809 0.907307 1641.698470 1641.873169 313.097752 1434.665333 0
8.700326 0.176617 0.823383 0.048332 0.000000 0.041290 0.065782 0.048332 0.025590 0.005546 0.005244 0.011952 0.949026 0.938809 0.907307 1641.559591 1641.840332 312.996283 1433.729506 0
8.766690 0.177604 0.822396 0.048332 0.000000 0.041290 0.065782 0.048332 0.025590 0.005546 0.005244 0.011952 0.949026 0.938809 0.907307 1641.014471 1641.362549 312.892947 1432.770505 0
8.834374 0.178789 0.821211 0.048332 0.000000 0.041290 0.065782 0.048332 0.025590 0.005546 0.005244 0.011952 0.949026 0.938809 0.907307 1640.927457 1641.193359 312.770201 1431.788673 0
8.901355 0.179673 0.820327 0.048332 0.000000 0.041290 0.065782 0.048332 0.025590 0.005546 0.005244 0.011952 0.949026 0.938809 0.907307 1640.843634 1641.117432 312.603247 1430.817704 0
8.959703 0.180413 0.819587 0.048332 0.000000 0.041290 0.065782 0.048332 0.025590 0.005546 0.005244 0.011952 0.949026 0.938809 0.907307 1640.767435 1641.056030 312.448512 1429.968084 0
9.014798 0.181169 0.818831 0.048332 0.000000 0.041290 0.065782 0.048332 0.025590 0.005546 0.005244 0.011952 0.949026 0.938809 0.907307 1640.676010 1640.984863 312.332651 1429.180246 0
9.070598 0.182052 0.817948 0.048332 0.000000 0.041290 0.065782 0.048332 0.025590 0.005546 0.005244 0.011952 0.949026 0.938809 0.907307 1640.558933 1640.915649 312.247570 1428.398214 0
9.132345 0.182927 0.817073 0.048332 0.000000 0.041290 0.065782 0.048332 0.025590 0.005546 0.005244 0.011952 0.949026 0.938809 0.907307 1640.498023 1640.796997 312.192040 1427.556145 0
9.194089 0.183747 0.816253 0.048332 0.000000 0.041290 0.065782 0.048332 0.025590 0.005546 0.005244 0.011952 0.949026 0.938809 0.907307 1640.393260 1640.697266 312.020178 1426.698373 0
9.245927 0.184487 0.815513 0.048332 0.000000 0.041290 0.065782 0.048332 0.025590 0.005546 0.005244 0.011952 0.949026 0.938809 0.907307 1640.353379 1640.599121 311.881181 1425.969713 0
9.294927 0.185179 0.814821 0.048332 0.000000 0.041290 0.065782 0.048332 0.025590 0.005546 0.005244 0.011952 0.949026 0.938809 0.907307 1640.260193 1640.526978 311.793463 1425.297065 0
9.347659 0.185959 0.814041 0.048332 0.000000 0.041290 0.065782 0.048332 0.025590 0.005546 0.005244 0.011952 0.949026 0.938809 0.907307 1640.137858 1640.426392 311.737823 1424.596259 0
9.408119 0.186715 0.813285 0.048332 0.000000 0.041290 0.065782 0.048332 0.025590 0.005546 0.005244 0.011952 0.949026 0.938809 0.907307 1640.005693 1640.257446 311.692652 1423.804137 0
9.480643 0.187749 0.812251 0.048332 0.000000 0.041290 0.065782 0.048332 0.025590 0.005546 0.005244 0.011952 0.949026 0.938809 0.907307 1639.808224 1640.075562 311.655955 1422.875495 0
9.568213 0.188760 0.811240 0.048332 0.000000 0.041290 0.065782 0.048332 0.025590 0.005546 0.005244 0.011952 0.949026 0.938809 0.907307 1639.489378 1639.821777 311.614322 1421.771290 0
9.677458 0.190152 0.809848 0.048332 0.000000 0.041290 0.065782 0.048332 0.025590 0.005546 0.005244 0.011952 0.949026 0.938809 0.907307 1639.276597 1639.531250 311.592764 1420.424791 0
9.816282 0.191951 0.808049 0.048332 0.000000 0.041290 0.065782 0.048332 0.025590 0.005546 0.005244 0.011952 0.949026 0.938809 0.907307 1639.066930 1639.410034 311.514375 1418.731381 0
9.950874 0.193590 0.806410 0.048332 0.000000 0.041290 0.065782 0.048332 0.025590 0.005546 0.005244 0.011952 0.949026 0.938809 0.907307 1638.706507 1639.179688 311.169277 1417.026285 0
10.067819 0.195221 0.804779 0.048332 0.000000 0.041290 0.065782 0.048332 0.025590 0.005546 0.005244 0.011952 0.949026 0.938809 0.907307 1638.381326 1638.944336 310.914320 1415.556485 0
10.180470 0.196470 0.803530 0.048332 0.000000 0.041290 0.065782 0.048332 0.025590 0.005546 0.005244 0.011952 0.949026 0.938809 0.907307 1637.965379 1638.685059 310.723780 1414.173678 0
10.295662 0.197966 0.802034 0.048332 0.000000 0.041290 0.065782 0.048332 0.025590 0.005546 0.005244 0.011952 0.949026 0.938809 0.907307 1637.460709 1638.245239 310.565259 1412.796672 0
10.420186 0.199422 0.800578 0.048332 0.000000 0.041290 0.065782 0.048332 0.025590 0.005546 0.005244 0.011952 0.949026 0.938809 0.907307 1636.886302 1637.753906 310.444550 1411.349028 0
10.550485 0.201077 0.798923 0.048332 0.000000 0.041290 0.065782 0.048332 0.025590 0.005546 0.005244 0.011952 0.949026 0.938809 0.907307 1636.438947 1636.993164 310.213732 1409.826211 0
10.669912 0.202215 0.797785 0.048332 0.000000 0.041290 0.065782 0.048332 0.025590 0.005546 0.005244 0.011952 0.949026 0.938809 0.907307 1636.140501 1636.534790 309.990670 1408.430897 0
10.791208 0.203528 0.796472 0.048332 0.000000 0.041290 0.065782 0.048332 0.025590 0.005546 0.005244 0.011952 0.949026 0.938809 0.907307 1635.569499 1636.137329 309.848134 1407.056581 0
10.914821 0.204849 0.795151 0.048332 0.000000 0.041290 0.065782 0.048332 0.025590 0.005546 0.005244 0.011952 0.949026 0.938809 0.907307 1634.964799 1635.535889 309.653754 1405.659628 0
