1.200000 1.000000 0.000000 0.000000 1.000000 1.000000 1.000000 1.000000 0.000000 0.000000 0.000000 0.000000 0.000000 0.000000 0.000000 150.000000 150.000000 150.000000 150.000000 0
1.201493 1.000000 0.000000 0.000000 1.000000 1.000000 1.000000 1.000000 0.000000 0.000000 0.000000 0.000000 0.000000 0.000000 0.000000 152.178276 152.179031 150.294598 152.148232 0
1.226493 1.000000 0.000000 0.000000 1.000000 1.000000 1.000000 1.000000 0.000000 0.000000 0.000000 0.000000 0.000000 0.000000 0.000000 188.316910 188.316910 156.792295 187.149443 0
1.251411 1.000000 0.000000 0.000000 1.000000 1.000000 1.000000 1.000000 0.000000 0.000000 0.000000 0.000000 0.000000 0.000000 0.000000 223.486789 223.486801 161.678506 220.476520 0
1.274739 1.000000 0.000000 0.000000 1.000000 1.000000 1.000000 1.000000 0.000000 0.000000 0.000000 0.000000 0.000000 0.000000 0.000000 255.645671 255.645691 165.630100 250.593129 0
1.297263 1.000000 0.000000 0.916076 0.083924 1.000000 1.000000 1.000000 0.916076 0.000000 0.000000 0.000000 0.000000 0.000000 0.000000 286.012537 286.012573 169.295730 278.857421 0
1.319557 1.000000 0.000000 0.926738 0.073262 1.000000 1.000000 1.000000 0.926738 0.000000 0.000000 0.000000 0.000000 0.000000 0.000000 315.424729 315.424744 172.811017 306.128342 0
1.341805 1.000000 0.000000 0.930351 0.069649 1.000000 1.000000 1.000000 0.930351 0.000000 0.000000 0.000000 0.000000 0.000000 0.000000 344.149301 344.149323 176.219510 332.685396 0
1.364079 1.000000 0.000000 0.932197 0.067803 1.000000 1.000000 1.000000 0.932197 0.000000 0.000000 0.000000 0.000000 0.000000 0.000000 372.297286 372.297302 179.540921 358.648617 0
1.386420 1.000000 0.000000 0.933422 0.066578 1.000000 1.000000 1.000000 0.933422 0.000000 0.000000 0.000000 0.000000 0.000000 0.000000 399.927296 399.927338 182.786732 384.082870 0
1.408851 1.000000 0.000000 0.934051 0.065949 1.000000 1.000000 1.000000 0.934051 0.000000 0.000000 0.000000 0.000000 0.000000 0.000000 427.074743 427.074768 185.964052 409.028239 0
1.524823 1.000000 0.000000 0.935738 0.064262 1.000000 1.000000 1.000000 0.935738 0.000000 0.000000 0.000000 0.000000 0.000000 0.000000 557.848658 557.848694 201.137507 528.665332 0
1.643713 1.000000 0.000000 0.936406 0.063594 1.000000 1.000000 1.000000 0.936406 0.000000 0.000000 0.000000 0.000000 0.000000 0.000000 673.275836 673.275879 214.280663 633.609940 0
1.767111 1.000000 0.000000 0.936804 0.063196 1.000000 1.000000 1.000000 0.105950 0.830855 0.000000 0.000000 0.000000 0.000000 0.000000 776.961119 776.961182 226.258001 727.317564 0
1.893331 1.000000 0.000000 0.937027 0.062973 1.000000 1.000000 1.000000 0.042841 0.894186 0.000000 0.000000 0.000000 0.000000 0.000000 869.316270 869.316284 236.625160 810.241186 0
2.020730 1.000000 0.000000 0.937138 0.062862 1.000000 1.000000 1.000000 0.035011 0.019885 0.882242 0.000000 0.000000 0.000000 0.000000 950.729274 950.729309 245.665080 882.838891 0
2.148230 1.000000 0.000000 0.937266 0.062734 1.000000 1.000000 1.000000 0.032115 0.013233 0.026298 0.865620 0.000000 0.000000 0.000000 1022.057066 1022.057129 253.474066 945.977345 0
2.275628 1.000000 0.000000 0.937361 0.062639 0.173283 1.000000 1.000000 0.030882 0.010273 0.016933 0.879274 0.000000 0.000000 0.000000 1084.523536 1084.523560 260.224603 1000.915978 0
2.402422 1.000000 0.000000 0.937465 0.062535 0.138900 1.000000 1.000000 0.030452 0.008960 0.013352 0.884701 0.000000 0.000000 0.000000 1139.075752 1139.075806 266.149442 1048.490247 0
2.529922 1.000000 0.000000 0.937584 0.062416 0.129710 1.000000 1.000000 0.030428 0.008283 0.011299 0.887573 0.000000 0.000000 0.000000 1187.257815 1187.257812 271.285233 1090.201092 0
2.657422 1.000000 0.000000 0.142958 0.062368 0.125461 1.000000 0.205327 0.030452 0.008021 0.010249 0.094237 0.000000 0.000000 0.000000 1229.672780 1229.672852 275.762209 1126.560503 0
2.784922 1.000000 0.000000 0.101311 0.062344 0.123304 1.000000 0.163655 0.030476 0.007997 0.009652 0.053186 0.000000 0.000000 0.000000 1267.011149 1267.011230 279.626612 1158.254263 0
2.912422 1.000000 0.000000 0.091563 0.062328 0.122254 1.000000 0.153891 0.030492 0.007997 0.009485 0.043589 0.818593 0.000000 0.000000 1299.902993 1299.903076 283.025023 1185.915929 0
3.039922 1.000000 0.000000 0.086693 0.062313 0.121816 1.000000 0.149006 0.030508 0.007997 0.009461 0.038727 0.833481 0.000000 0.000000 1328.890154 1328.890137 285.977721 1210.003698 0
3.167422 1.000000 0.000000 0.083765 0.062313 0.121729 1.000000 0.146078 0.030508 0.007997 0.009461 0.035799 0.839687 0.000000 0.000000 1354.441183 1354.441162 288.522629 1230.938088 0
3.294922 1.000000 0.000000 0.082309 0.062313 0.121729 1.000000 0.144621 0.030508 0.007997 0.009461 0.034343 0.843077 0.000000 0.000000 1376.972040 1376.972046 290.743048 1249.156636 0
3.422422 1.000000 0.000000 0.081728 0.062313 0.121729 1.000000 0.144040 0.030508 0.007997 0.009461 0.033762 0.844923 0.000000 0.000000 1396.844286 1396.844360 292.655355 1264.961623 0
3.549922 1.000000 0.000000 0.081585 0.062305 0.121729 1.000000 0.143889 0.030516 0.007997 0.009461 0.033611 0.845830 0.000000 0.000000 1414.379189 1414.379272 294.309108 1278.663319 0
3.677422 0.232620 0.767380 0.081585 0.062305 0.121729 1.000000 0.143889 0.030516 0.007997 0.009461 0.033611 0.846077 0.772218 0.000000 1428.187049 1428.187378 295.477507 1288.381778 0
3.804922 0.215551 0.784449 0.081585 0.062305 0.121729 1.000000 0.143889 0.030516 0.007997 0.009461 0.033611 0.846085 0.786756 0.000000 1436.747283 1436.747681 296.209570 1294.683658 0
3.932422 0.208239 0.791761 0.081585 0.062305 0.121729 1.000000 0.143889 0.030516 0.007997 0.009461 0.033611 0.846085 0.793480 0.000000 1444.314968 1444.315308 296.816668 1299.994368 0
4.059922 0.204125 0.795875 0.081585 0.062305 0.121729 1.000000 0.143889 0.030516 0.007997 0.009461 0.033611 0.846085 0.797013 0.000000 1451.004405 1451.004761 297.336087 1304.477747 0
4.187422 0.202160 0.797840 0.081585 0.062305 0.121729 1.000000 0.143889 0.030516 0.007997 0.009461 0.033611 0.846085 0.799074 0.000000 1456.917872 1456.918213 297.762883 1308.236167 0
4.314922 0.200974 0.799026 0.081585 0.062305 0.121729 1.000000 0.143889 0.030516 0.007997 0.009461 0.033611 0.846085 0.800045 0.000000 1462.144662 1462.145020 298.118338 1311.364984 0
4.442422 0.200632 0.799368 0.081585 0.062305 0.121729 1.000000 0.143889 0.030516 0.007997 0.009461 0.033611 0.846085 0.800339 0.000000 1466.768175 1466.768555 298.393853 1313.926925 0
4.569922 0.200743 0.799257 0.081585 0.062305 0.121729 1.000000 0.143889 0.030516 0.007997 0.009461 0.033611 0.846085 0.800339 0.000000 1470.854945 1470.855347 298.622358 1316.023681 0
4.697422 0.201308 0.798692 0.081585 0.062305 0.121729 0.332307 0.143889 0.030516 0.007997 0.009461 0.033611 0.846085 0.800339 0.000000 1474.470155 1474.470581 298.803934 1317.698322 0
4.824922 0.202175 0.797825 0.081585 0.062305 0.121729 0.275803 0.143889 0.030516 0.007997 0.009461 0.033611 0.846085 0.800339 0.000000 1477.668893 1477.669312 298.928681 1318.991790 0
4.952422 0.203130 0.796870 0.081585 0.062305 0.121729 0.263891 0.143889 0.030516 0.007997 0.009461 0.033611 0.846085 0.800339 0.000000 1480.499229 1480.499634 299.027539 1319.984482 0
5.079922 0.204260 0.795740 0.081585 0.062305 0.121729 0.258075 0.143889 0.030516 0.007997 0.009461 0.033611 0.846085 0.800339 0.000000 1483.003725 1483.004150 299.088858 1320.681514 0
5.207422 0.205557 0.794443 0.081585 0.062305 0.121729 0.255099 0.143889 0.030516 0.007997 0.009461 0.033611 0.846085 0.800339 0.000000 1485.219634 1485.220093 299.116727 1321.131784 0
5.334922 0.207021 0.792979 0.081585 0.062305 0.121729 0.253356 0.143889 0.030516 0.007997 0.009461 0.033611 0.846085 0.800339 0.000000 1487.181244 1487.181763 299.126322 1321.373686 0
5.462422 0.208692 0.791308 0.081585 0.062305 0.121729 0.252481 0.143889 0.030516 0.007997 0.009461 0.033611 0.846085 0.800339 0.000000 1488.918186 1488.918701 299.113093 1321.427950 0
5.589922 0.210212 0.789788 0.081585 0.062305 0.121729 0.252162 0.143889 0.030516 0.007997 0.009461 0.033611 0.846085 0.800339 0.000000 1490.456372 1490.456909 299.071816 1321.308603 0
5.717422 0.211788 0.788212 0.081585 0.062305 0.121729 0.252067 0.143889 0.030516 0.007997 0.009461 0.033611 0.846085 0.800339 0.000000 1491.819340 1491.819824 299.022077 1321.060516 0
5.844922 0.213610 0.786390 0.081585 0.062305 0.121729 0.252027 0.143889 0.030516 0.007997 0.009461 0.033611 0.846085 0.800339 0.000000 1493.026155 1493.026611 298.956832 1320.685166 0
5.972422 0.215384 0.784616 0.081585 0.062305 0.121729 0.251971 0.143889 0.030516 0.007997 0.009461 0.033611 0.846085 0.800339 0.000000 1494.094031 1494.094604 298.881875 1320.205318 0
6.099922 0.217032 0.782968 0.081585 0.062305 0.121729 0.251916 0.143889 0.030516 0.007997 0.009461 0.033611 0.846085 0.800339 0.000000 1495.040892 1495.041382 298.791820 1319.627202 0
6.227422 0.218878 0.781122 0.081585 0.062305 0.121729 0.251868 0.143889 0.030516 0.007997 0.009461 0.033611 0.846085 0.800339 0.000000 1495.880591 1495.881104 298.695266 1318.973487 0
6.354922 0.220469 0.779531 0.081585 0.062305 0.121729 0.251796 0.143889 0.030516 0.007997 0.009461 0.033611 0.846085 0.800339 0.000000 1496.625548 1496.626099 298.589870 1318.248287 0
6.482422 0.222363 0.777637 0.081585 0.062305 0.121729 0.251725 0.143889 0.030516 0.007997 0.009461 0.033611 0.846085 0.800339 0.000000 1497.286811 1497.287354 298.477002 1317.466625 0
6.609922 0.224002 0.775998 0.081585 0.062305 0.121729 0.251613 0.143889 0.030516 0.007997 0.009461 0.033611 0.846085 0.800339 0.000000 1497.874094 1497.874756 298.361463 1316.636106 0
6.737422 0.225768 0.774232 0.081585 0.062305 0.121729 0.251518 0.143889 0.030516 0.007997 0.009461 0.033611 0.846085 0.800339 0.000000 1498.396081 1498.396729 298.238316 1315.760271 0
6.864922 0.227368 0.772632 0.081585 0.062305 0.121729 0.251327 0.143889 0.030516 0.007997 0.009461 0.033611 0.846085 0.800339 0.000000 1498.860100 1498.860718 298.112969 1314.851078 0
6.992422 0.229134 0.770866 0.081585 0.062305 0.121729 0.251152 0.143889 0.030516 0.007997 0.009461 0.033611 0.846085 0.800339 0.000000 1499.272975 1499.273682 297.983336 1313.911259 0
7.119922 0.230710 0.769290 0.081585 0.062305 0.121729 0.251009 0.143889 0.030516 0.007997 0.009461 0.033611 0.846085 0.800339 0.000000 1499.640549 1499.641235 297.852622 1312.948837 0
7.247422 0.232262 0.767738 0.081585 0.062305 0.121729 0.250818 0.143889 0.030516 0.007997 0.009461 0.033611 0.846085 0.800339 0.000000 1499.968303 1499.968994 297.718810 1311.965748 0
7.374922 0.233781 0.766219 0.081585 0.062305 0.121729 0.250547 0.143889 0.030516 0.007997 0.009461 0.033611 0.846085 0.800339 0.000000 1500.260738 1500.261353 297.583736 1310.967892 0
7.500569 0.235373 0.764627 0.081585 0.062305 0.121729 0.250269 0.143889 0.030516 0.007997 0.009461 0.033611 0.846085 0.800339 0.000000 1500.518194 1500.518921 297.413679 1309.962684 0
7.608376 0.236885 0.763115 0.081585 0.062305 0.121729 0.250006 0.143889 0.030516 0.007997 0.009461 0.033611 0.846085 0.800339 0.000000 1500.717447 1500.718140 297.219283 1309.070008 0
7.702273 0.237983 0.762017 0.081585 0.062305 0.121729 0.249624 0.143889 0.030516 0.007997 0.009461 0.033611 0.846085 0.800339 0.000000 1500.876244 1500.877075 297.064718 1308.286653 0
7.787295 0.239200 0.760800 0.081585 0.062305 0.121729 0.249147 0.143889 0.030516 0.007997 0.009461 0.033611 0.846085 0.800339 0.000000 1501.009225 1501.010376 296.940410 1307.579818 0
7.867094 0.240028 0.759972 0.081585 0.062305 0.121729 0.248781 0.143889 0.030516 0.007997 0.009461 0.033611 0.846085 0.800339 0.000000 1501.125825 1501.126953 296.837552 1306.919208 0
7.945169 0.241054 0.758946 0.081585 0.062305 0.121729 0.248399 0.143889 0.030516 0.007997 0.009461 0.033611 0.846085 0.800339 0.000000 1501.232735 1501.234009 296.750524 1306.277396 0
8.024466 0.242128 0.757872 0.081585 0.062305 0.121729 0.248152 0.143889 0.030516 0.007997 0.009461 0.033611 0.846085 0.800339 0.000000 1501.333383 1501.334473 296.674670 1305.629361 0
8.106532 0.243139 0.756861 0.081585 0.062305 0.121729 0.247802 0.143889 0.030516 0.007997 0.009461 0.033611 0.846085 0.800339 0.000000 1501.431899 1501.432861 296.591817 1304.961183 0
8.185819 0.244054 0.755946 0.081585 0.062305 0.121729 0.247484 0.143889 0.030516 0.007997 0.009461 0.033611 0.846085 0.800339 0.000000 1501.521315 1501.522095 296.492035 1304.306818 0
8.262918 0.245025 0.754975 0.081585 0.062305 0.121729 0.247332 0.143889 0.030516 0.007997 0.009461 0.033611 0.846085 0.800339 0.000000 1501.602134 1501.603271 296.403864 1303.671087 0
8.340106 0.245956 0.754044 0.081585 0.062305 0.121729 0.247157 0.143889 0.030516 0.007997 0.009461 0.033611 0.846085 0.800339 0.000000 1501.677385 1501.678711 296.324227 1303.038484 0
8.418960 0.246990 0.753010 0.081585 0.062305 0.121729 0.247014 0.143889 0.030516 0.007997 0.009461 0.033611 0.846085 0.800339 0.000000 1501.752426 1501.753418 296.248307 1302.396621 0
8.500034 0.248064 0.751936 0.081585 0.062305 0.121729 0.246903 0.143889 0.030516 0.007997 0.009461 0.033611 0.846085 0.800339 0.000000 1501.822292 1501.823242 296.171332 1301.737699 0
8.583926 0.249035 0.750965 0.081585 0.062305 0.121729 0.246783 0.143889 0.030516 0.007997 0.009461 0.033611 0.846085 0.800339 0.000000 1501.890524 1501.891724 296.094950 1301.059113 0
8.671727 0.250173 0.749827 0.081585 0.062305 0.121729 0.246680 0.143889 0.030516 0.007997 0.009461 0.033611 0.846085 0.800339 0.000000 1501.958891 1501.960205 296.019802 1300.352950 0
8.765229 0.251327 0.748673 0.081585 0.062305 0.121729 0.246537 0.143889 0.030516 0.007997 0.009461 0.033611 0.846085 0.800339 0.000000 1502.027782 1502.028687 295.946940 1299.606229 0
8.866019 0.252616 0.747384 0.081585 0.062305 0.121729 0.246449 0.143889 0.030516 0.007997 0.009461 0.033611 0.846085 0.800339 0.000000 1502.095818 1502.097168 295.868583 1298.804103 0
8.972661 0.253794 0.746206 0.081585 0.062305 0.121729 0.246378 0.143889 0.030516 0.007997 0.009461 0.033611 0.846085 0.800339 0.000000 1502.163994 1502.165649 295.775268 1297.956547 0
9.082873 0.255083 0.744917 0.081585 0.062305 0.121729 0.246274 0.143889 0.030516 0.007997 0.009461 0.033611 0.846085 0.800339 0.000000 1502.226968 1502.228760 295.670586 1297.081248 0
9.194550 0.256221 0.743779 0.081585 0.062305 0.121729 0.246147 0.143889 0.030516 0.007997 0.009461 0.033611 0.846085 0.800339 0.000000 1502.285778 1502.288940 295.556849 1296.195698 0
9.304898 0.257406 0.742594 0.081585 0.062305 0.121729 0.246091 0.143889 0.030516 0.007997 0.009461 0.033611 0.846085 0.800339 0.000000 1502.340628 1502.343384 295.427538 1295.319710 0
9.409826 0.258536 0.741464 0.081585 0.062305 0.121729 0.245996 0.143889 0.030516 0.007997 0.009461 0.033611 0.846085 0.800339 0.000000 1502.384961 1502.390869 295.307916 1294.487622 0
9.515468 0.259666 0.740334 0.081585 0.062305 0.121729 0.245932 0.143889 0.030516 0.007997 0.009461 0.033611 0.846085 0.800339 0.000000 1502.427757 1502.434937 295.203231 1293.660855 0
9.621004 0.260820 0.739180 0.081585 0.062305 0.121729 0.245852 0.143889 0.030516 0.007997 0.009461 0.033611 0.846085 0.800339 0.000000 1502.467198 1502.472534 295.096218 1292.838470 0
9.728714 0.261958 0.738042 0.081585 0.062305 0.121729 0.245773 0.143889 0.030516 0.007997 0.009461 0.033611 0.846085 0.800339 0.000000 1502.506007 1502.512817 294.999584 1292.007252 0
9.840999 0.263048 0.736952 0.081585 0.062305 0.121729 0.245725 0.143889 0.030516 0.007997 0.009461 0.033611 0.846085 0.800339 0.000000 1502.547967 1502.554077 294.903066 1291.148570 0
9.955638 0.264257 0.735743 0.081585 0.062305 0.121729 0.245677 0.143889 0.030516 0.007997 0.009461 0.033611 0.846085 0.800339 0.000000 1502.586321 1502.591919 294.782362 1290.272779 0
10.063009 0.265148 0.734852 0.081585 0.062305 0.121729 0.245574 0.143889 0.030516 0.007997 0.009461 0.033611 0.846085 0.800339 0.000000 1502.623677 1502.627319 294.644968 1289.446612 0
10.162841 0.266294 0.733706 0.081585 0.062305 0.121729 0.245534 0.143889 0.030516 0.007997 0.009461 0.033611 0.846085 0.800339 0.000000 1502.652040 1502.658447 294.526888 1288.682645 0
10.260826 0.267281 0.732719 0.081585 0.062305 0.121729 0.245510 0.143889 0.030516 0.007997 0.009461 0.033611 0.846085 0.800339 0.000000 1502.684507 1502.689575 294.431753 1287.943371 0
10.360844 0.268331 0.731669 0.081585 0.062305 0.121729 0.245478 0.143889 0.030516 0.007997 0.009461 0.033611 0.846085 0.800339 0.000000 1502.716367 1502.720703 294.343043 1287.197494 0
10.464734 0.269342 0.730658 0.081585 0.062305 0.121729 0.245462 0.143889 0.030516 0.007997 0.009461 0.033611 0.846085 0.800339 0.000000 1502.746275 1502.751831 294.258186 1286.430946 0
10.572246 0.270440 0.729560 0.081585 0.062305 0.121729 0.245439 0.143889 0.030516 0.007997 0.009461 0.033611 0.846085 0.800339 0.000000 1502.777709 1502.782227 294.160825 1285.641042 0
10.679796 0.271427 0.728573 0.081585 0.062305 0.121729 0.245431 0.143889 0.030516 0.007997 0.009461 0.033611 0.846085 0.800339 0.000000 1502.801249 1502.807129 294.058310 1284.852714 0
10.786915 0.272493 0.727507 0.081585 0.062305 0.121729 0.245399 0.143889 0.030516 0.007997 0.009461 0.033611 0.846085 0.800339 0.000000 1502.825643 1502.832031 293.952420 1284.071057 0
10.892873 0.273623 0.726377 0.081585 0.062305 0.121729 0.245383 0.143889 0.030516 0.007997 0.009461 0.033611 0.846085 0.800339 0.000000 1502.851611 1502.856934 293.852931 1283.302581 0
