0.600000 1.000000 0.000000 0.000000 1.000000 1.000000 1.000000 1.000000 0.000000 0.000000 0.000000 0.000000 0.000000 0.000000 0.000000 150.000000 150.000000 150.000000 150.000000 0
0.601493 1.000000 0.000000 0.000000 1.000000 1.000000 1.000000 1.000000 0.000000 0.000000 0.000000 0.000000 0.000000 0.000000 0.000000 153.890209 153.891571 150.526126 153.836554 0
0.624967 1.000000 0.000000 0.000000 1.000000 1.000000 1.000000 1.000000 0.000000 0.000000 0.000000 0.000000 0.000000 0.000000 0.000000 214.527721 214.527725 160.949245 212.561355 0
0.642533 1.000000 0.000000 0.000000 1.000000 1.000000 1.000000 1.000000 0.000000 0.000000 0.000000 0.000000 0.000000 0.000000 0.000000 258.980566 258.980560 166.458163 254.610514 0
0.658566 1.000000 0.000000 0.928195 0.071805 1.000000 1.000000 1.000000 0.928195 0.000000 0.000000 0.000000 0.000000 0.000000 0.000000 298.892567 298.892578 171.304603 292.033093 0
0.674101 1.000000 0.000000 0.935666 0.064334 1.000000 1.000000 1.000000 0.935666 0.000000 0.000000 0.000000 0.000000 0.000000 0.000000 336.975260 336.975281 175.888323 327.567711 0
0.689441 1.000000 0.000000 0.938420 0.061580 1.000000 1.000000 1.000000 0.938420 0.000000 0.000000 0.000000 0.000000 0.000000 0.000000 374.021791 374.021820 180.319801 362.021080 0
0.704707 1.000000 0.000000 0.939979 0.060021 1.000000 1.000000 1.000000 0.939979 0.000000 0.000000 0.000000 0.000000 0.000000 0.000000 410.349223 410.349243 184.643680 395.720063 0
0.719957 1.000000 0.000000 0.940886 0.059114 1.000000 1.000000 1.000000 0.940886 0.000000 0.000000 0.000000 0.000000 0.000000 0.000000 446.106063 446.106079 188.881929 428.820863 0
0.735220 1.000000 0.000000 0.941396 0.058604 1.000000 1.000000 1.000000 0.941396 0.000000 0.000000 0.000000 0.000000 0.000000 0.000000 481.369247 481.369263 193.046697 461.406664 0
0.750512 1.000000 0.000000 0.941873 0.058127 1.000000 1.000000 1.000000 0.941873 0.000000 0.000000 0.000000 0.000000 0.000000 0.000000 516.182158 516.182190 197.145749 493.526063 0
0.829320 1.000000 0.000000 0.943297 0.056703 1.000000 1.000000 1.000000 0.943297 0.000000 0.000000 0.000000 0.000000 0.000000 0.000000 681.850373 681.850403 216.535337 645.864251 0
0.909068 1.000000 0.000000 0.943982 0.056018 1.000000 1.000000 1.000000 0.040995 0.902986 0.000000 0.000000 0.000000 0.000000 0.000000 831.077395 831.077393 233.848303 782.389840 0
0.988841 1.000000 0.000000 0.944547 0.055453 1.000000 1.000000 1.000000 0.030301 0.010305 0.903941 0.000000 0.000000 0.000000 0.000000 966.130105 966.130127 249.273658 905.364024 0
1.065998 1.000000 0.000000 0.945223 0.054777 0.141550 1.000000 1.000000 0.027890 0.005602 0.010129 0.901602 0.000000 0.000000 0.000000 1085.192901 1085.192993 262.525045 1013.200920 0
1.144432 1.000000 0.000000 0.945788 0.054212 0.102186 1.000000 1.000000 0.026847 0.004368 0.005761 0.908811 0.000000 0.000000 0.000000 1195.764812 1195.764893 275.316889 1113.072498 0
1.222832 1.000000 0.000000 0.064461 0.053472 0.094778 1.000000 0.117933 0.026824 0.003819 0.004337 0.029481 0.859628 0.000000 0.000000 1297.034898 1297.034912 286.861108 1204.221319 0
1.302236 1.000000 0.000000 0.052143 0.053027 0.091754 1.000000 0.105170 0.026824 0.003430 0.003597 0.018294 0.887104 0.000000 0.000000 1391.085404 1391.085449 297.603602 1288.414196 0
1.383031 0.133354 0.866646 0.047162 0.052756 0.090115 1.000000 0.099918 0.026839 0.003087 0.003350 0.013885 0.895101 0.867084 0.000000 1459.166712 1459.166748 305.353789 1348.768368 0
1.473635 0.118617 0.881383 0.044369 0.052605 0.089192 0.132956 0.096974 0.026808 0.003024 0.003207 0.011331 0.899016 0.881534 0.000000 1515.642760 1515.642822 311.658252 1399.629698 0
1.552007 0.112992 0.887008 0.043279 0.052446 0.088738 0.122317 0.095725 0.026943 0.002920 0.003223 0.010193 0.901013 0.887080 0.000000 1560.479425 1560.479492 316.204029 1439.377556 0
1.637655 0.109729 0.890271 0.042666 0.052342 0.088651 0.116803 0.095008 0.027030 0.002896 0.003207 0.009533 0.902111 0.890366 0.000000 1605.518120 1605.518311 321.147419 1479.182373 0
1.722723 0.095677 0.904323 0.038727 0.044035 0.077837 0.096481 0.082762 0.025232 0.002857 0.002682 0.007957 0.915232 0.908166 0.846538 1645.763095 1728.458496 324.704265 1520.911622 0
1.743891 0.096130 0.903870 0.042069 0.038926 0.075649 0.095382 0.080996 0.027381 0.003087 0.002865 0.008737 0.916832 0.909105 0.848146 1645.712234 1855.170166 325.317260 1527.130331 1
1.756735 0.096226 0.903774 0.045284 0.034088 0.073270 0.093584 0.079373 0.029012 0.003398 0.003056 0.009819 0.918375 0.910729 0.850143 1645.715341 1835.487183 325.974519 1530.907825 1
1.770307 0.093990 0.906010 0.047632 0.029895 0.071392 0.092001 0.077527 0.030746 0.003652 0.003286 0.009946 0.919991 0.912360 0.851567 1645.712603 1870.279541 326.853768 1534.496965 4
1.785751 0.092335 0.907665 0.049279 0.025773 0.068798 0.090123 0.075052 0.031805 0.003835 0.003406 0.010233 0.922561 0.914309 0.853429 1645.735804 1873.609497 327.377905 1537.653614 3
1.799894 0.091006 0.908994 0.050496 0.022869 0.066983 0.088436 0.073365 0.032807 0.003891 0.003390 0.010408 0.924256 0.916060 0.855076 1645.696847 1971.449219 327.805303 1539.902029 3
1.814609 0.089327 0.910673 0.051109 0.020673 0.065464 0.086701 0.071782 0.033428 0.003867 0.003549 0.010265 0.925895 0.917755 0.856922 1645.726920 1964.644043 327.798260 1541.484194 1
1.828334 0.089168 0.910832 0.051897 0.018914 0.064238 0.085237 0.070811 0.033985 0.003859 0.003437 0.010615 0.927001 0.919052 0.858768 1645.690523 1997.816040 328.545504 1542.326974 2
1.841985 0.088874 0.911126 0.052915 0.016917 0.063419 0.084250 0.069832 0.034797 0.003939 0.003668 0.010511 0.927844 0.919975 0.859922 1645.697659 1946.819580 328.530468 1542.914111 4
1.854580 0.089224 0.910776 0.053385 0.015890 0.062838 0.083630 0.069275 0.035139 0.003867 0.003780 0.010599 0.928417 0.920635 0.861219 1645.684582 1962.645142 328.144070 1543.243830 2
1.868612 0.087704 0.912296 0.053926 0.014872 0.062328 0.083009 0.068798 0.035354 0.004042 0.003835 0.010694 0.928990 0.921248 0.862365 1645.716704 2064.909180 328.873229 1543.500600 5
1.883065 0.088046 0.911954 0.054443 0.013909 0.061843 0.082404 0.068352 0.035584 0.004042 0.003923 0.010893 0.929332 0.921932 0.863495 1645.692836 2015.840576 328.774773 1543.630759 3
1.898467 0.088897 0.911103 0.054698 0.013177 0.061334 0.082014 0.067875 0.035744 0.004090 0.003979 0.010885 0.929818 0.922338 0.864832 1645.683386 2218.451660 328.194524 1543.796695 2
1.913342 0.087529 0.912471 0.054881 0.012684 0.061023 0.081855 0.067564 0.035791 0.004289 0.003915 0.010885 0.930168 0.922625 0.865747 1645.691549 2219.412598 328.313365 1543.999861 3
1.925616 0.087752 0.912248 0.054857 0.012636 0.060936 0.081601 0.067493 0.035752 0.004313 0.003939 0.010854 0.930327 0.922863 0.866208 1645.673778 2320.644043 328.133870 1543.274511 2
1.939669 0.090083 0.909917 0.055310 0.011952 0.060697 0.081354 0.067262 0.036046 0.004345 0.004050 0.010869 0.930494 0.923062 0.866813 1645.670690 2182.350830 328.541856 1543.397117 1
1.955454 0.087537 0.912463 0.055350 0.011745 0.060562 0.081139 0.067095 0.036078 0.004321 0.004154 0.010798 0.930614 0.923301 0.867314 1645.692649 2326.134521 328.499871 1542.957659 2
1.971550 0.087274 0.912726 0.055445 0.011259 0.060092 0.080646 0.066705 0.036118 0.004225 0.004305 0.010798 0.930988 0.923755 0.868906 1645.701248 2313.082764 328.937937 1543.031715 3
1.984096 0.087075 0.912925 0.055438 0.011180 0.059957 0.080518 0.066617 0.036118 0.004193 0.004265 0.010862 0.931051 0.923850 0.869328 1645.691463 2448.904053 328.288542 1542.614594 3
2.000516 0.088675 0.911325 0.056090 0.010344 0.059766 0.080216 0.066434 0.036428 0.004345 0.004313 0.011005 0.931330 0.924121 0.870298 1645.704622 2374.626221 328.805886 1542.556971 6
2.017220 0.088905 0.911095 0.056034 0.009978 0.059400 0.079969 0.066013 0.036468 0.004376 0.004361 0.010830 0.931696 0.924319 0.871341 1645.665586 2479.449463 328.376137 1542.157799 5
2.032321 0.088428 0.911572 0.055939 0.009899 0.059225 0.079786 0.065838 0.036476 0.004361 0.004217 0.010885 0.931855 0.924518 0.871802 1645.743744 2182.791992 327.942189 1541.561283 7
2.047002 0.088301 0.911699 0.056034 0.009795 0.059177 0.079699 0.065830 0.036499 0.004376 0.004249 0.010909 0.931871 0.924574 0.872168 1645.711463 1999.373413 327.798436 1541.557984 1
2.060299 0.089088 0.910912 0.056034 0.009755 0.059161 0.079611 0.065790 0.036507 0.004376 0.004281 0.010869 0.931927 0.924606 0.872582 1645.759199 1979.655273 328.084093 1541.451891 2
2.075032 0.089884 0.910116 0.056074 0.009684 0.059098 0.079556 0.065758 0.036484 0.004361 0.004329 0.010901 0.931966 0.924693 0.872908 1645.739573 1980.858032 328.174058 1541.196179 6
2.090831 0.089192 0.910808 0.056082 0.009660 0.059034 0.079508 0.065742 0.036412 0.004392 0.004321 0.010957 0.932038 0.924733 0.873163 1645.725719 2048.654785 328.239290 1540.856593 10
2.108123 0.089478 0.910522 0.056217 0.009405 0.058891 0.079325 0.065623 0.036484 0.004448 0.004289 0.010997 0.932221 0.924829 0.873967 1645.704827 2189.449219 328.716081 1540.804731 7
2.121380 0.089558 0.910442 0.056257 0.009366 0.058851 0.079317 0.065623 0.036468 0.004424 0.004321 0.011045 0.932237 0.924861 0.874134 1645.657618 2076.928955 327.412624 1540.112644 6
2.136836 0.089940 0.910060 0.056321 0.009286 0.058819 0.079269 0.065607 0.036492 0.004408 0.004353 0.011068 0.932261 0.924876 0.874341 1645.699832 2236.998779 327.702200 1540.379361 6
2.154288 0.090712 0.909288 0.056583 0.008952 0.058660 0.079245 0.065535 0.036675 0.004408 0.004376 0.011124 0.932316 0.924932 0.874715 1645.778519 2119.117920 328.597992 1540.024905 7
2.169626 0.089446 0.910554 0.056599 0.008920 0.058660 0.079166 0.065519 0.036690 0.004392 0.004400 0.011116 0.932332 0.924980 0.875009 1645.766822 2128.106201 328.117882 1539.412923 8
2.186053 0.089478 0.910522 0.056607 0.008912 0.058660 0.079118 0.065519 0.036651 0.004424 0.004400 0.011132 0.932332 0.924988 0.875192 1645.734484 2261.439941 327.839453 1539.335939 8
2.200528 0.090608 0.909392 0.056591 0.008904 0.058628 0.079046 0.065495 0.036611 0.004432 0.004368 0.011180 0.932356 0.925067 0.875423 1645.750415 2158.875244 327.769744 1539.039980 7
2.214964 0.090879 0.909121 0.056591 0.008896 0.058628 0.078999 0.065487 0.036619 0.004432 0.004368 0.011172 0.932356 0.925067 0.875518 1645.735541 2220.780029 328.090643 1538.710019 6
2.231811 0.091300 0.908700 0.056615 0.008864 0.058612 0.078967 0.065479 0.036611 0.004432 0.004368 0.011204 0.932356 0.925075 0.875653 1645.735914 2206.009521 327.740740 1538.327817 5
2.247538 0.091221 0.908779 0.056647 0.008793 0.058604 0.078927 0.065440 0.036651 0.004432 0.004400 0.011164 0.932364 0.925091 0.875892 1645.724947 2191.708496 327.268354 1538.121184 3
2.264357 0.089614 0.910386 0.056695 0.008697 0.058565 0.078887 0.065392 0.036651 0.004432 0.004408 0.011204 0.932420 0.925147 0.876234 1645.717944 2183.324463 327.401525 1537.953939 3
2.278573 0.091253 0.908747 0.056695 0.008697 0.058565 0.078887 0.065392 0.036635 0.004424 0.004408 0.011228 0.932420 0.925179 0.876354 1645.717835 2223.953125 327.655111 1537.946280 4
2.294158 0.091428 0.908572 0.056695 0.008697 0.058565 0.078832 0.065392 0.036635 0.004424 0.004408 0.011228 0.932420 0.925211 0.876553 1645.750650 2188.052979 327.681803 1537.252810 4
2.310340 0.090632 0.909368 0.056663 0.008618 0.058493 0.078816 0.065281 0.036579 0.004480 0.004432 0.011172 0.932499 0.925227 0.876688 1645.735286 2165.464844 327.294218 1537.094866 4
2.324640 0.091690 0.908310 0.056735 0.008546 0.058485 0.078816 0.065281 0.036619 0.004488 0.004416 0.011212 0.932499 0.925227 0.876887 1645.673682 2125.527832 326.867652 1536.861856 5
2.341138 0.092661 0.907339 0.056870 0.008411 0.058469 0.078792 0.065281 0.036706 0.004528 0.004408 0.011228 0.932499 0.925227 0.877014 1645.660865 2225.007080 328.122267 1537.191293 5
2.356702 0.092200 0.907800 0.056902 0.008371 0.058461 0.078784 0.065273 0.036746 0.004520 0.004408 0.011228 0.932531 0.925250 0.877110 1645.730859 2166.802246 327.268199 1536.125371 5
2.372207 0.091579 0.908421 0.056862 0.008371 0.058421 0.078760 0.065233 0.036722 0.004520 0.004400 0.011220 0.932587 0.925274 0.877221 1645.731722 2311.027344 327.428611 1536.263112 8
2.388624 0.091555 0.908445 0.056862 0.008371 0.058421 0.078752 0.065233 0.036722 0.004520 0.004400 0.011220 0.932587 0.925274 0.877317 1645.704069 2177.398926 326.896576 1535.952639 6
2.407166 0.090545 0.909455 0.056838 0.008371 0.058398 0.078744 0.065209 0.036722 0.004520 0.004400 0.011196 0.932587 0.925290 0.877515 1645.693821 2241.379395 327.859397 1536.069859 8
2.422117 0.091937 0.908063 0.056830 0.008363 0.058342 0.078720 0.065193 0.036722 0.004528 0.004384 0.011196 0.932603 0.925306 0.877818 1645.662226 2166.320312 327.266113 1535.909236 8
2.440871 0.092136 0.907864 0.056822 0.008260 0.058223 0.078696 0.065082 0.036690 0.004575 0.004408 0.011148 0.932706 0.925330 0.878128 1645.673176 2329.693359 326.386729 1535.918518 15
2.451625 0.092709 0.907291 0.056822 0.008260 0.058223 0.078696 0.065082 0.036690 0.004575 0.004408 0.011148 0.932706 0.925330 0.878184 1645.727529 2305.404785 326.884564 1535.097241 15
2.469264 0.091030 0.908970 0.056838 0.008220 0.058215 0.078657 0.065058 0.036722 0.004559 0.004424 0.011132 0.932730 0.925370 0.878423 1645.702245 2435.454346 326.848658 1535.658194 5
2.488123 0.091698 0.908302 0.056830 0.008220 0.058199 0.078657 0.065050 0.036722 0.004559 0.004424 0.011124 0.932730 0.925370 0.878542 1645.708602 2389.436279 326.999510 1534.859660 7
2.506779 0.093067 0.906933 0.056902 0.008148 0.058199 0.078649 0.065050 0.036786 0.004567 0.004416 0.011132 0.932738 0.925370 0.878629 1645.685846 2344.685059 326.436598 1534.576363 4
2.521896 0.093226 0.906774 0.056902 0.008148 0.058199 0.078649 0.065050 0.036786 0.004567 0.004416 0.011132 0.932738 0.925370 0.878725 1645.696460 2271.606445 327.124325 1534.294107 5
2.536000 0.093719 0.906281 0.056902 0.008148 0.058199 0.078641 0.065050 0.036778 0.004575 0.004400 0.011148 0.932738 0.925378 0.878884 1645.722399 2329.024902 326.815244 1533.825951 4
2.557681 0.093743 0.906257 0.056989 0.008053 0.058183 0.078641 0.065042 0.036842 0.004599 0.004400 0.011148 0.932738 0.925394 0.879027 1645.755028 2349.612793 328.202913 1534.248452 5
2.574681 0.093727 0.906273 0.057021 0.008013 0.058175 0.078641 0.065034 0.036866 0.004583 0.004432 0.011140 0.932746 0.925394 0.879099 1645.713211 2344.614990 326.892451 1533.124486 3
2.596064 0.092773 0.907227 0.057061 0.007965 0.058143 0.078625 0.065026 0.036905 0.004536 0.004472 0.011148 0.932778 0.925402 0.879330 1645.734090 2201.437744 327.230587 1532.949751 9
2.613269 0.093107 0.906893 0.057061 0.007965 0.058135 0.078625 0.065026 0.036905 0.004536 0.004472 0.011148 0.932778 0.925402 0.879385 1645.715151 2278.017822 326.555638 1533.048277 12
2.632434 0.093306 0.906694 0.057132 0.007894 0.058111 0.078625 0.065026 0.036953 0.004528 0.004488 0.011164 0.932778 0.925402 0.879457 1645.724538 2175.846191 327.063327 1532.362589 9
2.650192 0.094802 0.905198 0.057140 0.007886 0.058095 0.078625 0.065026 0.036937 0.004520 0.004488 0.011196 0.932778 0.925402 0.879608 1645.668269 2071.955322 326.392059 1532.245139 6
2.669220 0.094459 0.905541 0.057140 0.007886 0.058095 0.078625 0.065026 0.036937 0.004520 0.004488 0.011196 0.932778 0.925402 0.879696 1645.670506 2008.352783 327.050847 1531.548658 6
2.687048 0.094627 0.905373 0.057148 0.007878 0.058087 0.078617 0.065026 0.036921 0.004512 0.004496 0.011220 0.932786 0.925418 0.879783 1645.713962 1953.611938 326.461796 1531.051721 5
2.709204 0.095796 0.904204 0.057284 0.007710 0.058008 0.078553 0.064994 0.036993 0.004528 0.004496 0.011267 0.932826 0.925465 0.879974 1645.687924 2211.128418 326.458918 1531.492201 8
2.729808 0.095136 0.904864 0.057284 0.007710 0.058008 0.078553 0.064994 0.036993 0.004528 0.004496 0.011267 0.932826 0.925473 0.880022 1645.716252 2141.863037 326.130874 1530.653192 6
2.744561 0.095367 0.904633 0.057284 0.007710 0.058008 0.078553 0.064994 0.036993 0.004528 0.004496 0.011267 0.932826 0.925473 0.880046 1645.706778 2190.863770 326.024581 1529.994752 7
2.767649 0.095932 0.904068 0.057315 0.007679 0.058008 0.078537 0.064994 0.037017 0.004536 0.004496 0.011267 0.932826 0.925473 0.880141 1645.728955 2136.868652 326.304699 1529.899367 7
2.788444 0.096019 0.903981 0.057323 0.007671 0.058008 0.078529 0.064994 0.037025 0.004536 0.004496 0.011267 0.932826 0.925473 0.880189 1645.669288 2318.022705 326.276730 1529.733714 6
2.807547 0.097682 0.902318 0.057323 0.007671 0.058008 0.078529 0.064994 0.037025 0.004536 0.004496 0.011267 0.932826 0.925473 0.880293 1645.689195 2270.745117 326.038879 1529.618424 4
2.828697 0.098271 0.901729 0.057323 0.007671 0.058008 0.078529 0.064994 0.037017 0.004544 0.004496 0.011267 0.932826 0.925473 0.880380 1645.710279 2328.289795 326.530089 1529.320222 5
2.852973 0.097595 0.902405 0.057363 0.007631 0.058008 0.078529 0.064994 0.037041 0.004559 0.004496 0.011267 0.932826 0.925473 0.880499 1645.690139 2291.693848 326.318846 1528.805675 5
2.873693 0.098104 0.901896 0.057363 0.007631 0.058000 0.078521 0.064994 0.037041 0.004559 0.004488 0.011275 0.932826 0.925473 0.880539 1645.671033 2238.670898 325.557463 1528.397409 4
2.890356 0.097738 0.902262 0.057363 0.007631 0.058000 0.078521 0.064994 0.037041 0.004559 0.004488 0.011275 0.932826 0.925473 0.880595 1645.698271 2383.533447 325.585662 1527.984824 6
2.913083 0.098175 0.901825 0.057483 0.007512 0.058000 0.078489 0.064994 0.037152 0.004544 0.004512 0.011275 0.932834 0.925513 0.880698 1645.668734 2335.846680 326.315341 1527.988288 4
2.940666 0.098199 0.901801 0.057578 0.007400 0.057960 0.078489 0.064978 0.037200 0.004544 0.004512 0.011323 0.932850 0.925513 0.880802 1645.711574 2548.277344 325.552040 1527.347959 6
2.963803 0.097595 0.902405 0.057578 0.007400 0.057960 0.078489 0.064978 0.037200 0.004544 0.004512 0.011323 0.932850 0.925513 0.880850 1645.698366 2486.838867 325.604805 1526.890408 4
2.984410 0.098454 0.901546 0.057586 0.007392 0.057960 0.078489 0.064978 0.037208 0.004544 0.004512 0.011323 0.932850 0.925513 0.880913 1645.679821 2483.900391 325.873300 1526.754970 4
3.007248 0.098955 0.901045 0.057586 0.007392 0.057960 0.078489 0.064978 0.037200 0.004551 0.004504 0.011331 0.932850 0.925521 0.880977 1645.668517 2421.773682 326.686789 1526.794971 3
3.025471 0.100189 0.899811 0.057626 0.007352 0.057960 0.078489 0.064978 0.037200 0.004567 0.004528 0.011331 0.932850 0.925521 0.881033 1645.703538 2005.938477 325.673251 1526.079766 2
3.052061 0.099926 0.900074 0.057761 0.007217 0.057904 0.078473 0.064978 0.037295 0.004551 0.004520 0.011395 0.932850 0.925529 0.881096 1645.757444 1907.153931 326.581148 1525.756385 2
3.148514 0.103045 0.896955 0.058215 0.006326 0.057188 0.078100 0.064541 0.037327 0.004591 0.004528 0.011769 0.933128 0.925887 0.881924 1645.794685 1975.494385 330.779088 1524.143448 4
3.247400 0.101772 0.898228 0.058421 0.005984 0.057013 0.077805 0.064405 0.037430 0.004488 0.004615 0.011888 0.933303 0.926086 0.882528 1645.747706 1887.595703 330.377699 1522.191505 1
3.336393 0.103005 0.896995 0.058716 0.005459 0.056782 0.077630 0.064174 0.037526 0.004639 0.004647 0.011904 0.933486 0.926197 0.883038 1645.784489 2221.535645 328.483212 1520.588621 7
3.430766 0.107835 0.892165 0.058899 0.004989 0.056408 0.077463 0.063888 0.037558 0.004671 0.004679 0.011991 0.933757 0.926293 0.883746 1645.793278 2044.943848 328.857735 1519.456144 5
3.493440 0.105942 0.894058 0.058963 0.004910 0.056376 0.077431 0.063872 0.037606 0.004695 0.004671 0.011991 0.933781 0.926317 0.883873 1645.718992 1918.202881 325.737420 1517.281061 4
3.581408 0.109435 0.890565 0.059408 0.004408 0.056337 0.077423 0.063816 0.037972 0.004719 0.004735 0.011983 0.933836 0.926317 0.884637 1645.714681 1985.499146 328.300535 1517.094964 3
3.659475 0.107565 0.892435 0.059169 0.004368 0.056209 0.077423 0.063538 0.037860 0.004742 0.004750 0.011816 0.934059 0.926380 0.884733 1645.779432 1824.185303 326.573643 1514.979640 1
3.737757 0.110684 0.889316 0.059169 0.004368 0.056209 0.077423 0.063538 0.037852 0.004750 0.004750 0.011816 0.934059 0.926380 0.884860 1645.782788 1983.882568 326.479262 1514.121784 1
3.820952 0.111679 0.888321 0.059193 0.004345 0.056209 0.077423 0.063538 0.037836 0.004790 0.004750 0.011816 0.934059 0.926380 0.884947 1645.665703 1896.024414 325.796973 1512.690313 1
3.933441 0.113469 0.886531 0.059193 0.004329 0.056170 0.077423 0.063522 0.037781 0.004742 0.004774 0.011896 0.934059 0.926388 0.885210 1645.730783 2106.188721 327.320854 1511.413075 2
4.008600 0.113517 0.886483 0.059249 0.004273 0.056146 0.077391 0.063522 0.037765 0.004750 0.004814 0.011920 0.934059 0.926404 0.885329 1645.748368 1974.168091 324.583535 1509.322505 1
4.083065 0.115228 0.884772 0.059249 0.004273 0.056138 0.077391 0.063522 0.037733 0.004750 0.004822 0.011944 0.934059 0.926404 0.885441 1645.771629 1831.801147 325.055259 1508.126699 1
4.207334 0.116365 0.883635 0.059289 0.004225 0.056138 0.077352 0.063514 0.037733 0.004750 0.004830 0.011976 0.934067 0.926420 0.885568 1645.750714 1981.713623 325.901347 1507.156809 3
4.275241 0.118291 0.881709 0.059305 0.004209 0.056138 0.077344 0.063514 0.037749 0.004750 0.004830 0.011976 0.934067 0.926420 0.885616 1645.694131 1885.187256 323.528031 1505.425863 3
4.328861 0.118824 0.881176 0.059305 0.004209 0.056138 0.077344 0.063514 0.037749 0.004750 0.004830 0.011976 0.934067 0.926420 0.885624 1645.695968 1712.124146 322.607391 1504.382485 0
4.370706 0.117734 0.882266 0.059305 0.004209 0.056138 0.077344 0.063514 0.037749 0.004750 0.004830 0.011976 0.934067 0.926420 0.885680 1645.710041 1648.777466 322.267994 1503.823311 0
4.419136 0.117129 0.882871 0.059305 0.004209 0.056138 0.077344 0.063514 0.037749 0.004750 0.004830 0.011976 0.934067 0.926420 0.885783 1645.702604 1645.711426 322.598427 1503.850374 0
4.480222 0.117631 0.882369 0.059305 0.004209 0.056138 0.077344 0.063514 0.037749 0.004750 0.004830 0.011976 0.934067 0.926420 0.885926 1645.707189 1658.240112 323.293862 1504.128157 0
4.559509 0.119254 0.880746 0.059400 0.004114 0.056138 0.077344 0.063514 0.037844 0.004750 0.004830 0.011976 0.934067 0.926420 0.886030 1645.683177 1673.071533 323.260326 1503.385111 0
4.629536 0.119405 0.880595 0.059400 0.004114 0.056138 0.077344 0.063514 0.037844 0.004750 0.004830 0.011976 0.934067 0.926420 0.886077 1645.713075 1645.884521 322.586940 1502.455391 0
4.703728 0.120774 0.879226 0.059416 0.004090 0.056138 0.077312 0.063506 0.037852 0.004742 0.004838 0.011983 0.934067 0.926428 0.886165 1645.712182 1668.528931 322.655053 1501.260190 0
4.759426 0.122938 0.877062 0.059416 0.004090 0.056138 0.077312 0.063506 0.037852 0.004742 0.004838 0.011983 0.934067 0.926428 0.886173 1645.712677 1724.090576 322.032510 1500.298025 0
4.792871 0.122851 0.877149 0.059416 0.004090 0.056138 0.077312 0.063506 0.037852 0.004742 0.004838 0.011983 0.934067 0.926428 0.886189 1645.714328 1677.597412 321.386425 1499.288034 0
4.818190 0.123217 0.876783 0.059416 0.004090 0.056138 0.077312 0.063506 0.037852 0.004742 0.004838 0.011983 0.934067 0.926428 0.886213 1645.713914 1646.710571 321.188991 1498.813434 0
4.840084 0.123758 0.876242 0.059416 0.004090 0.056138 0.077312 0.063506 0.037852 0.004742 0.004838 0.011983 0.934067 0.926428 0.886237 1645.712450 1645.911377 321.117987 1498.557890 0
4.861855 0.123973 0.876027 0.059416 0.004090 0.056138 0.077312 0.063506 0.037852 0.004742 0.004838 0.011983 0.934067 0.926428 0.886276 1645.706888 1647.091431 321.119696 1498.339250 0
4.884950 0.123686 0.876314 0.059416 0.004090 0.056138 0.077312 0.063506 0.037852 0.004742 0.004838 0.011983 0.934067 0.926428 0.886300 1645.702826 1725.561768 321.043439 1497.914515 0
4.908494 0.123439 0.876561 0.059416 0.004090 0.056138 0.077312 0.063506 0.037852 0.004742 0.004838 0.011983 0.934067 0.926428 0.886308 1645.711571 1700.057739 321.015089 1497.621461 0
4.933953 0.123726 0.876274 0.059416 0.004090 0.056138 0.077312 0.063506 0.037852 0.004742 0.004838 0.011983 0.934067 0.926428 0.886340 1645.704521 1672.080688 321.004977 1497.382245 0
4.961372 0.123654 0.876346 0.059416 0.004090 0.056138 0.077312 0.063506 0.037852 0.004742 0.004838 0.011983 0.934067 0.926428 0.886340 1645.716298 1685.177734 320.974987 1496.987078 0
4.991863 0.124171 0.875829 0.059416 0.004090 0.056138 0.077312 0.063506 0.037852 0.004742 0.004838 0.011983 0.934067 0.926428 0.886348 1645.687689 1698.084595 321.050489 1496.889358 0
5.026353 0.124633 0.875367 0.059416 0.004090 0.056138 0.077312 0.063506 0.037852 0.004742 0.004838 0.011983 0.934067 0.926428 0.886348 1645.711294 1715.962158 321.009894 1496.394219 0
5.065422 0.124848 0.875152 0.059416 0.004090 0.056138 0.077312 0.063506 0.037852 0.004742 0.004838 0.011983 0.934067 0.926428 0.886388 1645.718776 1657.116577 321.090385 1496.149961 0
5.104079 0.124450 0.875550 0.059416 0.004090 0.056138 0.077312 0.063506 0.037852 0.004742 0.004838 0.011983 0.934067 0.926428 0.886427 1645.711822 1645.714355 320.876629 1495.557077 0
5.138478 0.124339 0.875661 0.059416 0.004090 0.056138 0.077312 0.063506 0.037852 0.004742 0.004838 0.011983 0.934067 0.926428 0.886459 1645.703225 1776.629395 320.828143 1495.275207 0
5.172362 0.126543 0.873457 0.059416 0.004090 0.056138 0.077312 0.063506 0.037852 0.004742 0.004838 0.011983 0.934067 0.926428 0.886499 1645.713218 1710.450073 320.762421 1494.704005 0
5.206092 0.126479 0.873521 0.059416 0.004090 0.056138 0.077312 0.063506 0.037852 0.004742 0.004838 0.011983 0.934067 0.926428 0.886539 1645.692995 1718.636475 320.654389 1494.202842 0
5.240236 0.126113 0.873887 0.059416 0.004090 0.056138 0.077312 0.063506 0.037852 0.004742 0.004838 0.011983 0.934067 0.926428 0.886603 1645.694382 1691.130859 320.606664 1493.865933 0
5.275242 0.126734 0.873266 0.059416 0.004090 0.056138 0.077312 0.063506 0.037852 0.004742 0.004838 0.011983 0.934067 0.926428 0.886634 1645.703467 1671.852905 320.546364 1493.434556 0
5.308583 0.127291 0.872709 0.059416 0.004090 0.056138 0.077312 0.063506 0.037852 0.004742 0.004838 0.011983 0.934067 0.926428 0.886682 1645.693873 1654.261475 320.490012 1493.023190 0
5.344078 0.127879 0.872121 0.059416 0.004090 0.056138 0.077312 0.063506 0.037852 0.004742 0.004838 0.011983 0.934067 0.926428 0.886698 1645.675236 1645.834839 320.429291 1492.574730 0
5.381800 0.128246 0.871754 0.059416 0.004090 0.056138 0.077312 0.063506 0.037852 0.004742 0.004838 0.011983 0.934067 0.926428 0.886762 1645.688655 1645.724976 320.464464 1492.347770 0
5.421634 0.128826 0.871174 0.059416 0.004090 0.056138 0.077312 0.063506 0.037852 0.004742 0.004838 0.011983 0.934067 0.926428 0.886817 1645.684309 1647.584961 320.384956 1491.818702 0
5.463920 0.130609 0.869391 0.059416 0.004090 0.056138 0.077312 0.063506 0.037852 0.004742 0.004838 0.011983 0.934067 0.926428 0.886841 1645.693299 1647.161621 320.409710 1491.455108 0
5.507684 0.130951 0.869049 0.059416 0.004090 0.056138 0.077312 0.063506 0.037852 0.004742 0.004838 0.011983 0.934067 0.926428 0.886913 1645.670550 1736.496460 320.396324 1491.075088 0
5.551140 0.130370 0.869630 0.059416 0.004090 0.056138 0.077312 0.063506 0.037852 0.004742 0.004838 0.011983 0.934067 0.926428 0.886945 1645.682528 1673.271973 320.393392 1490.831969 0
5.591879 0.131436 0.868564 0.059416 0.004090 0.056138 0.077304 0.063506 0.037852 0.004742 0.004830 0.011991 0.934067 0.926428 0.886953 1645.661150 1651.144043 320.254952 1490.109643 0
5.627356 0.131794 0.868206 0.059416 0.004090 0.056138 0.077304 0.063506 0.037852 0.004742 0.004830 0.011991 0.934067 0.926428 0.886977 1645.667271 1645.674805 319.988838 1489.330207 0
5.652204 0.132375 0.867625 0.059416 0.004090 0.056138 0.077304 0.063506 0.037852 0.004742 0.004830 0.011991 0.934067 0.926428 0.886977 1645.682217 1645.723877 319.813960 1488.874424 0
5.670864 0.132590 0.867410 0.059416 0.004090 0.056138 0.077304 0.063506 0.037852 0.004742 0.004830 0.011991 0.934067 0.926428 0.887000 1645.686843 1645.737549 319.726262 1488.562065 0
5.686633 0.132789 0.867211 0.059416 0.004090 0.056138 0.077304 0.063506 0.037852 0.004742 0.004830 0.011991 0.934067 0.926428 0.887000 1645.651329 1645.714966 319.661050 1488.247705 0
5.700984 0.132948 0.867052 0.059416 0.004090 0.056138 0.077304 0.063506 0.037852 0.004742 0.004830 0.011991 0.934067 0.926428 0.887000 1645.667597 1645.699707 319.613508 1487.993609 0
5.714336 0.133394 0.866606 0.059416 0.004090 0.056138 0.077304 0.063506 0.037852 0.004742 0.004830 0.011991 0.934067 0.926428 0.887008 1645.633724 1645.665283 319.579529 1487.800322 0
5.727371 0.133585 0.866415 0.059416 0.004090 0.056138 0.077304 0.063506 0.037852 0.004742 0.004830 0.011991 0.934067 0.926428 0.887048 1645.621149 1645.702881 319.553394 1487.620211 0
5.740386 0.133903 0.866097 0.059416 0.004090 0.056138 0.077304 0.063506 0.037852 0.004742 0.004830 0.011991 0.934067 0.926428 0.887064 1645.627833 1655.771973 319.536007 1487.485782 0
5.753732 0.134237 0.865763 0.059416 0.004090 0.056138 0.077304 0.063506 0.037852 0.004742 0.004830 0.011991 0.934067 0.926428 0.887064 1645.632177 1650.271240 319.513297 1487.301189 0
5.767732 0.134285 0.865715 0.059416 0.004090 0.056138 0.077304 0.063506 0.037852 0.004742 0.004830 0.011991 0.934067 0.926428 0.887072 1645.602490 1652.597656 319.501854 1487.128768 0
5.782677 0.134038 0.865962 0.059416 0.004090 0.056138 0.077304 0.063506 0.037852 0.004742 0.004830 0.011991 0.934067 0.926428 0.887128 1645.620642 1645.668579 319.505123 1487.042975 0
5.798940 0.134277 0.865723 0.059416 0.004090 0.056138 0.077304 0.063506 0.037852 0.004742 0.004830 0.011991 0.934067 0.926428 0.887128 1645.617052 1715.085449 319.529437 1486.964001 0
5.816904 0.134595 0.865405 0.059416 0.004090 0.056138 0.077304 0.063506 0.037852 0.004742 0.004830 0.011991 0.934067 0.926428 0.887136 1645.537219 1754.557861 319.498530 1486.679785 0
5.837108 0.135184 0.864816 0.059416 0.004090 0.056138 0.077304 0.063506 0.037852 0.004742 0.004830 0.011991 0.934067 0.926428 0.887144 1645.515825 1725.204468 319.478281 1486.355881 0
5.860142 0.135471 0.864529 0.059416 0.004090 0.056138 0.077304 0.063506 0.037852 0.004742 0.004830 0.011991 0.934067 0.926428 0.887167 1645.534301 1955.041016 319.549181 1486.333045 1
5.886665 0.135733 0.864267 0.059416 0.004090 0.056138 0.077304 0.063506 0.037852 0.004742 0.004830 0.011991 0.934067 0.926428 0.887191 1645.527526 1906.771240 319.507003 1485.856626 1
5.913284 0.136537 0.863463 0.059416 0.004090 0.056138 0.077304 0.063506 0.037852 0.004742 0.004830 0.011991 0.934067 0.926428 0.887207 1645.466563 1859.838745 319.409269 1485.285150 1
5.937034 0.137205 0.862795 0.059416 0.004090 0.056138 0.077304 0.063506 0.037852 0.004742 0.004830 0.011991 0.934067 0.926428 0.887239 1645.411860 1818.686890 319.312788 1484.913728 1
5.956957 0.137349 0.862651 0.059416 0.004090 0.056138 0.077304 0.063506 0.037852 0.004742 0.004830 0.011991 0.934067 0.926428 0.887255 1645.385828 1784.654053 319.248225 1484.628635 0
5.974789 0.137197 0.862803 0.059416 0.004090 0.056138 0.077304 0.063506 0.037852 0.004742 0.004830 0.011991 0.934067 0.926428 0.887255 1645.435372 1754.488281 319.225231 1484.448200 0
5.991433 0.137723 0.862277 0.059416 0.004090 0.056138 0.077304 0.063506 0.037852 0.004742 0.004830 0.011991 0.934067 0.926428 0.887255 1645.361601 1726.168335 319.172190 1484.153478 0
6.007638 0.137404 0.862596 0.059416 0.004090 0.056138 0.077304 0.063506 0.037852 0.004742 0.004830 0.011991 0.934067 0.926428 0.887263 1645.412790 1786.690308 319.122386 1483.849901 0
6.023617 0.137738 0.862262 0.059416 0.004090 0.056138 0.077304 0.063506 0.037852 0.004742 0.004830 0.011991 0.934067 0.926428 0.887279 1645.395745 1773.892456 319.087097 1483.592693 0
6.039493 0.137762 0.862238 0.059416 0.004090 0.056138 0.077304 0.063506 0.037852 0.004742 0.004830 0.011991 0.934067 0.926428 0.887287 1645.268144 1761.390137 319.057804 1483.366148 0
6.055434 0.137667 0.862333 0.059416 0.004090 0.056138 0.077304 0.063506 0.037852 0.004742 0.004830 0.011991 0.934067 0.926428 0.887303 1645.275265 1749.093506 319.006324 1483.030094 0
6.070649 0.137659 0.862341 0.059416 0.004090 0.056138 0.077304 0.063506 0.037852 0.004742 0.004830 0.011991 0.934067 0.926428 0.887303 1645.251876 1737.586792 318.989032 1482.940990 0
6.085137 0.138327 0.861673 0.059416 0.004090 0.056138 0.077304 0.063506 0.037852 0.004742 0.004830 0.011991 0.934067 0.926428 0.887303 1645.255089 1728.161621 318.958266 1482.693836 0
6.099385 0.138319 0.861681 0.059416 0.004090 0.056138 0.077304 0.063506 0.037852 0.004742 0.004830 0.011991 0.934067 0.926428 0.887311 1645.305373 1720.255859 318.961658 1482.521214 0
6.113841 0.138590 0.861410 0.059416 0.004090 0.056138 0.077304 0.063506 0.037852 0.004742 0.004830 0.011991 0.934067 0.926428 0.887319 1645.244175 1821.586182 318.913393 1482.191688 1
6.128735 0.138693 0.861307 0.059416 0.004090 0.056138 0.077304 0.063506 0.037852 0.004742 0.004830 0.011991 0.934067 0.926428 0.887319 1645.148776 1810.020020 318.864336 1481.868097 1
6.144372 0.138574 0.861426 0.059416 0.004090 0.056138 0.077304 0.063506 0.037852 0.004742 0.004830 0.011991 0.934067 0.926428 0.887327 1645.019960 1798.295166 318.827076 1481.578903 0
6.161131 0.138725 0.861275 0.059416 0.004090 0.056138 0.077304 0.063506 0.037852 0.004742 0.004830 0.011991 0.934067 0.926428 0.887335 1644.998398 1785.992188 318.801222 1481.317001 0
6.179287 0.138558 0.861442 0.059416 0.004090 0.056138 0.077304 0.063506 0.037852 0.004742 0.004830 0.011991 0.934067 0.926428 0.887335 1645.173607 1772.993652 318.780274 1481.026625 0
6.198410 0.138852 0.861148 0.059416 0.004090 0.056138 0.077304 0.063506 0.037852 0.004742 0.004830 0.011991 0.934067 0.926428 0.887335 1644.989445 1759.714111 318.723374 1480.659285 0
6.215694 0.138916 0.861084 0.059416 0.004090 0.056138 0.077304 0.063506 0.037852 0.004742 0.004830 0.011991 0.934067 0.926428 0.887335 1644.971403 1748.041870 318.692795 1480.494189 0
6.232087 0.140094 0.859906 0.059416 0.004090 0.056138 0.077304 0.063506 0.037852 0.004742 0.004830 0.011991 0.934067 0.926428 0.887343 1644.988955 1753.933350 318.664835 1480.244641 0
6.248631 0.140293 0.859707 0.059416 0.004090 0.056138 0.077304 0.063506 0.037852 0.004742 0.004830 0.011991 0.934067 0.926428 0.887390 1645.022947 1867.382446 318.664750 1480.127571 2
6.265955 0.140993 0.859007 0.059416 0.004090 0.056138 0.077304 0.063506 0.037852 0.004742 0.004830 0.011991 0.934067 0.926428 0.887414 1645.090720 1872.001953 318.635767 1479.821682 1
6.284210 0.140826 0.859174 0.059416 0.004090 0.056138 0.077304 0.063506 0.037852 0.004742 0.004830 0.011991 0.934067 0.926428 0.887414 1645.129075 1849.571777 318.590395 1479.446256 1
6.303919 0.141065 0.858935 0.059416 0.004090 0.056138 0.077304 0.063506 0.037852 0.004742 0.004830 0.011991 0.934067 0.926428 0.887414 1645.192372 1835.036987 318.551700 1479.092429 1
6.325308 0.141629 0.858371 0.059416 0.004090 0.056138 0.077304 0.063506 0.037852 0.004742 0.004830 0.011991 0.934067 0.926428 0.887430 1645.205428 1819.857666 318.554597 1478.934756 1
6.347015 0.141781 0.858219 0.059416 0.004090 0.056138 0.077304 0.063506 0.037852 0.004742 0.004830 0.011991 0.934067 0.926428 0.887430 1645.195830 1805.281738 318.491847 1478.516162 0
6.368792 0.141637 0.858363 0.059416 0.004090 0.056138 0.077304 0.063506 0.037852 0.004742 0.004830 0.011991 0.934067 0.926428 0.887430 1645.284751 1714.097656 318.457796 1478.249233 0
6.391304 0.141653 0.858347 0.059416 0.004090 0.056138 0.077304 0.063506 0.037852 0.004742 0.004830 0.011991 0.934067 0.926428 0.887430 1645.257771 1693.490479 318.408505 1477.855115 0
6.414656 0.142338 0.857662 0.059416 0.004090 0.056138 0.077304 0.063506 0.037852 0.004742 0.004830 0.011991 0.934067 0.926428 0.887478 1645.250497 1886.425415 318.466785 1477.851039 1
6.439085 0.143627 0.856373 0.059416 0.004090 0.056138 0.077304 0.063506 0.037852 0.004742 0.004830 0.011991 0.934067 0.926428 0.887549 1645.067131 1704.333862 318.479735 1477.629828 0
6.463354 0.143897 0.856103 0.059416 0.004090 0.056138 0.077304 0.063506 0.037852 0.004742 0.004830 0.011991 0.934067 0.926428 0.887557 1644.988091 1692.549194 318.402433 1477.138097 0
6.486596 0.142982 0.857018 0.059416 0.004090 0.056138 0.077304 0.063506 0.037852 0.004742 0.004830 0.011991 0.934067 0.926428 0.887557 1645.099986 1681.357056 318.291095 1476.534608 0
6.509664 0.141884 0.858116 0.059416 0.004090 0.056138 0.077304 0.063506 0.037852 0.004742 0.004830 0.011991 0.934067 0.926428 0.887565 1644.850034 1736.165039 318.261795 1476.374180 0
6.534407 0.143324 0.856676 0.059416 0.004090 0.056138 0.077304 0.063506 0.037852 0.004742 0.004830 0.011991 0.934067 0.926428 0.887613 1644.764882 1989.217773 318.344237 1476.372347 1
6.561693 0.143332 0.856668 0.059416 0.004090 0.056138 0.077304 0.063506 0.037852 0.004742 0.004830 0.011991 0.934067 0.926428 0.887621 1644.862382 1922.649658 318.333824 1475.881573 2
6.588303 0.142895 0.857105 0.059416 0.004090 0.056138 0.077304 0.063506 0.037852 0.004742 0.004830 0.011991 0.934067 0.926428 0.887621 1644.647595 1859.556396 318.141723 1475.092463 2
6.609518 0.142560 0.857440 0.059416 0.004090 0.056138 0.077304 0.063506 0.037852 0.004742 0.004830 0.011991 0.934067 0.926428 0.887661 1644.730698 2405.993408 317.996983 1474.587682 5
6.625508 0.143125 0.856875 0.059416 0.004090 0.056138 0.077304 0.063506 0.037852 0.004742 0.004830 0.011991 0.934067 0.926428 0.887661 1644.681133 2064.746582 317.943735 1474.334942 1
6.639495 0.142903 0.857097 0.059416 0.004090 0.056138 0.077304 0.063506 0.037852 0.004742 0.004830 0.011991 0.934067 0.926428 0.887661 1644.665572 2109.759033 317.867525 1473.937775 1
6.652412 0.142791 0.857209 0.059416 0.004090 0.056138 0.077304 0.063506 0.037852 0.004742 0.004830 0.011991 0.934067 0.926428 0.887661 1644.703697 2092.211670 317.836825 1473.747323 1
6.664655 0.142529 0.857471 0.059416 0.004090 0.056138 0.077304 0.063506 0.037852 0.004742 0.004830 0.011991 0.934067 0.926428 0.887677 1644.727014 2069.366943 317.799330 1473.531986 1
6.676405 0.142449 0.857551 0.059416 0.004090 0.056138 0.077304 0.063506 0.037852 0.004742 0.004830 0.011991 0.934067 0.926428 0.887677 1644.697291 2047.477905 317.765337 1473.344645 1
6.687806 0.142035 0.857965 0.059416 0.004090 0.056138 0.077304 0.063506 0.037852 0.004742 0.004830 0.011991 0.934067 0.926428 0.887685 1644.722073 2041.114014 317.734240 1473.107111 1
6.698971 0.142131 0.857869 0.059416 0.004090 0.056138 0.077304 0.063506 0.037852 0.004742 0.004830 0.011991 0.934067 0.926428 0.887693 1644.745620 2035.227905 317.693695 1472.824893 1
6.710041 0.142728 0.857272 0.059416 0.004090 0.056138 0.077304 0.063506 0.037852 0.004742 0.004830 0.011991 0.934067 0.926428 0.887693 1644.693549 2018.495483 317.672177 1472.656498 1
6.721235 0.142226 0.857774 0.059416 0.004090 0.056138 0.077304 0.063506 0.037852 0.004742 0.004830 0.011991 0.934067 0.926428 0.887701 1644.674840 1999.491333 317.644099 1472.427445 1
6.732623 0.142401 0.857599 0.059416 0.004090 0.056138 0.077304 0.063506 0.037852 0.004742 0.004830 0.011991 0.934067 0.926428 0.887717 1644.676933 1980.423828 317.638752 1472.347838 1
6.744240 0.142545 0.857455 0.059416 0.004090 0.056138 0.077304 0.063506 0.037852 0.004742 0.004830 0.011991 0.934067 0.926428 0.887732 1644.569673 1961.831055 317.628901 1472.177947 2
6.756302 0.142131 0.857869 0.059416 0.004090 0.056138 0.077304 0.063506 0.037852 0.004742 0.004830 0.011991 0.934067 0.926428 0.887748 1644.445386 1943.211914 317.613876 1472.053966 2
6.768951 0.142560 0.857440 0.059416 0.004090 0.056138 0.077304 0.063506 0.037852 0.004742 0.004830 0.011991 0.934067 0.926428 0.887772 1644.284718 1924.208008 317.618918 1471.969607 1
6.782466 0.143014 0.856986 0.059416 0.004090 0.056138 0.077304 0.063506 0.037852 0.004742 0.004830 0.011991 0.934067 0.926428 0.887772 1644.100154 1904.414307 317.614833 1471.809735 2
6.796630 0.143364 0.856636 0.059416 0.004090 0.056138 0.077304 0.063506 0.037852 0.004742 0.004830 0.011991 0.934067 0.926428 0.887780 1643.930047 1884.264526 317.566766 1471.403101 1
6.810903 0.142791 0.857209 0.059416 0.004090 0.056138 0.077304 0.063506 0.037852 0.004742 0.004830 0.011991 0.934067 0.926428 0.887788 1643.783310 1864.482300 317.565396 1471.341634 1
6.825721 0.142934 0.857066 0.059416 0.004090 0.056138 0.077304 0.063506 0.037852 0.004742 0.004830 0.011991 0.934067 0.926428 0.887796 1643.652975 1844.453003 317.508686 1470.924830 1
6.841107 0.142926 0.857074 0.059416 0.004090 0.056138 0.077304 0.063506 0.037852 0.004742 0.004830 0.011991 0.934067 0.926428 0.887796 1643.594080 1824.188354 317.443730 1470.510320 1
6.855489 0.142966 0.857034 0.059416 0.004090 0.056138 0.077304 0.063506 0.037852 0.004742 0.004830 0.011991 0.934067 0.926428 0.887796 1643.606629 1805.735229 317.377460 1470.124677 0
6.869591 0.143229 0.856771 0.059416 0.004090 0.056138 0.077304 0.063506 0.037852 0.004742 0.004830 0.011991 0.934067 0.926428 0.887796 1643.578474 1788.100830 317.333437 1469.805603 0
6.884007 0.143269 0.856731 0.059416 0.004090 0.056138 0.077304 0.063506 0.037852 0.004742 0.004830 0.011991 0.934067 0.926428 0.887796 1643.586271 1770.535156 317.289390 1469.463284 0
6.899207 0.142815 0.857185 0.059416 0.004090 0.056138 0.077304 0.063506 0.037852 0.004742 0.004830 0.011991 0.934067 0.926428 0.887804 1643.389389 1776.748535 317.305564 1469.330925 0
6.914964 0.142903 0.857097 0.059416 0.004090 0.056138 0.077304 0.063506 0.037852 0.004742 0.004830 0.011991 0.934067 0.926428 0.887804 1643.420675 1757.258423 317.233978 1468.892689 0
6.929790 0.143054 0.856946 0.059416 0.004090 0.056138 0.077304 0.063506 0.037852 0.004742 0.004830 0.011991 0.934067 0.926428 0.887804 1643.435543 1739.100342 317.169438 1468.505851 0
6.944302 0.143014 0.856986 0.059416 0.004090 0.056138 0.077304 0.063506 0.037852 0.004742 0.004830 0.011991 0.934067 0.926428 0.887804 1643.290836 1735.736816 317.131819 1468.237293 0
6.958697 0.142688 0.857312 0.059416 0.004090 0.056138 0.077304 0.063506 0.037852 0.004742 0.004830 0.011991 0.934067 0.926428 0.887820 1643.282134 1772.655029 317.189231 1468.411894 0
6.973240 0.142210 0.857790 0.059416 0.004090 0.056138 0.077304 0.063506 0.037852 0.004742 0.004830 0.011991 0.934067 0.926428 0.887828 1643.301528 1718.787354 317.137047 1468.061932 0
6.988075 0.142043 0.857957 0.059416 0.004090 0.056138 0.077304 0.063506 0.037852 0.004742 0.004830 0.011991 0.934067 0.926428 0.887836 1643.122477 1717.600098 317.088657 1467.672740 0
7.003562 0.141637 0.858363 0.059416 0.004090 0.056138 0.077304 0.063506 0.037852 0.004742 0.004830 0.011991 0.934067 0.926428 0.887876 1643.079973 1801.504517 317.059117 1467.349664 0
7.020184 0.141470 0.858530 0.059416 0.004090 0.056138 0.077304 0.063506 0.037852 0.004742 0.004830 0.011991 0.934067 0.926428 0.887884 1643.123728 1804.284424 317.001552 1466.854839 0
7.038325 0.141717 0.858283 0.059416 0.004090 0.056138 0.077304 0.063506 0.037852 0.004742 0.004830 0.011991 0.934067 0.926428 0.887884 1643.066813 1681.720703 316.954410 1466.386701 0
7.058494 0.142059 0.857941 0.059416 0.004090 0.056138 0.077304 0.063506 0.037852 0.004742 0.004830 0.011991 0.934067 0.926428 0.887884 1643.109385 1676.100830 316.900786 1465.867169 0
7.080384 0.141900 0.858100 0.059416 0.004090 0.056138 0.077304 0.063506 0.037852 0.004742 0.004830 0.011991 0.934067 0.926428 0.887892 1643.019409 1699.232666 316.898901 1465.627083 0
7.103748 0.142990 0.857010 0.059416 0.004090 0.056138 0.077304 0.063506 0.037852 0.004742 0.004830 0.011991 0.934067 0.926428 0.887892 1642.917882 1779.551025 316.894002 1465.376156 0
7.125993 0.143141 0.856859 0.059416 0.004090 0.056138 0.077304 0.063506 0.037852 0.004742 0.004830 0.011991 0.934067 0.926428 0.887892 1642.952760 1738.624756 316.769877 1464.767451 0
7.145061 0.143428 0.856572 0.059416 0.004090 0.056138 0.077304 0.063506 0.037852 0.004742 0.004830 0.011991 0.934067 0.926428 0.887892 1642.918929 1704.454712 316.667736 1464.253846 0
7.161712 0.143571 0.856429 0.059416 0.004090 0.056138 0.077304 0.063506 0.037852 0.004742 0.004830 0.011991 0.934067 0.926428 0.887892 1642.969080 1680.773071 316.586763 1463.828408 0
7.176844 0.143682 0.856318 0.059416 0.004090 0.056138 0.077304 0.063506 0.037852 0.004742 0.004830 0.011991 0.934067 0.926428 0.887892 1642.911069 1677.490723 316.529665 1463.475962 0
7.191525 0.143468 0.856532 0.059416 0.004090 0.056138 0.077304 0.063506 0.037852 0.004742 0.004830 0.011991 0.934067 0.926428 0.887892 1642.926083 1674.429199 316.485341 1463.178854 0
7.206515 0.143468 0.856532 0.059416 0.004090 0.056138 0.077304 0.063506 0.037852 0.004742 0.004830 0.011991 0.934067 0.926428 0.887892 1642.908471 1671.344604 316.460005 1462.950648 0
7.222052 0.143770 0.856230 0.059416 0.004090 0.056138 0.077304 0.063506 0.037852 0.004742 0.004830 0.011991 0.934067 0.926428 0.887892 1642.894921 1668.202759 316.414542 1462.573384 0
7.238740 0.143897 0.856103 0.059416 0.004090 0.056138 0.077304 0.063506 0.037852 0.004742 0.004830 0.011991 0.934067 0.926428 0.887892 1642.851214 1715.734375 316.398406 1462.255178 0
7.257426 0.144287 0.855713 0.059416 0.004090 0.056138 0.077304 0.063506 0.037852 0.004742 0.004830 0.011991 0.934067 0.926428 0.887892 1642.628757 1708.172363 316.369651 1461.828718 0
7.279288 0.144590 0.855410 0.059416 0.004090 0.056138 0.077304 0.063506 0.037852 0.004742 0.004830 0.011991 0.934067 0.926428 0.887892 1642.578383 1691.494385 316.336250 1461.343719 0
7.304862 0.144407 0.855593 0.059416 0.004090 0.056138 0.077304 0.063506 0.037852 0.004742 0.004830 0.011991 0.934067 0.926428 0.887892 1642.611592 1685.288208 316.283553 1460.799247 0
7.334357 0.144653 0.855347 0.059416 0.004090 0.056138 0.077304 0.063506 0.037852 0.004742 0.004830 0.011991 0.934067 0.926428 0.887892 1642.437956 1678.222046 316.232468 1460.217443 0
7.364636 0.145226 0.854774 0.059416 0.004090 0.056138 0.077304 0.063506 0.037852 0.004742 0.004830 0.011991 0.934067 0.926428 0.887892 1642.488622 1670.877319 316.133929 1459.626535 0
7.391643 0.145600 0.854400 0.059416 0.004090 0.056138 0.077304 0.063506 0.037852 0.004742 0.004830 0.011991 0.934067 0.926428 0.887892 1642.519887 1664.330688 316.037875 1459.085447 0
7.416269 0.146085 0.853915 0.059416 0.004090 0.056138 0.077304 0.063506 0.037852 0.004742 0.004830 0.011991 0.934067 0.926428 0.887892 1642.546901 1658.322998 315.956627 1458.604914 0
7.438637 0.146388 0.853612 0.059416 0.004090 0.056138 0.077304 0.063506 0.037852 0.004742 0.004830 0.011991 0.934067 0.926428 0.887900 1642.442151 1652.820312 315.892026 1458.214253 0
7.459738 0.146714 0.853286 0.059416 0.004090 0.056138 0.077304 0.063506 0.037852 0.004742 0.004830 0.011991 0.934067 0.926428 0.887900 1642.192346 1647.567505 315.835206 1457.829092 0
7.480334 0.147104 0.852896 0.059416 0.004090 0.056138 0.077304 0.063506 0.037852 0.004742 0.004830 0.011991 0.934067 0.926428 0.887900 1642.199188 1644.779175 315.788992 1457.469764 0
7.501052 0.147573 0.852427 0.059416 0.004090 0.056138 0.077304 0.063506 0.037852 0.004742 0.004830 0.011991 0.934067 0.926428 0.887900 1642.182703 1644.397095 315.745181 1457.105574 0
7.522809 0.147836 0.852164 0.059416 0.004090 0.056138 0.077304 0.063506 0.037852 0.004742 0.004830 0.011991 0.934067 0.926428 0.887900 1642.169694 1644.009521 315.709388 1456.738625 0
7.547122 0.148298 0.851702 0.059416 0.004090 0.056138 0.077304 0.063506 0.037852 0.004742 0.004830 0.011991 0.934067 0.926428 0.887900 1642.239943 1643.589722 315.680681 1456.326502 0
7.576919 0.148385 0.851615 0.059416 0.004090 0.056138 0.077304 0.063506 0.037852 0.004742 0.004830 0.011991 0.934067 0.926428 0.887900 1642.307846 1643.984497 315.688249 1455.918069 0
7.617856 0.148839 0.851161 0.059416 0.004090 0.056138 0.077304 0.063506 0.037852 0.004742 0.004830 0.011991 0.934067 0.926428 0.887900 1642.326640 1688.128662 315.703556 1455.269087 0
7.671307 0.149722 0.850278 0.059416 0.004090 0.056138 0.077304 0.063506 0.037852 0.004742 0.004830 0.011991 0.934067 0.926428 0.887900 1642.227054 1666.446045 315.671034 1454.418479 0
7.725031 0.150414 0.849586 0.059416 0.004090 0.056138 0.077304 0.063506 0.037852 0.004742 0.004830 0.011991 0.934067 0.926428 0.887900 1642.262433 1655.362061 315.535117 1453.618415 0
7.776705 0.151218 0.848782 0.059416 0.004090 0.056138 0.077304 0.063506 0.037852 0.004742 0.004830 0.011991 0.934067 0.926428 0.887900 1642.005068 1654.387451 315.414198 1452.798850 0
7.827220 0.151934 0.848066 0.059416 0.004090 0.056138 0.077304 0.063506 0.037852 0.004742 0.004830 0.011991 0.934067 0.926428 0.887900 1641.851629 1647.311401 315.318052 1452.007095 0
7.883186 0.152762 0.847238 0.059416 0.004090 0.056138 0.077304 0.063506 0.037852 0.004742 0.004830 0.011991 0.934067 0.926428 0.887900 1641.829009 1642.380981 315.276883 1451.167429 0
7.952479 0.153963 0.846037 0.059416 0.004090 0.056138 0.077304 0.063506 0.037852 0.004742 0.004830 0.011991 0.934067 0.926428 0.887900 1641.775125 1642.323364 315.195169 1450.152473 0
8.017645 0.154783 0.845217 0.059416 0.004090 0.056138 0.077304 0.063506 0.037852 0.004742 0.004830 0.011991 0.934067 0.926428 0.887900 1641.790849 1642.183228 315.041400 1449.188505 0
8.079583 0.155276 0.844724 0.059416 0.004090 0.056138 0.077304 0.063506 0.037852 0.004742 0.004830 0.011991 0.934067 0.926428 0.887900 1641.684615 1642.039185 314.886385 1448.349633 0
8.126535 0.155562 0.844438 0.059416 0.004090 0.056138 0.077304 0.063506 0.037852 0.004742 0.004830 0.011991 0.934067 0.926428 0.887900 1641.805634 1713.421021 314.730885 1447.801552 0
8.165501 0.155889 0.844111 0.059416 0.004090 0.056138 0.077304 0.063506 0.037852 0.004742 0.004830 0.011991 0.934067 0.926428 0.887900 1641.728712 1691.375854 314.608992 1447.191287 0
8.201893 0.156438 0.843562 0.059416 0.004090 0.056138 0.077304 0.063506 0.037852 0.004742 0.004830 0.011991 0.934067 0.926428 0.887900 1641.670925 1681.869995 314.536894 1446.637610 0
8.241743 0.157042 0.842958 0.059416 0.004090 0.056138 0.077304 0.063506 0.037852 0.004742 0.004830 0.011991 0.934067 0.926428 0.887900 1641.743448 1671.620605 314.491733 1446.079600 0
8.286343 0.157743 0.842257 0.059416 0.004090 0.056138 0.077304 0.063506 0.037852 0.004742 0.004830 0.011991 0.934067 0.926428 0.887900 1641.729634 1660.197754 314.447611 1445.442860 0
8.326030 0.158340 0.841660 0.059416 0.004090 0.056138 0.077304 0.063506 0.037852 0.004742 0.004830 0.011991 0.934067 0.926428 0.887900 1640.926342 1649.906738 314.298435 1444.857680 0
8.358421 0.158753 0.841247 0.059416 0.004090 0.056138 0.077304 0.063506 0.037852 0.004742 0.004830 0.011991 0.934067 0.926428 0.887900 1640.862812 1641.487793 314.213331 1444.386106 0
8.388114 0.159255 0.840745 0.059416 0.004090 0.056138 0.077304 0.063506 0.037852 0.004742 0.004830 0.011991 0.934067 0.926428 0.887900 1640.931635 1641.273804 314.145094 1443.960001 0
8.417215 0.159748 0.840252 0.059416 0.004090 0.056138 0.077304 0.063506 0.037852 0.004742 0.004830 0.011991 0.934067 0.926428 0.887900 1640.910300 1641.215576 314.096313 1443.554225 0
8.448248 0.160249 0.839751 0.059416 0.004090 0.056138 0.077304 0.063506 0.037852 0.004742 0.004830 0.011991 0.934067 0.926428 0.887900 1640.837991 1641.211304 314.058676 1443.134559 0
8.482446 0.160671 0.839329 0.059416 0.004090 0.056138 0.077304 0.063506 0.037852 0.004742 0.004830 0.011991 0.934067 0.926428 0.887900 1640.900397 1641.194458 314.021973 1442.676473 0
8.522138 0.161244 0.838756 0.059416 0.004090 0.056138 0.077304 0.063506 0.037852 0.004742 0.004830 0.011991 0.934067 0.926428 0.887900 1640.918598 1641.178833 313.994093 1442.149069 0
8.572755 0.161904 0.838096 0.059416 0.004090 0.056138 0.077304 0.063506 0.037852 0.004742 0.004830 0.011991 0.934067 0.926428 0.887900 1640.879536 1641.164917 313.992724 1441.506264 0
8.643743 0.162732 0.837268 0.059416 0.004090 0.056138 0.077304 0.063506 0.037852 0.004742 0.004830 0.011991 0.934067 0.926428 0.887900 1640.880584 1641.137573 314.054101 1440.645362 0
8.745387 0.164268 0.835732 0.059416 0.004090 0.056138 0.077304 0.063506 0.037852 0.004742 0.004830 0.011991 0.934067 0.926428 0.887900 1640.889522 1641.105103 314.007116 1439.411371 0
8.843983 0.165612 0.834388 0.059416 0.004090 0.056138 0.077304 0.063506 0.037852 0.004742 0.004830 0.011991 0.934067 0.926428 0.887900 1640.753244 1641.068481 313.816113 1438.166558 0
8.939621 0.166870 0.833130 0.059416 0.004090 0.056138 0.077304 0.063506 0.037852 0.004742 0.004830 0.011991 0.934067 0.926428 0.887900 1640.573750 1640.954468 313.654762 1436.977218 0
9.041987 0.168103 0.831897 0.059416 0.004090 0.056138 0.077304 0.063506 0.037852 0.004742 0.004830 0.011991 0.934067 0.926428 0.887900 1639.712832 1640.670288 313.564432 1435.745771 0
9.166807 0.169861 0.830139 0.059416 0.004090 0.056138 0.077304 0.063506 0.037852 0.004742 0.004830 0.011991 0.934067 0.926428 0.887900 1639.364099 1640.124878 313.529636 1434.310583 0
9.296903 0.171222 0.828778 0.059416 0.004090 0.056138 0.077304 0.063506 0.037852 0.004742 0.004830 0.011991 0.934067 0.926428 0.887900 1638.411156 1639.362183 313.241106 1432.771092 0
9.403631 0.172408 0.827592 0.059416 0.004090 0.056138 0.077304 0.063506 0.037852 0.004742 0.004830 0.011991 0.934067 0.926428 0.887900 1637.298341 1638.685669 312.964231 1431.489939 0
9.502424 0.173530 0.826470 0.059416 0.004090 0.056138 0.077304 0.063506 0.037852 0.004742 0.004830 0.011991 0.934067 0.926428 0.887900 1636.089623 1637.809937 312.820858 1430.342792 0
9.610785 0.174851 0.825149 0.059416 0.004090 0.056138 0.077304 0.063506 0.037852 0.004742 0.004830 0.011991 0.934067 0.926428 0.887900 1635.204917 1636.937622 312.748507 1429.140603 0
9.744839 0.176235 0.823765 0.059416 0.004090 0.056138 0.077304 0.063506 0.037852 0.004742 0.004830 0.011991 0.934067 0.926428 0.887900 1634.975962 1635.566895 312.651844 1427.699050 0
9.872682 0.177596 0.822404 0.059416 0.004090 0.056138 0.077304 0.063506 0.037852 0.004742 0.004830 0.011991 0.934067 0.926428 0.887900 1634.565588 1635.155518 312.409694 1426.279691 0
9.999195 0.178933 0.821067 0.059416 0.004090 0.056138 0.077304 0.063506 0.037852 0.004742 0.004830 0.011991 0.934067 0.926428 0.887900 1634.214093 1634.774536 312.256122 1424.911830 0
10.133511 0.180325 0.819675 0.059416 0.004090 0.056138 0.077304 0.063506 0.037852 0.004742 0.004830 0.011991 0.934067 0.926428 0.887900 1633.750458 1634.280640 312.097726 1423.490133 0
10.271491 0.181670 0.818330 0.059416 0.004090 0.056138 0.077304 0.063506 0.037852 0.004742 0.004830 0.011991 0.934067 0.926428 0.887900 1632.660998 1633.584229 311.929601 1422.049234 0
10.409426 0.182824 0.817176 0.059416 0.004090 0.056138 0.077304 0.063506 0.037852 0.004742 0.004830 0.011991 0.934067 0.926428 0.887900 1632.028870 1632.727173 311.708169 1420.621457 0
10.538089 0.183938 0.816062 0.059416 0.004090 0.056138 0.077304 0.063506 0.037852 0.004742 0.004830 0.011991 0.934067 0.926428 0.887900 1630.822097 1631.670166 311.506075 1419.291531 0
10.668985 0.185084 0.814916 0.059416 0.004090 0.056138 0.077304 0.063506 0.037852 0.004742 0.004830 0.011991 0.934067 0.926428 0.887900 1629.122432 1630.472412 311.355573 1417.976375 0
10.803609 0.186420 0.813580 0.059416 0.004090 0.056138 0.077304 0.063506 0.037852 0.004742 0.004830 0.011991 0.934067 0.926428 0.887900 1628.325790 1629.416992 311.206910 1416.645451 0
10.945611 0.187821 0.812179 0.059416 0.004090 0.056138 0.077304 0.063506 0.037852 0.004742 0.004830 0.011991 0.934067 0.926428 0.887900 1626.907873 1628.181763 311.014356 1415.254804 0
