0.000000 1.000000 0.000000 0.000000 1.000000 1.000000 1.000000 1.000000 0.000000 0.000000 0.000000 0.000000 0.000000 0.000000 0.000000 150.000000 150.000000 150.000000 150.000000 0
0.001493 1.000000 0.000000 0.000000 1.000000 1.000000 1.000000 1.000000 0.000000 0.000000 0.000000 0.000000 0.000000 0.000000 0.000000 156.947978 156.950394 150.939664 156.852101 0
0.020076 1.000000 0.000000 0.000000 1.000000 1.000000 1.000000 1.000000 0.000000 0.000000 0.000000 0.000000 0.000000 0.000000 0.000000 242.833029 242.839188 164.865142 240.093543 0
0.032304 1.000000 0.000000 0.933653 0.066347 1.000000 1.000000 1.000000 0.933653 0.000000 0.000000 0.000000 0.000000 0.000000 0.000000 298.465195 298.465210 171.661210 292.840135 0
0.043387 1.000000 0.000000 0.943838 0.056162 1.000000 1.000000 1.000000 0.943838 0.000000 0.000000 0.000000 0.000000 0.000000 0.000000 348.309696 348.309723 177.678312 339.731043 0
0.054017 1.000000 0.000000 0.946958 0.053042 1.000000 1.000000 1.000000 0.946958 0.000000 0.000000 0.000000 0.000000 0.000000 0.000000 395.618037 395.618073 183.358743 384.032737 0
0.064433 1.000000 0.000000 0.948509 0.051491 1.000000 1.000000 1.000000 0.948509 0.000000 0.000000 0.000000 0.000000 0.000000 0.000000 441.501255 441.501282 188.846634 426.863553 0
0.074741 1.000000 0.000000 0.949233 0.050767 1.000000 1.000000 1.000000 0.949233 0.000000 0.000000 0.000000 0.000000 0.000000 0.000000 486.454685 486.454712 194.205755 468.724747 0
0.084995 1.000000 0.000000 0.949902 0.050098 1.000000 1.000000 1.000000 0.949902 0.000000 0.000000 0.000000 0.000000 0.000000 0.000000 530.598963 530.598999 199.453917 509.756273 0
0.095227 1.000000 0.000000 0.950554 0.049446 1.000000 1.000000 1.000000 0.950554 0.000000 0.000000 0.000000 0.000000 0.000000 0.000000 573.495226 573.495300 204.542780 549.572809 0
0.105458 1.000000 0.000000 0.950976 0.049024 1.000000 1.000000 1.000000 0.950976 0.000000 0.000000 0.000000 0.000000 0.000000 0.000000 615.336905 615.336975 209.496111 588.358511 0
0.157937 1.000000 0.000000 0.952114 0.047886 1.000000 1.000000 1.000000 0.043096 0.909018 0.000000 0.000000 0.000000 0.000000 0.000000 817.224673 817.225708 233.227233 774.875811 0
0.210707 1.000000 0.000000 0.952941 0.047059 1.000000 1.000000 1.000000 0.031105 0.006859 0.017760 0.897217 0.000000 0.000000 0.000000 1003.851677 1003.852722 255.030721 946.531283 0
0.262253 1.000000 0.000000 0.953920 0.046080 0.092032 1.000000 1.000000 0.028670 0.004321 0.005116 0.915813 0.000000 0.000000 0.000000 1173.160913 1173.161011 274.358942 1101.638490 0
0.311668 1.000000 0.000000 0.050568 0.045388 0.084752 1.000000 0.095955 0.027898 0.003342 0.003843 0.015485 0.892952 0.000000 0.000000 1324.838465 1324.838867 291.866511 1240.119255 0
0.360690 0.115435 0.884565 0.042985 0.044894 0.081823 1.000000 0.087879 0.027691 0.002833 0.003056 0.009405 0.908962 0.884979 0.000000 1451.066146 1451.067017 306.080019 1354.591717 0
0.409237 0.096616 0.903384 0.040812 0.044552 0.080598 0.105607 0.085364 0.027818 0.002594 0.002745 0.007655 0.912702 0.903448 0.000000 1533.858366 1533.859131 316.067616 1430.484740 0
0.460126 0.091730 0.908270 0.039706 0.044393 0.079715 0.095422 0.084099 0.027874 0.002522 0.002371 0.006939 0.914453 0.908310 0.000000 1616.017705 1616.018433 325.300709 1505.198381 0
0.484391 0.081847 0.918153 0.049311 0.017689 0.060347 0.086550 0.066999 0.031017 0.004034 0.003843 0.010416 0.930343 0.919529 0.891305 1646.454422 1648.558838 329.210827 1544.940522 0
0.495893 0.080869 0.919131 0.050663 0.014816 0.058994 0.081155 0.065479 0.032354 0.003971 0.003907 0.010432 0.931895 0.922911 0.891886 1646.659956 1851.843628 330.527014 1555.690725 1
0.504734 0.077097 0.922903 0.053957 0.007790 0.054968 0.077049 0.061748 0.035600 0.003748 0.003581 0.011029 0.936009 0.927510 0.892873 1646.562850 2078.151123 331.709390 1563.871506 2
0.512807 0.073500 0.926500 0.054873 0.003613 0.051817 0.073707 0.058485 0.036842 0.003549 0.003684 0.010798 0.939112 0.930884 0.893700 1646.512759 1772.309814 332.869750 1568.531230 0
0.520803 0.071782 0.928218 0.054451 0.001981 0.049692 0.071240 0.056432 0.036484 0.003740 0.003461 0.010766 0.941125 0.933160 0.894353 1646.458640 2074.801514 333.356081 1571.160206 2
0.527916 0.070564 0.929436 0.053568 0.001345 0.048316 0.069466 0.054912 0.035616 0.003716 0.003517 0.010718 0.942549 0.934879 0.894878 1646.354603 2200.156494 333.654570 1572.667076 4
0.535732 0.070047 0.929953 0.052899 0.000923 0.047281 0.068201 0.053822 0.034797 0.003684 0.003644 0.010774 0.943719 0.936024 0.895483 1646.379807 2289.805664 333.269342 1573.543535 6
0.542826 0.069267 0.930733 0.052557 0.000716 0.046685 0.067572 0.053273 0.034407 0.003780 0.003613 0.010758 0.944364 0.936550 0.895833 1646.340879 2561.999756 333.764938 1574.088458 7
0.550435 0.069601 0.930399 0.052064 0.000573 0.046191 0.066944 0.052637 0.033985 0.003875 0.003700 0.010503 0.944825 0.937099 0.896143 1646.326859 2522.673096 334.001607 1574.394116 4
0.558226 0.068710 0.931290 0.051729 0.000485 0.045857 0.066578 0.052215 0.033714 0.003915 0.003708 0.010392 0.945175 0.937481 0.896334 1646.287065 2623.998535 334.009282 1574.394672 8
0.565568 0.069426 0.930574 0.051467 0.000462 0.045555 0.066283 0.051928 0.033340 0.003923 0.003732 0.010472 0.945470 0.937799 0.896605 1646.242328 2699.796387 333.787372 1574.291100 6
0.572596 0.069657 0.930343 0.051356 0.000414 0.045388 0.065965 0.051769 0.033165 0.003955 0.003764 0.010472 0.945684 0.937958 0.896812 1646.193665 2684.800781 333.698531 1574.119568 4
0.580337 0.069657 0.930343 0.051260 0.000390 0.045189 0.065718 0.051650 0.032887 0.004018 0.003764 0.010591 0.945828 0.938149 0.896947 1646.202856 2764.548096 333.725646 1573.847397 4
0.588006 0.068503 0.931497 0.051180 0.000374 0.045022 0.065535 0.051554 0.032799 0.004010 0.003811 0.010559 0.945931 0.938229 0.897162 1646.144531 2920.239990 334.030022 1573.683180 7
0.595752 0.069729 0.930271 0.051101 0.000326 0.044831 0.065368 0.051427 0.032664 0.004010 0.003835 0.010591 0.946106 0.938428 0.897329 1646.122198 2836.085449 334.184362 1573.636609 2
0.603342 0.070373 0.929627 0.051101 0.000263 0.044775 0.065193 0.051363 0.032632 0.003987 0.003859 0.010623 0.946249 0.938531 0.897464 1646.097640 2063.557861 334.005925 1573.348140 6
0.611233 0.069864 0.930136 0.051053 0.000239 0.044656 0.065113 0.051292 0.032489 0.004042 0.003883 0.010639 0.946297 0.938563 0.897591 1646.070161 1970.042358 333.922402 1573.013071 3
0.619208 0.070190 0.929810 0.050974 0.000207 0.044592 0.065074 0.051180 0.032425 0.004058 0.003899 0.010591 0.946369 0.938618 0.897695 1646.065506 1963.330933 333.370992 1572.847145 6
0.627013 0.069904 0.930096 0.050886 0.000207 0.044528 0.064994 0.051093 0.032386 0.004058 0.003915 0.010527 0.946440 0.938698 0.897846 1646.003805 2066.129883 333.934332 1572.670045 4
0.634795 0.070644 0.929356 0.050886 0.000191 0.044520 0.064930 0.051077 0.032306 0.004114 0.003923 0.010543 0.946464 0.938738 0.897941 1645.973295 2286.794189 333.777663 1572.439343 5
0.642361 0.070421 0.929579 0.050838 0.000191 0.044465 0.064922 0.051029 0.032282 0.004098 0.003915 0.010543 0.946488 0.938770 0.898005 1645.931289 2185.833252 333.594430 1572.220413 2
0.649787 0.070548 0.929452 0.050830 0.000191 0.044457 0.064819 0.051021 0.032226 0.004130 0.003891 0.010583 0.946560 0.938809 0.898101 1645.897391 2135.365967 333.623125 1571.954643 3
0.657552 0.070198 0.929802 0.050822 0.000191 0.044433 0.064700 0.051013 0.032195 0.004138 0.003883 0.010607 0.946576 0.938833 0.898236 1645.886571 2076.494385 333.223743 1571.691799 3
0.665056 0.069983 0.930017 0.050799 0.000191 0.044369 0.064652 0.050989 0.032123 0.004122 0.003923 0.010631 0.946615 0.938873 0.898315 1645.868026 2064.439209 333.166577 1571.546704 8
0.672691 0.070134 0.929866 0.050791 0.000191 0.044337 0.064612 0.050982 0.032099 0.004098 0.003923 0.010671 0.946631 0.938921 0.898379 1645.858106 2043.237305 333.564885 1571.470172 2
0.680589 0.070683 0.929317 0.050791 0.000167 0.044305 0.064588 0.050958 0.032059 0.004130 0.003923 0.010679 0.946663 0.938961 0.898634 1645.799320 2115.131836 333.615722 1571.214045 4
0.688720 0.070843 0.929157 0.050735 0.000167 0.044202 0.064556 0.050902 0.032004 0.004122 0.003915 0.010694 0.946671 0.938985 0.898745 1645.810361 2234.911377 333.233658 1570.982522 2
0.696866 0.071153 0.928847 0.050751 0.000143 0.044162 0.064541 0.050894 0.031964 0.004130 0.003931 0.010726 0.946671 0.939000 0.898857 1645.770627 2006.696411 333.817437 1571.113896 5
0.704915 0.071113 0.928887 0.050751 0.000135 0.044162 0.064525 0.050886 0.031940 0.004146 0.003947 0.010718 0.946671 0.939000 0.898952 1645.725580 1811.831055 332.958943 1570.378166 1
0.713299 0.072140 0.927860 0.050735 0.000127 0.044122 0.064517 0.050862 0.031876 0.004201 0.003939 0.010718 0.946695 0.939024 0.899024 1645.704258 2079.827393 333.234513 1570.143018 5
0.721786 0.071169 0.928831 0.050687 0.000127 0.044099 0.064477 0.050814 0.031805 0.004209 0.003939 0.010734 0.946727 0.939096 0.899254 1645.707085 1946.571289 333.412196 1569.955331 4
0.729865 0.072108 0.927892 0.050679 0.000127 0.044099 0.064461 0.050806 0.031797 0.004217 0.003939 0.010726 0.946735 0.939136 0.899366 1645.888495 1913.744385 333.468030 1569.854889 1
0.738828 0.072442 0.927558 0.050671 0.000127 0.044083 0.064453 0.050799 0.031781 0.004233 0.003939 0.010718 0.946735 0.939144 0.899429 1645.702018 1877.224365 333.385945 1569.505604 1
0.747151 0.072275 0.927725 0.050671 0.000127 0.044067 0.064413 0.050799 0.031749 0.004233 0.003947 0.010742 0.946743 0.939160 0.899485 1645.731391 1975.685913 333.100257 1569.428636 4
0.755313 0.072673 0.927327 0.050671 0.000127 0.044051 0.064397 0.050799 0.031749 0.004225 0.003947 0.010750 0.946743 0.939168 0.899549 1645.789658 2076.663574 333.111109 1569.090556 4
0.763775 0.071622 0.928378 0.050671 0.000127 0.044051 0.064397 0.050799 0.031749 0.004217 0.003955 0.010750 0.946759 0.939183 0.899605 1645.760985 2197.924805 333.097545 1569.121597 5
0.772259 0.072036 0.927964 0.050647 0.000127 0.044043 0.064357 0.050775 0.031741 0.004225 0.003955 0.010726 0.946775 0.939199 0.899692 1645.854667 2054.439697 333.123221 1568.927286 3
0.780932 0.071583 0.928417 0.050615 0.000127 0.044027 0.064326 0.050743 0.031733 0.004225 0.003963 0.010694 0.946790 0.939215 0.899835 1645.838261 1974.600952 333.204019 1568.697521 2
0.789667 0.072012 0.927988 0.050623 0.000119 0.044003 0.064318 0.050743 0.031701 0.004233 0.003971 0.010718 0.946790 0.939239 0.899891 1645.931934 2039.041504 332.673283 1568.379058 4
0.798360 0.072434 0.927566 0.050623 0.000119 0.043987 0.064302 0.050743 0.031685 0.004241 0.003971 0.010726 0.946798 0.939247 0.899971 1645.894943 2113.765137 333.299869 1568.264983 5
0.807261 0.072339 0.927661 0.050623 0.000119 0.043987 0.064262 0.050743 0.031677 0.004241 0.003979 0.010726 0.946822 0.939271 0.899994 1645.752296 2154.366943 332.542766 1567.866023 7
0.816193 0.073134 0.926866 0.050623 0.000119 0.043979 0.064254 0.050743 0.031646 0.004273 0.003971 0.010734 0.946822 0.939279 0.900098 1645.776555 2057.188477 332.767814 1567.936187 3
0.824775 0.073636 0.926364 0.050623 0.000119 0.043971 0.064254 0.050743 0.031630 0.004281 0.003971 0.010742 0.946822 0.939279 0.900169 1645.857488 2138.833008 333.093609 1567.526764 4
0.833319 0.072848 0.927152 0.050623 0.000119 0.043971 0.064254 0.050743 0.031630 0.004273 0.003971 0.010750 0.946822 0.939287 0.900209 1645.859790 2259.436523 332.726130 1567.310930 5
0.842102 0.073126 0.926874 0.050623 0.000119 0.043971 0.064238 0.050743 0.031614 0.004273 0.003987 0.010750 0.946846 0.939287 0.900265 1645.806965 2332.458984 332.682307 1566.977136 5
0.850876 0.073413 0.926587 0.050608 0.000119 0.043971 0.064238 0.050727 0.031614 0.004265 0.003994 0.010734 0.946854 0.939295 0.900329 1645.699872 2461.619385 332.989655 1567.026114 9
0.859659 0.073468 0.926532 0.050608 0.000119 0.043963 0.064238 0.050727 0.031598 0.004265 0.004002 0.010742 0.946854 0.939303 0.900345 1645.856692 2520.916260 332.588585 1566.671167 8
0.868748 0.073158 0.926842 0.050608 0.000119 0.043963 0.064230 0.050727 0.031582 0.004273 0.004010 0.010742 0.946854 0.939311 0.900400 1645.827666 2645.034424 333.224000 1566.574286 6
0.877712 0.074041 0.925959 0.050592 0.000119 0.043947 0.064230 0.050711 0.031574 0.004273 0.004018 0.010726 0.946854 0.939311 0.900440 1645.814196 2950.506592 332.087107 1566.328773 5
0.886689 0.074614 0.925386 0.050592 0.000119 0.043947 0.064230 0.050711 0.031558 0.004289 0.004018 0.010726 0.946854 0.939311 0.900480 1645.699284 3009.234619 333.118781 1566.110467 5
0.895590 0.073190 0.926810 0.050592 0.000119 0.043947 0.064222 0.050711 0.031558 0.004289 0.004018 0.010726 0.946854 0.939311 0.900528 1645.860781 3011.285889 332.638346 1565.940458 9
0.905214 0.073731 0.926269 0.050592 0.000119 0.043947 0.064214 0.050711 0.031550 0.004297 0.004018 0.010726 0.946854 0.939311 0.900583 1645.863806 3071.986572 332.782380 1565.724100 10
0.915517 0.073978 0.926022 0.050584 0.000119 0.043947 0.064214 0.050703 0.031550 0.004297 0.004018 0.010718 0.946862 0.939319 0.900655 1645.929645 3104.851807 333.457323 1565.446176 7
0.925229 0.073739 0.926261 0.050592 0.000111 0.043939 0.064214 0.050703 0.031550 0.004305 0.004018 0.010718 0.946862 0.939319 0.900750 1645.874253 3252.832275 332.296779 1565.429386 7
0.934580 0.074399 0.925601 0.050592 0.000111 0.043931 0.064206 0.050703 0.031534 0.004313 0.004018 0.010726 0.946862 0.939327 0.900814 1645.783097 3228.946533 332.183565 1565.016033 8
0.943892 0.074471 0.925529 0.050584 0.000111 0.043924 0.064198 0.050695 0.031518 0.004321 0.004018 0.010726 0.946878 0.939327 0.900862 1645.787642 3326.410889 332.115937 1564.593534 9
0.953409 0.074256 0.925744 0.050592 0.000095 0.043916 0.064174 0.050687 0.031526 0.004297 0.004042 0.010726 0.946878 0.939335 0.900917 1645.648567 3002.289307 331.856100 1564.199764 9
0.963056 0.075171 0.924829 0.050592 0.000095 0.043916 0.064151 0.050687 0.031518 0.004297 0.004034 0.010742 0.946878 0.939351 0.901053 1645.804220 2777.164795 331.725283 1564.493226 8
0.973312 0.075020 0.924980 0.050592 0.000095 0.043908 0.064151 0.050687 0.031486 0.004313 0.004026 0.010766 0.946878 0.939358 0.901132 1645.754424 2724.899902 332.948462 1564.108320 9
0.983398 0.074248 0.925752 0.050568 0.000095 0.043884 0.064143 0.050663 0.031463 0.004305 0.004050 0.010750 0.946878 0.939366 0.901212 1645.841404 2782.841064 332.545358 1564.210744 7
0.992807 0.075283 0.924717 0.050568 0.000095 0.043860 0.064135 0.050663 0.031447 0.004313 0.004034 0.010774 0.946902 0.939374 0.901260 1645.825349 2748.351562 332.148543 1563.590432 5
1.002825 0.076062 0.923938 0.050568 0.000095 0.043860 0.064135 0.050663 0.031447 0.004313 0.004034 0.010774 0.946902 0.939374 0.901307 1645.752698 2968.335205 331.651248 1563.636492 10
1.011989 0.075394 0.924606 0.050568 0.000095 0.043860 0.064135 0.050663 0.031447 0.004313 0.004034 0.010774 0.946902 0.939382 0.901347 1645.784844 2265.987061 331.891445 1563.278117 12
1.022533 0.075474 0.924526 0.050560 0.000095 0.043860 0.064135 0.050655 0.031447 0.004305 0.004042 0.010766 0.946910 0.939390 0.901435 1645.794076 2316.031738 331.677971 1562.979710 8
1.032407 0.075354 0.924646 0.050560 0.000095 0.043860 0.064135 0.050655 0.031431 0.004321 0.004042 0.010766 0.946910 0.939390 0.901467 1645.857079 2277.800537 332.627977 1563.063417 7
1.041981 0.075394 0.924606 0.050552 0.000095 0.043852 0.064135 0.050647 0.031415 0.004329 0.004042 0.010766 0.946910 0.939390 0.901482 1645.687844 2260.440186 332.104110 1562.497968 9
1.052429 0.076182 0.923818 0.050552 0.000095 0.043852 0.064111 0.050647 0.031399 0.004337 0.004042 0.010774 0.946910 0.939390 0.901602 1645.697117 2330.006348 331.803303 1562.246359 9
1.062891 0.076047 0.923953 0.050552 0.000095 0.043852 0.064111 0.050647 0.031296 0.004432 0.004034 0.010790 0.946910 0.939414 0.901642 1645.673409 2307.150879 332.483417 1562.189176 8
1.072544 0.076198 0.923802 0.050552 0.000095 0.043852 0.064111 0.050647 0.031296 0.004432 0.004034 0.010790 0.946910 0.939414 0.901737 1645.661594 2365.914062 332.022741 1561.766514 6
1.082136 0.075832 0.924168 0.050552 0.000095 0.043852 0.064111 0.050647 0.031296 0.004432 0.004034 0.010790 0.946910 0.939422 0.901777 1645.869127 2344.901611 331.721700 1561.703600 9
1.092189 0.075593 0.924407 0.050552 0.000095 0.043852 0.064111 0.050647 0.031296 0.004432 0.004034 0.010790 0.946910 0.939422 0.901833 1645.828933 2342.222900 331.669850 1561.457589 10
1.101862 0.075410 0.924590 0.050552 0.000095 0.043852 0.064111 0.050647 0.031296 0.004432 0.004034 0.010790 0.946910 0.939422 0.901833 1645.765203 2496.522949 331.424569 1561.218202 9
1.112310 0.076755 0.923245 0.050552 0.000095 0.043852 0.064111 0.050647 0.031296 0.004432 0.004034 0.010790 0.946910 0.939430 0.901864 1645.667753 2591.408203 332.103653 1561.311540 11
1.121811 0.076635 0.923365 0.050552 0.000095 0.043852 0.064079 0.050647 0.031296 0.004432 0.004034 0.010790 0.946918 0.939454 0.901920 1645.756564 2554.643555 331.450711 1560.640740 10
1.132359 0.076317 0.923683 0.050552 0.000095 0.043852 0.064079 0.050647 0.031296 0.004432 0.004034 0.010790 0.946918 0.939454 0.901928 1645.738385 2593.479980 331.879736 1560.351068 8
1.141906 0.076635 0.923365 0.050552 0.000095 0.043852 0.064071 0.050647 0.031296 0.004432 0.004034 0.010790 0.946918 0.939454 0.901960 1645.648193 2489.388428 331.182609 1560.219711 6
1.152045 0.075848 0.924152 0.050552 0.000095 0.043852 0.064071 0.050647 0.031296 0.004432 0.004034 0.010790 0.946918 0.939454 0.902016 1645.833802 2551.551758 331.511638 1560.263115 10
1.162762 0.076429 0.923571 0.050552 0.000095 0.043852 0.064063 0.050647 0.031288 0.004440 0.004034 0.010790 0.946918 0.939454 0.902063 1645.807323 2732.739502 331.786097 1559.924941 8
1.172447 0.077479 0.922521 0.050552 0.000095 0.043852 0.064063 0.050647 0.031288 0.004440 0.004034 0.010790 0.946918 0.939454 0.902079 1645.800946 2675.179443 331.113333 1559.460649 9
1.182712 0.077503 0.922497 0.050552 0.000095 0.043852 0.064047 0.050647 0.031288 0.004440 0.004034 0.010790 0.946918 0.939462 0.902119 1645.802027 2754.000488 331.259724 1559.587235 17
1.192702 0.076818 0.923182 0.050544 0.000095 0.043844 0.064039 0.050639 0.031288 0.004432 0.004042 0.010782 0.946918 0.939478 0.902151 1645.754787 2540.578613 331.383869 1559.535633 13
1.203595 0.077367 0.922633 0.050544 0.000095 0.043844 0.064031 0.050639 0.031288 0.004432 0.004042 0.010782 0.946918 0.939478 0.902175 1645.785947 2577.009277 331.574595 1559.136591 11
1.213885 0.077789 0.922211 0.050544 0.000095 0.043844 0.064031 0.050639 0.031288 0.004424 0.004050 0.010782 0.946918 0.939478 0.902183 1645.798599 2558.545410 331.135925 1558.682680 8
1.268301 0.078641 0.921359 0.044353 0.000000 0.037924 0.060085 0.044353 0.023171 0.004981 0.005196 0.011005 0.953069 0.944467 0.909272 1645.967529 2288.082031 344.851250 1559.097355 4
1.325111 0.079357 0.920643 0.042260 0.000000 0.035600 0.058628 0.042260 0.020020 0.004997 0.005594 0.011649 0.955281 0.946130 0.912312 1646.272515 2244.929199 350.834701 1558.770277 5
1.384929 0.078577 0.921423 0.041139 0.000000 0.034486 0.057864 0.041139 0.018699 0.005005 0.005665 0.011769 0.956387 0.947172 0.913665 1645.863171 2166.483154 348.298716 1557.783325 6
1.445886 0.080312 0.919688 0.040526 0.000000 0.033667 0.057292 0.040526 0.017888 0.005021 0.005586 0.012031 0.957071 0.947833 0.914628 1646.049507 1835.672607 345.078145 1555.326138 1
1.507836 0.083940 0.916060 0.039834 0.000000 0.032935 0.056806 0.039834 0.017164 0.005061 0.005578 0.012031 0.957676 0.948231 0.915702 1646.226049 2047.902832 348.206232 1553.770328 1
1.570385 0.084282 0.915718 0.039340 0.000000 0.032433 0.056384 0.039340 0.016615 0.005061 0.005498 0.012166 0.958273 0.948756 0.916617 1645.735969 2050.696289 340.882815 1551.527265 2
1.635211 0.085221 0.914779 0.039253 0.000000 0.032338 0.056313 0.039253 0.016471 0.005021 0.005554 0.012206 0.958336 0.948820 0.917110 1645.751082 1793.914917 340.313743 1549.297015 0
1.699690 0.087688 0.912312 0.038863 0.000000 0.032043 0.055788 0.038863 0.016089 0.005061 0.005506 0.012206 0.958798 0.949361 0.917986 1645.899021 1798.252808 341.010767 1548.024962 0
1.766703 0.086614 0.913386 0.038783 0.000000 0.031900 0.055724 0.038783 0.015906 0.005132 0.005498 0.012246 0.958893 0.949424 0.918264 1646.418862 1915.379639 342.342922 1547.253700 6
1.841254 0.088937 0.911063 0.038417 0.000000 0.031494 0.055398 0.038417 0.015493 0.005196 0.005443 0.012286 0.959315 0.949862 0.918590 1646.302264 1848.740723 342.622471 1546.653490 1
1.913333 0.090059 0.909941 0.038314 0.000000 0.031415 0.055270 0.038314 0.015437 0.005204 0.005419 0.012254 0.959442 0.949965 0.918829 1646.055283 1766.749268 337.339508 1543.523704 0
1.981048 0.087449 0.912551 0.038298 0.000000 0.031359 0.055270 0.038298 0.015381 0.005212 0.005443 0.012262 0.959450 0.949965 0.918869 1645.824726 1913.791504 337.903715 1544.407606 1
2.044295 0.090632 0.909368 0.038218 0.000000 0.031272 0.055231 0.038218 0.015357 0.005228 0.005395 0.012238 0.959490 0.950013 0.918964 1646.102641 1764.030884 338.353868 1541.152016 0
2.119967 0.088746 0.911254 0.038194 0.000000 0.031256 0.055183 0.038194 0.015349 0.005220 0.005387 0.012238 0.959498 0.950061 0.919044 1646.020680 1863.187500 335.004617 1539.905035 1
2.191955 0.090433 0.909567 0.038194 0.000000 0.031240 0.055167 0.038194 0.015341 0.005212 0.005403 0.012238 0.959498 0.950061 0.919155 1645.712638 1983.712402 337.844620 1538.833861 2
2.268611 0.093640 0.906360 0.038178 0.000000 0.031232 0.055167 0.038178 0.015341 0.005212 0.005387 0.012238 0.959498 0.950061 0.919235 1646.219679 1866.775146 339.368089 1536.744597 1
2.345766 0.094857 0.905143 0.038163 0.000000 0.031224 0.055167 0.038163 0.015286 0.005236 0.005411 0.012230 0.959498 0.950061 0.919291 1646.010783 2150.148193 336.011191 1534.329006 2
2.424004 0.093242 0.906758 0.038163 0.000000 0.031224 0.055167 0.038163 0.015286 0.005236 0.005411 0.012230 0.959498 0.950061 0.919298 1646.058188 2275.052490 335.508756 1533.546245 3
2.517332 0.093194 0.906806 0.038155 0.000000 0.031208 0.055167 0.038155 0.015270 0.005252 0.005403 0.012230 0.959514 0.950069 0.919497 1645.689841 1797.741333 334.163735 1533.331322 0
2.597440 0.097690 0.902310 0.038147 0.000000 0.031208 0.055167 0.038147 0.015270 0.005252 0.005403 0.012222 0.959530 0.950069 0.919585 1645.727179 2022.122681 332.748192 1531.108422 1
2.669334 0.098717 0.901283 0.038147 0.000000 0.031200 0.055151 0.038147 0.015270 0.005252 0.005403 0.012222 0.959530 0.950085 0.919593 1646.047896 2000.624634 333.959016 1529.506698 3
2.755204 0.099870 0.900130 0.038147 0.000000 0.031200 0.055151 0.038147 0.015270 0.005252 0.005403 0.012222 0.959530 0.950085 0.919665 1645.918842 2046.469116 333.068095 1528.078688 2
2.843378 0.102488 0.897512 0.038147 0.000000 0.031200 0.055143 0.038147 0.015270 0.005252 0.005403 0.012222 0.959530 0.950085 0.919688 1645.743103 1760.446289 334.886947 1527.004654 0
2.924208 0.103085 0.896915 0.038067 0.000000 0.031144 0.055056 0.038067 0.015254 0.005260 0.005411 0.012143 0.959578 0.950180 0.919704 1645.748185 1922.286499 329.288458 1525.930657 1
3.014691 0.105631 0.894369 0.038067 0.000000 0.031144 0.055056 0.038067 0.015254 0.005260 0.005411 0.012143 0.959578 0.950180 0.919728 1645.908862 1941.401123 333.262417 1523.275791 2
3.105162 0.105743 0.894257 0.038067 0.000000 0.031144 0.055056 0.038067 0.015254 0.005260 0.005411 0.012143 0.959578 0.950180 0.919744 1645.924064 2037.743652 330.490056 1521.446844 5
3.201858 0.104772 0.895228 0.038067 0.000000 0.031144 0.055056 0.038067 0.015254 0.005260 0.005411 0.012143 0.959578 0.950180 0.919744 1645.742467 1999.416748 330.977513 1521.811626 4
3.269352 0.106618 0.893382 0.038067 0.000000 0.031144 0.055056 0.038067 0.015254 0.005260 0.005411 0.012143 0.959578 0.950180 0.919760 1645.753238 2121.059082 326.452366 1519.627707 4
3.307343 0.105934 0.894066 0.038067 0.000000 0.031144 0.055056 0.038067 0.015254 0.005260 0.005411 0.012143 0.959578 0.950180 0.919760 1645.742297 2041.812866 325.208824 1518.800952 4
3.342716 0.106117 0.893883 0.038067 0.000000 0.031144 0.055056 0.038067 0.015254 0.005260 0.005411 0.012143 0.959578 0.950180 0.919760 1645.712719 1913.147217 325.320752 1518.464503 1
3.416065 0.110764 0.889236 0.038067 0.000000 0.031144 0.055056 0.038067 0.015254 0.005260 0.005411 0.012143 0.959578 0.950180 0.919776 1645.642384 2251.972656 330.465223 1520.066792 2
3.512457 0.109522 0.890478 0.038067 0.000000 0.031144 0.055056 0.038067 0.015254 0.005260 0.005411 0.012143 0.959578 0.950180 0.919808 1645.777093 2034.987305 327.647694 1516.373302 6
3.572797 0.110183 0.889817 0.038067 0.000000 0.031144 0.055056 0.038067 0.015254 0.005260 0.005411 0.012143 0.959578 0.950180 0.919824 1645.745846 1938.773926 325.043810 1514.486749 1
3.615700 0.109268 0.890732 0.038067 0.000000 0.031144 0.055056 0.038067 0.015254 0.005260 0.005411 0.012143 0.959578 0.950180 0.919832 1645.712883 1996.064331 324.234302 1513.829168 1
3.683057 0.114026 0.885974 0.038067 0.000000 0.031144 0.055056 0.038067 0.015254 0.005260 0.005411 0.012143 0.959578 0.950180 0.919832 1645.713205 1773.860840 328.871619 1514.955795 0
3.797790 0.112188 0.887812 0.038067 0.000000 0.031144 0.055056 0.038067 0.015254 0.005260 0.005411 0.012143 0.959578 0.950180 0.919840 1645.688865 1884.548706 326.733610 1512.872125 1
3.857199 0.113652 0.886348 0.038067 0.000000 0.031144 0.055056 0.038067 0.015254 0.005260 0.005411 0.012143 0.959578 0.950180 0.919848 1645.737731 1724.860229 323.972904 1510.711516 0
3.900210 0.112299 0.887701 0.038067 0.000000 0.031144 0.055056 0.038067 0.015254 0.005260 0.005411 0.012143 0.959578 0.950180 0.919848 1645.696119 1902.666748 323.633677 1510.221024 1
3.946985 0.114543 0.885457 0.038067 0.000000 0.031144 0.055056 0.038067 0.015254 0.005260 0.005411 0.012143 0.959578 0.950180 0.919848 1645.716070 1904.818726 324.159908 1509.697472 3
4.033889 0.115920 0.884080 0.038067 0.000000 0.031144 0.055056 0.038067 0.015254 0.005260 0.005411 0.012143 0.959578 0.950180 0.919848 1645.725244 1733.883423 325.414860 1509.588998 0
4.116879 0.116612 0.883388 0.038067 0.000000 0.031144 0.055056 0.038067 0.015254 0.005260 0.005411 0.012143 0.959578 0.950180 0.919855 1645.659552 1880.518433 325.515728 1508.305740 1
4.213967 0.118092 0.881908 0.038067 0.000000 0.031144 0.055056 0.038067 0.015254 0.005260 0.005411 0.012143 0.959578 0.950180 0.919855 1645.715341 2006.318604 323.955763 1506.374393 2
4.282376 0.119055 0.880945 0.038067 0.000000 0.031144 0.055056 0.038067 0.015254 0.005260 0.005411 0.012143 0.959578 0.950180 0.919855 1645.707678 1801.184082 323.516476 1505.698030 0
4.343431 0.119031 0.880969 0.038067 0.000000 0.031144 0.055056 0.038067 0.015254 0.005260 0.005411 0.012143 0.959578 0.950180 0.919855 1645.727051 1782.113281 322.907013 1504.948404 0
4.404625 0.118060 0.881940 0.038067 0.000000 0.031144 0.055056 0.038067 0.015254 0.005260 0.005411 0.012143 0.959578 0.950180 0.919855 1645.698652 1749.723389 323.181460 1504.304909 0
4.458916 0.120790 0.879210 0.038067 0.000000 0.031144 0.055056 0.038067 0.015254 0.005260 0.005411 0.012143 0.959578 0.950180 0.919855 1645.697173 1675.218628 322.530700 1503.216382 0
4.495763 0.121227 0.878773 0.038067 0.000000 0.031144 0.055056 0.038067 0.015254 0.005260 0.005411 0.012143 0.959578 0.950180 0.919855 1645.710017 1687.914917 321.965103 1502.408234 0
4.523000 0.123097 0.876903 0.038067 0.000000 0.031144 0.055056 0.038067 0.015254 0.005260 0.005411 0.012143 0.959578 0.950180 0.919855 1645.709891 1925.487793 321.756236 1501.991844 1
4.546059 0.122500 0.877500 0.038067 0.000000 0.031144 0.055056 0.038067 0.015254 0.005260 0.005411 0.012143 0.959578 0.950180 0.919855 1645.704984 1853.773926 321.592552 1501.504483 1
4.568632 0.122835 0.877165 0.038067 0.000000 0.031144 0.055056 0.038067 0.015254 0.005260 0.005411 0.012143 0.959578 0.950180 0.919855 1645.688010 1785.661865 321.557992 1501.175656 0
4.591706 0.122914 0.877086 0.038067 0.000000 0.031144 0.055056 0.038067 0.015254 0.005260 0.005411 0.012143 0.959578 0.950180 0.919855 1645.704314 1964.885132 321.486402 1500.864978 1
4.614711 0.122739 0.877261 0.038067 0.000000 0.031144 0.055056 0.038067 0.015254 0.005260 0.005411 0.012143 0.959578 0.950180 0.919855 1645.709542 1695.954590 321.468756 1500.664352 0
4.637759 0.123328 0.876672 0.038067 0.000000 0.031144 0.055056 0.038067 0.015254 0.005260 0.005411 0.012143 0.959578 0.950180 0.919863 1645.705307 1684.141602 321.466511 1500.435287 0
4.662257 0.122198 0.877802 0.038067 0.000000 0.031144 0.055056 0.038067 0.015254 0.005260 0.005411 0.012143 0.959578 0.950180 0.919863 1645.716455 1698.178345 321.451318 1500.212682 0
4.688788 0.122723 0.877277 0.038067 0.000000 0.031144 0.055056 0.038067 0.015254 0.005260 0.005411 0.012143 0.959578 0.950180 0.919863 1645.709272 1695.171753 321.495791 1500.116101 0
4.718316 0.122978 0.877022 0.038067 0.000000 0.031144 0.055056 0.038067 0.015254 0.005260 0.005411 0.012143 0.959578 0.950180 0.919863 1645.699814 1778.606934 321.511447 1499.723385 0
4.752925 0.123153 0.876847 0.038067 0.000000 0.031144 0.055056 0.038067 0.015254 0.005260 0.005411 0.012143 0.959578 0.950180 0.919863 1645.725582 1907.359741 321.540565 1499.347689 2
4.785976 0.123980 0.876020 0.038067 0.000000 0.031144 0.055056 0.038067 0.015254 0.005260 0.005411 0.012143 0.959578 0.950180 0.919887 1645.696613 2390.960205 321.356106 1498.943515 6
4.812522 0.124569 0.875431 0.038067 0.000000 0.031144 0.055056 0.038067 0.015254 0.005260 0.005411 0.012143 0.959578 0.950180 0.919887 1645.710343 2273.423828 321.233523 1498.533430 2
4.836560 0.124378 0.875622 0.038067 0.000000 0.031144 0.055056 0.038067 0.015254 0.005260 0.005411 0.012143 0.959578 0.950180 0.919887 1645.712206 2179.754639 321.132482 1498.184706 2
4.861556 0.124601 0.875399 0.038067 0.000000 0.031144 0.055056 0.038067 0.015254 0.005260 0.005411 0.012143 0.959578 0.950180 0.919895 1645.710774 2071.925049 321.124509 1497.981937 2
4.886700 0.125572 0.874428 0.038067 0.000000 0.031144 0.055056 0.038067 0.015254 0.005260 0.005411 0.012143 0.959578 0.950180 0.919895 1645.708870 1983.874390 321.069422 1497.636134 1
4.911416 0.125683 0.874317 0.038067 0.000000 0.031144 0.055056 0.038067 0.015254 0.005260 0.005411 0.012143 0.959578 0.950180 0.919895 1645.714002 1886.289917 321.017264 1497.316053 1
4.936665 0.125230 0.874770 0.038067 0.000000 0.031144 0.055056 0.038067 0.015254 0.005260 0.005411 0.012143 0.959578 0.950180 0.919895 1645.719421 1790.161621 321.000797 1497.090209 0
4.962792 0.124490 0.875510 0.038067 0.000000 0.031144 0.055056 0.038067 0.015254 0.005260 0.005411 0.012143 0.959578 0.950180 0.919895 1645.711442 1775.761597 321.011257 1496.974418 0
4.990905 0.123726 0.876274 0.038067 0.000000 0.031144 0.055056 0.038067 0.015254 0.005260 0.005411 0.012143 0.959578 0.950180 0.919895 1645.717293 1724.508179 321.023788 1496.713452 0
5.022134 0.125691 0.874309 0.038067 0.000000 0.031144 0.055056 0.038067 0.015254 0.005260 0.005411 0.012143 0.959578 0.950180 0.919895 1645.717064 1760.451050 321.061824 1496.318751 0
5.055648 0.126734 0.873266 0.038067 0.000000 0.031144 0.055056 0.038067 0.015254 0.005260 0.005411 0.012143 0.959578 0.950180 0.919895 1645.708529 1742.377930 320.961058 1495.745297 0
5.087672 0.126614 0.873386 0.038067 0.000000 0.031144 0.055056 0.038067 0.015254 0.005260 0.005411 0.012143 0.959578 0.950180 0.919895 1645.712694 1786.438354 320.923642 1495.435085 0
5.119183 0.127076 0.872924 0.038067 0.000000 0.031144 0.055056 0.038067 0.015254 0.005260 0.005411 0.012143 0.959578 0.950180 0.919895 1645.707308 1720.052734 320.795660 1494.777243 0
5.150299 0.129447 0.870553 0.038067 0.000000 0.031144 0.055056 0.038067 0.015254 0.005260 0.005411 0.012143 0.959578 0.950180 0.919895 1645.708014 1726.991211 320.770701 1494.532224 0
5.176120 0.128699 0.871301 0.038067 0.000000 0.031144 0.055056 0.038067 0.015254 0.005260 0.005411 0.012143 0.959578 0.950180 0.919895 1645.722696 1684.940186 320.571741 1493.863813 0
5.198484 0.128691 0.871309 0.038067 0.000000 0.031144 0.055056 0.038067 0.015254 0.005260 0.005411 0.012143 0.959578 0.950180 0.919895 1645.712630 1649.178467 320.442801 1493.422432 0
5.218127 0.129248 0.870752 0.038067 0.000000 0.031144 0.055056 0.038067 0.015254 0.005260 0.005411 0.012143 0.959578 0.950180 0.919895 1645.710570 1659.967896 320.434433 1493.242335 0
5.236213 0.128747 0.871253 0.038067 0.000000 0.031144 0.055056 0.038067 0.015254 0.005260 0.005411 0.012143 0.959578 0.950180 0.919895 1645.697647 1656.299316 320.366228 1492.977949 0
5.254287 0.128269 0.871731 0.038067 0.000000 0.031144 0.055056 0.038067 0.015254 0.005260 0.005411 0.012143 0.959578 0.950180 0.919895 1645.669891 1784.165283 320.384503 1492.857800 0
5.271391 0.127911 0.872089 0.038067 0.000000 0.031144 0.055056 0.038067 0.015254 0.005260 0.005411 0.012143 0.959578 0.950180 0.919895 1645.691043 1896.286011 320.286612 1492.430720 2
5.287896 0.128476 0.871524 0.038067 0.000000 0.031144 0.055056 0.038067 0.015254 0.005260 0.005411 0.012143 0.959578 0.950180 0.919903 1645.671399 1957.079468 320.263383 1492.215543 2
5.304521 0.128389 0.871611 0.038067 0.000000 0.031144 0.055056 0.038067 0.015254 0.005260 0.005411 0.012143 0.959578 0.950180 0.919903 1645.696349 2040.934204 320.210292 1491.887403 3
5.321461 0.128277 0.871723 0.038067 0.000000 0.031144 0.055056 0.038067 0.015254 0.005260 0.005411 0.012143 0.959578 0.950180 0.919903 1645.673907 2010.326782 320.166616 1491.585755 2
5.339337 0.128667 0.871333 0.038067 0.000000 0.031144 0.055056 0.038067 0.015254 0.005260 0.005411 0.012143 0.959578 0.950180 0.919903 1645.689231 1964.994751 320.163953 1491.346617 2
5.358467 0.128755 0.871245 0.038067 0.000000 0.031144 0.055056 0.038067 0.015254 0.005260 0.005411 0.012143 0.959578 0.950180 0.919903 1645.691207 1917.804077 320.100857 1490.965824 2
5.374941 0.128643 0.871357 0.038067 0.000000 0.031144 0.055056 0.038067 0.015254 0.005260 0.005411 0.012143 0.959578 0.950180 0.919903 1645.711120 1878.373047 320.034634 1490.712309 2
5.389304 0.129097 0.870903 0.038067 0.000000 0.031144 0.055056 0.038067 0.015254 0.005260 0.005411 0.012143 0.959578 0.950180 0.919903 1645.703672 1844.671265 319.974905 1490.399086 1
5.402654 0.129169 0.870831 0.038067 0.000000 0.031144 0.055056 0.038067 0.015254 0.005260 0.005411 0.012143 0.959578 0.950180 0.919903 1645.695346 1814.186768 319.934227 1490.222112 1
5.415301 0.130848 0.869152 0.038067 0.000000 0.031144 0.055056 0.038067 0.015254 0.005260 0.005411 0.012143 0.959578 0.950180 0.919903 1645.694250 1785.934204 319.964243 1490.192912 0
5.427600 0.130919 0.869081 0.038067 0.000000 0.031144 0.055056 0.038067 0.015254 0.005260 0.005411 0.012143 0.959578 0.950180 0.919903 1645.674943 1797.092529 319.900327 1489.827722 0
5.439858 0.131229 0.868771 0.038067 0.000000 0.031144 0.055056 0.038067 0.015254 0.005260 0.005411 0.012143 0.959578 0.950180 0.919911 1645.670985 1873.929443 319.878005 1489.628262 3
5.452406 0.132105 0.867895 0.038067 0.000000 0.031144 0.055056 0.038067 0.015254 0.005260 0.005411 0.012143 0.959578 0.950180 0.919911 1645.660044 1849.095215 319.886520 1489.432023 1
5.465513 0.131094 0.868906 0.038067 0.000000 0.031144 0.055056 0.038067 0.015254 0.005260 0.005411 0.012143 0.959578 0.950180 0.919919 1645.532911 1769.810425 319.835502 1489.172645 0
5.479368 0.130959 0.869041 0.038067 0.000000 0.031144 0.055056 0.038067 0.015254 0.005260 0.005411 0.012143 0.959578 0.950180 0.919919 1645.432764 1796.535400 319.796183 1488.865011 0
5.494702 0.130704 0.869296 0.038067 0.000000 0.031144 0.055056 0.038067 0.015254 0.005260 0.005411 0.012143 0.959578 0.950180 0.919919 1645.425059 1785.972046 319.776635 1488.571575 0
5.512307 0.130999 0.869001 0.038067 0.000000 0.031144 0.055056 0.038067 0.015254 0.005260 0.005411 0.012143 0.959578 0.950180 0.919919 1645.378817 1774.081543 319.770667 1488.261762 0
5.533325 0.131190 0.868810 0.038067 0.000000 0.031144 0.055056 0.038067 0.015254 0.005260 0.005411 0.012143 0.959578 0.950180 0.919919 1645.292468 1760.192383 319.766638 1487.842474 0
5.558468 0.132328 0.867672 0.038067 0.000000 0.031144 0.055056 0.038067 0.015254 0.005260 0.005411 0.012143 0.959578 0.950180 0.919919 1645.172442 1744.077515 319.712341 1487.335943 0
5.580352 0.132447 0.867553 0.038067 0.000000 0.031144 0.055056 0.038067 0.015254 0.005260 0.005411 0.012143 0.959578 0.950180 0.919919 1645.083863 1730.661133 319.585833 1486.919160 0
5.598256 0.132845 0.867155 0.038067 0.000000 0.031144 0.055056 0.038067 0.015254 0.005260 0.005411 0.012143 0.959578 0.950180 0.919919 1645.031491 1723.117676 319.503848 1486.578367 0
5.614003 0.132415 0.867585 0.038067 0.000000 0.031144 0.055056 0.038067 0.015254 0.005260 0.005411 0.012143 0.959578 0.950180 0.919919 1644.978247 1714.177490 319.449927 1486.310704 0
5.628401 0.132375 0.867625 0.038067 0.000000 0.031144 0.055056 0.038067 0.015254 0.005260 0.005411 0.012143 0.959578 0.950180 0.919919 1644.847367 1706.190308 319.413031 1486.046150 0
5.642549 0.132320 0.867680 0.038067 0.000000 0.031144 0.055056 0.038067 0.015254 0.005260 0.005411 0.012143 0.959578 0.950180 0.919919 1644.836512 1698.537476 319.370920 1485.787985 0
5.656760 0.132582 0.867418 0.038067 0.000000 0.031144 0.055056 0.038067 0.015254 0.005260 0.005411 0.012143 0.959578 0.950180 0.919919 1644.816445 1691.048462 319.340567 1485.554148 0
5.671363 0.132630 0.867370 0.038067 0.000000 0.031144 0.055056 0.038067 0.015254 0.005260 0.005411 0.012143 0.959578 0.950180 0.919919 1644.829563 1690.001343 319.329383 1485.373609 0
5.686729 0.132717 0.867283 0.038067 0.000000 0.031144 0.055056 0.038067 0.015254 0.005260 0.005411 0.012143 0.959578 0.950180 0.919919 1644.642901 1683.234009 319.294230 1485.083930 0
5.703110 0.133044 0.866956 0.038067 0.000000 0.031144 0.055056 0.038067 0.015254 0.005260 0.005411 0.012143 0.959578 0.950180 0.919919 1644.711932 1676.126831 319.262482 1484.789519 0
5.720930 0.133251 0.866749 0.038067 0.000000 0.031144 0.055056 0.038067 0.015254 0.005260 0.005411 0.012143 0.959578 0.950180 0.919919 1644.643073 1668.518433 319.248418 1484.532301 0
5.740967 0.132956 0.867044 0.038067 0.000000 0.031144 0.055056 0.038067 0.015254 0.005260 0.005411 0.012143 0.959578 0.950180 0.919919 1644.579808 1660.115479 319.295117 1484.607659 0
5.763471 0.133099 0.866901 0.038067 0.000000 0.031144 0.055056 0.038067 0.015254 0.005260 0.005411 0.012143 0.959578 0.950180 0.919919 1644.598961 1650.833618 319.289719 1484.285363 0
5.789542 0.133450 0.866550 0.038067 0.000000 0.031144 0.055056 0.038067 0.015254 0.005260 0.005411 0.012143 0.959578 0.950180 0.919919 1644.579396 1652.410645 319.260142 1483.847754 0
5.817879 0.133378 0.866622 0.038067 0.000000 0.031144 0.055056 0.038067 0.015254 0.005260 0.005411 0.012143 0.959578 0.950180 0.919919 1644.431904 1699.381348 319.252643 1483.438360 0
5.847718 0.134778 0.865222 0.038067 0.000000 0.031144 0.055056 0.038067 0.015254 0.005260 0.005411 0.012143 0.959578 0.950180 0.919919 1644.507553 1673.054443 319.194709 1482.972457 0
5.875485 0.136163 0.863837 0.038067 0.000000 0.031144 0.055056 0.038067 0.015254 0.005260 0.005411 0.012143 0.959578 0.950180 0.919927 1644.711690 1772.604614 319.169445 1482.778725 0
5.898838 0.136059 0.863941 0.038067 0.000000 0.031144 0.055056 0.038067 0.015254 0.005260 0.005411 0.012143 0.959578 0.950180 0.919927 1644.815274 1744.083008 319.055714 1482.378387 0
5.920482 0.137301 0.862699 0.038067 0.000000 0.031144 0.055056 0.038067 0.015254 0.005260 0.005411 0.012143 0.959578 0.950180 0.919927 1644.823056 1718.484131 319.045664 1482.192017 0
5.943008 0.137205 0.862795 0.038067 0.000000 0.031144 0.055056 0.038067 0.015254 0.005260 0.005411 0.012143 0.959578 0.950180 0.919927 1644.828640 1692.284790 318.968602 1481.625142 0
5.966961 0.137166 0.862834 0.038067 0.000000 0.031144 0.055056 0.038067 0.015254 0.005260 0.005411 0.012143 0.959578 0.950180 0.919927 1644.746590 1667.946777 318.890257 1481.068690 0
5.991195 0.137611 0.862389 0.038067 0.000000 0.031144 0.055056 0.038067 0.015254 0.005260 0.005411 0.012143 0.959578 0.950180 0.919927 1644.548974 1724.589722 318.821272 1480.568888 0
6.015042 0.137921 0.862079 0.038067 0.000000 0.031144 0.055056 0.038067 0.015254 0.005260 0.005411 0.012143 0.959578 0.950180 0.919927 1644.608595 1775.094604 318.799208 1480.359195 0
6.035804 0.139131 0.860869 0.038067 0.000000 0.031144 0.055056 0.038067 0.015254 0.005260 0.005411 0.012143 0.959578 0.950180 0.919943 1644.752120 1753.171753 318.771604 1480.139780 0
6.055524 0.139505 0.860495 0.038067 0.000000 0.031144 0.055056 0.038067 0.015254 0.005260 0.005411 0.012143 0.959578 0.950180 0.919943 1644.777559 1732.641235 318.743275 1479.819262 0
6.075822 0.139911 0.860089 0.038067 0.000000 0.031144 0.055056 0.038067 0.015254 0.005260 0.005411 0.012143 0.959578 0.950180 0.919943 1644.617665 1713.862915 318.642396 1479.283072 0
6.095732 0.139179 0.860821 0.038067 0.000000 0.031144 0.055056 0.038067 0.015254 0.005260 0.005411 0.012143 0.959578 0.950180 0.919943 1644.717331 1707.805664 318.583770 1478.923484 0
6.115953 0.137969 0.862031 0.038067 0.000000 0.031144 0.055056 0.038067 0.015254 0.005260 0.005411 0.012143 0.959578 0.950180 0.919943 1644.819477 1851.848145 318.576176 1478.775386 1
6.137133 0.137150 0.862850 0.038067 0.000000 0.031144 0.055056 0.038067 0.015254 0.005260 0.005411 0.012143 0.959578 0.950180 0.919943 1644.722476 1779.171021 318.593926 1478.619596 0
6.159394 0.137158 0.862842 0.038067 0.000000 0.031144 0.055056 0.038067 0.015254 0.005260 0.005411 0.012143 0.959578 0.950180 0.919943 1644.668382 1707.952148 318.519264 1478.127738 0
6.179846 0.137579 0.862421 0.038067 0.000000 0.031144 0.055056 0.038067 0.015254 0.005260 0.005411 0.012143 0.959578 0.950180 0.919943 1644.623908 1685.298706 318.415231 1477.586690 0
6.197695 0.138001 0.861999 0.038067 0.000000 0.031144 0.055056 0.038067 0.015254 0.005260 0.005411 0.012143 0.959578 0.950180 0.919943 1644.740384 1670.506470 318.331322 1477.139448 0
6.214240 0.137945 0.862055 0.038067 0.000000 0.031144 0.055056 0.038067 0.015254 0.005260 0.005411 0.012143 0.959578 0.950180 0.919943 1644.822990 1713.112549 318.277582 1476.785396 0
6.231542 0.137834 0.862166 0.038067 0.000000 0.031144 0.055056 0.038067 0.015254 0.005260 0.005411 0.012143 0.959578 0.950180 0.919943 1644.681466 1968.304810 318.303089 1476.788504 4
6.248342 0.138916 0.861084 0.038067 0.000000 0.031144 0.055056 0.038067 0.015254 0.005260 0.005411 0.012143 0.959578 0.950180 0.919943 1644.747094 1938.999878 318.238832 1476.378235 3
6.263812 0.138884 0.861116 0.038067 0.000000 0.031144 0.055056 0.038067 0.015254 0.005260 0.005411 0.012143 0.959578 0.950180 0.919943 1644.855551 1912.307983 318.163613 1475.966418 3
6.278549 0.138415 0.861585 0.038067 0.000000 0.031144 0.055056 0.038067 0.015254 0.005260 0.005411 0.012143 0.959578 0.950180 0.919943 1644.488046 1887.051270 318.119219 1475.666971 3
6.293099 0.139147 0.860853 0.038067 0.000000 0.031144 0.055056 0.038067 0.015254 0.005260 0.005411 0.012143 0.959578 0.950180 0.919943 1644.508070 1848.953125 318.118090 1475.640025 1
6.307827 0.139608 0.860392 0.038067 0.000000 0.031144 0.055056 0.038067 0.015254 0.005260 0.005411 0.012143 0.959578 0.950180 0.919943 1644.313247 1830.408447 318.090194 1475.316208 1
6.323244 0.140149 0.859851 0.038067 0.000000 0.031144 0.055056 0.038067 0.015254 0.005260 0.005411 0.012143 0.959578 0.950180 0.919943 1643.957728 1811.297607 318.095873 1475.149568 1
6.339696 0.140635 0.859365 0.038067 0.000000 0.031144 0.055056 0.038067 0.015254 0.005260 0.005411 0.012143 0.959578 0.950180 0.919943 1643.997971 1838.395874 318.073587 1474.804830 2
6.357434 0.140468 0.859532 0.038067 0.000000 0.031144 0.055056 0.038067 0.015254 0.005260 0.005411 0.012143 0.959578 0.950180 0.919943 1643.570188 1831.281738 318.034717 1474.465431 2
6.375655 0.141200 0.858800 0.038067 0.000000 0.031144 0.055056 0.038067 0.015254 0.005260 0.005411 0.012143 0.959578 0.950180 0.919943 1643.294847 1819.853394 317.991706 1474.156313 1
6.392675 0.140515 0.859485 0.038067 0.000000 0.031144 0.055056 0.038067 0.015254 0.005260 0.005411 0.012143 0.959578 0.950180 0.919943 1643.647905 2111.732666 317.943744 1473.994879 7
6.407935 0.140388 0.859612 0.038067 0.000000 0.031144 0.055056 0.038067 0.015254 0.005260 0.005411 0.012143 0.959578 0.950180 0.919951 1643.571281 1936.501953 317.875994 1473.643414 3
6.421956 0.140412 0.859588 0.038067 0.000000 0.031144 0.055056 0.038067 0.015254 0.005260 0.005411 0.012143 0.959578 0.950180 0.919951 1643.446365 1910.976807 317.816219 1473.294744 4
6.435411 0.140388 0.859612 0.038067 0.000000 0.031144 0.055056 0.038067 0.015254 0.005260 0.005411 0.012143 0.959578 0.950180 0.919951 1643.300675 2040.799072 317.765079 1472.967046 3
6.448678 0.139712 0.860288 0.038067 0.000000 0.031144 0.055056 0.038067 0.015254 0.005260 0.005411 0.012143 0.959578 0.950180 0.919951 1643.554877 2021.239868 317.746611 1472.796369 3
6.462079 0.138757 0.861243 0.038067 0.000000 0.031144 0.055056 0.038067 0.015254 0.005260 0.005411 0.012143 0.959578 0.950180 0.919951 1643.473942 2050.972656 317.729545 1472.697152 4
6.476081 0.138248 0.861752 0.038067 0.000000 0.031144 0.055056 0.038067 0.015254 0.005260 0.005411 0.012143 0.959578 0.950180 0.919951 1643.223338 2407.665771 317.714643 1472.474913 6
6.491944 0.138622 0.861378 0.038067 0.000000 0.031144 0.055056 0.038067 0.015254 0.005260 0.005411 0.012143 0.959578 0.950180 0.919951 1642.925170 1979.308228 317.732111 1472.241632 5
6.510334 0.136807 0.863193 0.038067 0.000000 0.031144 0.055056 0.038067 0.015254 0.005260 0.005411 0.012143 0.959578 0.950180 0.919951 1643.300365 1908.127319 317.738883 1472.104305 4
6.532134 0.136410 0.863590 0.038067 0.000000 0.031144 0.055056 0.038067 0.015254 0.005260 0.005411 0.012143 0.959578 0.950180 0.919951 1643.019335 1934.488281 317.776986 1471.857895 3
6.556994 0.136768 0.863232 0.038067 0.000000 0.031144 0.055056 0.038067 0.015254 0.005260 0.005411 0.012143 0.959578 0.950180 0.919951 1642.990987 1913.537354 317.827072 1471.558429 2
6.583596 0.136187 0.863813 0.038067 0.000000 0.031144 0.055056 0.038067 0.015254 0.005260 0.005411 0.012143 0.959578 0.950180 0.919951 1642.628197 1772.557617 317.672270 1470.816444 0
6.603747 0.136505 0.863495 0.038067 0.000000 0.031144 0.055056 0.038067 0.015254 0.005260 0.005411 0.012143 0.959578 0.950180 0.919951 1642.581004 1752.737793 317.470100 1470.121845 0
6.619573 0.136322 0.863678 0.038067 0.000000 0.031144 0.055056 0.038067 0.015254 0.005260 0.005411 0.012143 0.959578 0.950180 0.919951 1642.360260 1746.409302 317.378655 1469.733660 0
6.633621 0.136378 0.863622 0.038067 0.000000 0.031144 0.055056 0.038067 0.015254 0.005260 0.005411 0.012143 0.959578 0.950180 0.919951 1642.500667 1731.575562 317.344800 1469.504988 0
6.647256 0.135725 0.864275 0.038067 0.000000 0.031144 0.055056 0.038067 0.015254 0.005260 0.005411 0.012143 0.959578 0.950180 0.919951 1642.447285 1732.556519 317.342171 1469.463400 0
6.661678 0.136163 0.863837 0.038067 0.000000 0.031144 0.055056 0.038067 0.015254 0.005260 0.005411 0.012143 0.959578 0.950180 0.919951 1642.462065 1923.003052 317.303317 1469.102586 1
6.676813 0.135908 0.864092 0.038067 0.000000 0.031144 0.055056 0.038067 0.015254 0.005260 0.005411 0.012143 0.959578 0.950180 0.919951 1642.389402 1885.363525 317.286493 1468.824750 1
6.693415 0.135701 0.864299 0.038067 0.000000 0.031144 0.055056 0.038067 0.015254 0.005260 0.005411 0.012143 0.959578 0.950180 0.919951 1642.343715 1843.672852 317.248436 1468.413184 1
6.711965 0.135876 0.864124 0.038067 0.000000 0.031144 0.055056 0.038067 0.015254 0.005260 0.005411 0.012143 0.959578 0.950180 0.919951 1642.282538 1796.769409 317.243053 1468.204590 0
6.730284 0.136179 0.863821 0.038067 0.000000 0.031144 0.055056 0.038067 0.015254 0.005260 0.005411 0.012143 0.959578 0.950180 0.919951 1642.173078 1751.312866 317.142676 1467.630438 0
6.747384 0.136529 0.863471 0.038067 0.000000 0.031144 0.055056 0.038067 0.015254 0.005260 0.005411 0.012143 0.959578 0.950180 0.919951 1641.812166 1795.213501 317.087769 1467.357817 0
6.763938 0.136752 0.863248 0.038067 0.000000 0.031144 0.055056 0.038067 0.015254 0.005260 0.005411 0.012143 0.959578 0.950180 0.919951 1641.646334 1784.889648 317.016971 1466.866132 0
6.780594 0.137213 0.862787 0.038067 0.000000 0.031144 0.055056 0.038067 0.015254 0.005260 0.005411 0.012143 0.959578 0.950180 0.919951 1641.671274 1774.106567 316.951637 1466.415460 0
6.797177 0.137818 0.862182 0.038067 0.000000 0.031144 0.055056 0.038067 0.015254 0.005260 0.005411 0.012143 0.959578 0.950180 0.919951 1641.490019 1763.542480 316.895112 1465.993747 0
6.814235 0.138049 0.861951 0.038067 0.000000 0.031144 0.055056 0.038067 0.015254 0.005260 0.005411 0.012143 0.959578 0.950180 0.919951 1641.509745 1752.939331 316.847085 1465.599570 0
6.831648 0.137898 0.862102 0.038067 0.000000 0.031144 0.055056 0.038067 0.015254 0.005260 0.005411 0.012143 0.959578 0.950180 0.919951 1641.313428 1742.430786 316.829719 1465.287224 0
6.849251 0.138367 0.861633 0.038067 0.000000 0.031144 0.055056 0.038067 0.015254 0.005260 0.005411 0.012143 0.959578 0.950180 0.919951 1641.364590 1732.173950 316.765975 1464.848954 0
6.867443 0.138701 0.861299 0.038067 0.000000 0.031144 0.055056 0.038067 0.015254 0.005260 0.005411 0.012143 0.959578 0.950180 0.919951 1641.374743 1721.901978 316.710789 1464.412971 0
6.886613 0.139123 0.860877 0.038067 0.000000 0.031144 0.055056 0.038067 0.015254 0.005260 0.005411 0.012143 0.959578 0.950180 0.919951 1641.315021 1711.384277 316.665220 1463.981950 0
6.906963 0.139608 0.860392 0.038067 0.000000 0.031144 0.055056 0.038067 0.015254 0.005260 0.005411 0.012143 0.959578 0.950180 0.919951 1641.281916 1762.608032 316.645196 1463.624280 0
6.928979 0.140818 0.859182 0.038067 0.000000 0.031144 0.055056 0.038067 0.015254 0.005260 0.005411 0.012143 0.959578 0.950180 0.919951 1641.419830 1783.150757 316.592410 1463.112617 0
6.953345 0.140595 0.859405 0.038067 0.000000 0.031144 0.055056 0.038067 0.015254 0.005260 0.005411 0.012143 0.959578 0.950180 0.919951 1641.312568 1772.023926 316.572407 1462.750887 0
6.981084 0.141168 0.858832 0.038067 0.000000 0.031144 0.055056 0.038067 0.015254 0.005260 0.005411 0.012143 0.959578 0.950180 0.919951 1641.446553 1759.802002 316.636408 1462.525007 0
7.013452 0.142449 0.857551 0.038067 0.000000 0.031144 0.055056 0.038067 0.015254 0.005260 0.005411 0.012143 0.959578 0.950180 0.919951 1641.358358 1746.110229 316.588723 1461.829967 0
7.049929 0.142934 0.857066 0.038067 0.000000 0.031144 0.055056 0.038067 0.015254 0.005260 0.005411 0.012143 0.959578 0.950180 0.919951 1641.217931 1731.498535 316.441558 1460.892043 0
7.080036 0.143404 0.856596 0.038067 0.000000 0.031144 0.055056 0.038067 0.015254 0.005260 0.005411 0.012143 0.959578 0.950180 0.919951 1641.223355 1720.073853 316.245533 1460.129752 0
7.104785 0.144160 0.855840 0.038067 0.000000 0.031144 0.055056 0.038067 0.015254 0.005260 0.005411 0.012143 0.959578 0.950180 0.919951 1641.211194 1710.994019 316.183027 1459.683482 0
7.129659 0.144343 0.855657 0.038067 0.000000 0.031144 0.055056 0.038067 0.015254 0.005260 0.005411 0.012143 0.959578 0.950180 0.919951 1640.706081 1933.184692 316.098155 1459.137273 2
7.153949 0.144836 0.855164 0.038067 0.000000 0.031144 0.055056 0.038067 0.015254 0.005260 0.005411 0.012143 0.959578 0.950180 0.919951 1640.600471 1838.917480 316.035926 1458.628985 1
7.178517 0.145147 0.854853 0.038067 0.000000 0.031144 0.055056 0.038067 0.015254 0.005260 0.005411 0.012143 0.959578 0.950180 0.919951 1640.674386 1851.054565 315.964393 1458.101828 2
7.204507 0.145409 0.854591 0.038067 0.000000 0.031144 0.055056 0.038067 0.015254 0.005260 0.005411 0.012143 0.959578 0.950180 0.919951 1640.709050 1882.716675 315.908353 1457.551525 2
7.233411 0.145719 0.854281 0.038067 0.000000 0.031144 0.055056 0.038067 0.015254 0.005260 0.005411 0.012143 0.959578 0.950180 0.919951 1640.731880 1856.064087 315.860109 1456.964582 2
7.267290 0.146101 0.853899 0.038067 0.000000 0.031144 0.055056 0.038067 0.015254 0.005260 0.005411 0.012143 0.959578 0.950180 0.919951 1640.713995 1825.027100 315.814626 1456.310228 1
7.303530 0.146603 0.853397 0.038067 0.000000 0.031144 0.055056 0.038067 0.015254 0.005260 0.005411 0.012143 0.959578 0.950180 0.919951 1640.611886 1793.161011 315.710651 1455.627955 0
7.335864 0.147024 0.852976 0.038067 0.000000 0.031144 0.055056 0.038067 0.015254 0.005260 0.005411 0.012143 0.959578 0.950180 0.919951 1640.713663 1765.436890 315.591443 1454.991905 0
7.364777 0.147335 0.852665 0.038067 0.000000 0.031144 0.055056 0.038067 0.015254 0.005260 0.005411 0.012143 0.959578 0.950180 0.919951 1640.604179 1741.218262 315.501387 1454.454501 0
7.392391 0.147749 0.852251 0.038067 0.000000 0.031144 0.055056 0.038067 0.015254 0.005260 0.005411 0.012143 0.959578 0.950180 0.919951 1640.630024 1718.537842 315.428893 1453.955104 0
7.418862 0.148329 0.851671 0.038067 0.000000 0.031144 0.055056 0.038067 0.015254 0.005260 0.005411 0.012143 0.959578 0.950180 0.919951 1640.601037 1697.236938 315.364208 1453.485404 0
7.445500 0.148600 0.851400 0.038067 0.000000 0.031144 0.055056 0.038067 0.015254 0.005260 0.005411 0.012143 0.959578 0.950180 0.919951 1640.445750 1676.462036 315.302317 1453.007361 0
7.472839 0.149022 0.850978 0.038067 0.000000 0.031144 0.055056 0.038067 0.015254 0.005260 0.005411 0.012143 0.959578 0.950180 0.919951 1640.489473 1655.541138 315.254773 1452.530446 0
7.503309 0.149587 0.850413 0.038067 0.000000 0.031144 0.055056 0.038067 0.015254 0.005260 0.005411 0.012143 0.959578 0.950180 0.919951 1640.415212 1643.605225 315.215353 1452.017060 0
7.538546 0.150136 0.849864 0.038067 0.000000 0.031144 0.055056 0.038067 0.015254 0.005260 0.005411 0.012143 0.959578 0.950180 0.919951 1640.172243 1642.179688 315.180871 1451.433546 0
7.581979 0.150892 0.849108 0.038067 0.000000 0.031144 0.055056 0.038067 0.015254 0.005260 0.005411 0.012143 0.959578 0.950180 0.919951 1640.159633 1640.832520 315.176055 1450.762584 0
7.639986 0.151568 0.848432 0.038067 0.000000 0.031144 0.055056 0.038067 0.015254 0.005260 0.005411 0.012143 0.959578 0.950180 0.919951 1639.588319 1640.711670 315.186390 1449.863942 0
7.713328 0.152618 0.847382 0.038067 0.000000 0.031144 0.055056 0.038067 0.015254 0.005260 0.005411 0.012143 0.959578 0.950180 0.919951 1638.840219 1640.398438 315.120014 1448.773602 0
7.792698 0.153804 0.846196 0.038067 0.000000 0.031144 0.055056 0.038067 0.015254 0.005260 0.005411 0.012143 0.959578 0.950180 0.919951 1637.648158 1639.784546 315.001690 1447.577232 0
7.880029 0.155292 0.844708 0.038067 0.000000 0.031144 0.055056 0.038067 0.015254 0.005260 0.005411 0.012143 0.959578 0.950180 0.919951 1636.976876 1638.834839 314.901568 1446.293194 0
7.979104 0.156565 0.843435 0.038067 0.000000 0.031144 0.055056 0.038067 0.015254 0.005260 0.005411 0.012143 0.959578 0.950180 0.919951 1636.842357 1637.905884 314.843275 1444.883377 0
8.097411 0.158292 0.841708 0.038067 0.000000 0.031144 0.055056 0.038067 0.015254 0.005260 0.005411 0.012143 0.959578 0.950180 0.919951 1636.254813 1637.247437 314.722310 1443.264659 0
8.227147 0.160066 0.839934 0.038067 0.000000 0.031144 0.055056 0.038067 0.015254 0.005260 0.005411 0.012143 0.959578 0.950180 0.919951 1635.810232 1636.820312 314.535921 1441.499711 0
8.358923 0.161833 0.838167 0.038067 0.000000 0.031144 0.055056 0.038067 0.015254 0.005260 0.005411 0.012143 0.959578 0.950180 0.919951 1635.533616 1636.313965 314.279142 1439.726960 0
8.484031 0.163480 0.836520 0.038067 0.000000 0.031144 0.055056 0.038067 0.015254 0.005260 0.005411 0.012143 0.959578 0.950180 0.919951 1634.308769 1635.444580 314.051740 1438.071142 0
8.624239 0.165429 0.834571 0.038067 0.000000 0.031144 0.055056 0.038067 0.015254 0.005260 0.005411 0.012143 0.959578 0.950180 0.919951 1632.695300 1633.997925 313.943556 1436.316385 0
8.761482 0.167029 0.832971 0.038067 0.000000 0.031144 0.055056 0.038067 0.015254 0.005260 0.005411 0.012143 0.959578 0.950180 0.919951 1632.064758 1633.132202 313.590523 1434.560114 0
8.884088 0.168612 0.831388 0.038067 0.000000 0.031144 0.055056 0.038067 0.015254 0.005260 0.005411 0.012143 0.959578 0.950180 0.919951 1631.255626 1632.546387 313.350878 1433.017147 0
9.007016 0.170227 0.829773 0.038067 0.000000 0.031144 0.055056 0.038067 0.015254 0.005260 0.005411 0.012143 0.959578 0.950180 0.919951 1630.620589 1631.836426 313.166059 1431.529188 0
9.141676 0.171700 0.828300 0.038067 0.000000 0.031144 0.055056 0.038067 0.015254 0.005260 0.005411 0.012143 0.959578 0.950180 0.919951 1629.497148 1631.085571 313.055017 1429.951702 0
9.277454 0.173219 0.826781 0.038067 0.000000 0.031144 0.055056 0.038067 0.015254 0.005260 0.005411 0.012143 0.959578 0.950180 0.919951 1628.636076 1630.056641 312.755127 1428.347449 0
9.393857 0.174572 0.825428 0.038067 0.000000 0.031144 0.055056 0.038067 0.015254 0.005260 0.005411 0.012143 0.959578 0.950180 0.919951 1627.912761 1629.339478 312.492716 1426.975497 0
9.500655 0.175925 0.824075 0.038067 0.000000 0.031144 0.055056 0.038067 0.015254 0.005260 0.005411 0.012143 0.959578 0.950180 0.919951 1627.417005 1628.352051 312.294957 1425.746627 0
9.611093 0.177055 0.822945 0.038067 0.000000 0.031144 0.055056 0.038067 0.015254 0.005260 0.005411 0.012143 0.959578 0.950180 0.919951 1627.089573 1627.974121 312.185265 1424.514574 0
9.736944 0.178590 0.821410 0.038067 0.000000 0.031144 0.055056 0.038067 0.015254 0.005260 0.005411 0.012143 0.959578 0.950180 0.919951 1626.520589 1627.559937 312.078076 1423.156524 0
9.867891 0.180126 0.819874 0.038067 0.000000 0.031144 0.055056 0.038067 0.015254 0.005260 0.005411 0.012143 0.959578 0.950180 0.919951 1626.131107 1627.059937 311.907708 1421.736186 0
10.005188 0.181749 0.818251 0.038067 0.000000 0.031144 0.055056 0.038067 0.015254 0.005260 0.005411 0.012143 0.959578 0.950180 0.919951 1625.385717 1626.503540 311.779592 1420.286783 0
10.161056 0.183285 0.816715 0.038067 0.000000 0.031144 0.055056 0.038067 0.015254 0.005260 0.005411 0.012143 0.959578 0.950180 0.919951 1624.584365 1625.862793 311.619613 1418.676598 0
10.312629 0.184630 0.815370 0.038067 0.000000 0.031144 0.055056 0.038067 0.015254 0.005260 0.005411 0.012143 0.959578 0.950180 0.919951 1624.242371 1625.054565 311.403810 1417.109234 0
10.472710 0.186054 0.813946 0.038067 0.000000 0.031144 0.055056 0.038067 0.015254 0.005260 0.005411 0.012143 0.959578 0.950180 0.919951 1623.292850 1624.593750 311.245008 1415.498871 0
10.637273 0.187518 0.812482 0.038067 0.000000 0.031144 0.055056 0.038067 0.015254 0.005260 0.005411 0.012143 0.959578 0.950180 0.919951 1623.207085 1623.964722 311.017174 1413.858270 0
10.790875 0.188855 0.811145 0.038067 0.000000 0.031144 0.055056 0.038067 0.015254 0.005260 0.005411 0.012143 0.959578 0.950180 0.919951 1622.293922 1623.368164 310.727254 1412.322117 0
10.919330 0.190073 0.809927 0.038067 0.000000 0.031144 0.055056 0.038067 0.015254 0.005260 0.005411 0.012143 0.959578 0.950180 0.919951 1621.899078 1622.918457 310.443470 1411.030688 0
