-100000.00 166.60 1681.20
 -99899.95 167.30 1651.14
 -99799.90 168.01 1621.23
 -99699.85 168.71 1591.53
 -99599.80 169.40 1562.05
 -99499.75 170.09 1532.82
 -99399.70 170.78 1503.89
 -99299.65 171.46 1475.29
 -99199.60 172.14 1447.04
 -99099.55 172.81 1419.18
 -98999.50 173.48 1391.73
 -98899.45 174.15 1364.72
 -98799.40 174.81 1338.16
 -98699.35 175.47 1312.07
 -98599.30 176.12 1286.37
 -98499.25 176.77 1261.00
 -98399.20 177.42 1235.96
 -98299.15 178.06 1211.28
 -98199.10 178.69 1186.96
 -98099.05 179.33 1163.04
 -97999.00 179.95 1139.52
 -97898.95 180.58 1116.41
 -97798.90 181.20 1093.72
 -97698.85 181.81 1071.47
 -97598.80 182.42 1049.66
 -97498.75 183.03 1028.30
 -97398.70 183.63 1007.39
 -97298.65 184.22 986.94
 -97198.60 184.82 966.94
 -97098.55 185.41 947.40
 -96998.50 185.99 928.32
 -96898.45 186.57 909.69
 -96798.40 187.14 891.53
 -96698.35 187.71 873.82
 -96598.30 188.28 856.56
 -96498.25 188.84 839.75
 -96398.20 189.40 823.38
 -96298.15 189.95 807.46
 -96198.10 190.50 791.96
 -96098.05 191.04 776.89
 -95998.00 191.58 762.24
 -95897.95 192.11 748.00
 -95797.90 192.64 734.16
 -95697.85 193.17 720.71
 -95597.80 193.69 707.64
 -95497.75 194.20 694.96
 -95397.70 194.71 682.63
 -95297.65 195.22 670.67
 -95197.60 195.72 659.06
 -95097.55 196.22 647.78
 -94997.50 196.71 636.83
 -94897.45 197.20 626.21
 -94797.40 197.68 615.90
 -94697.35 198.16 605.88
 -94597.30 198.63 596.17
 -94497.25 199.10 586.73
 -94397.20 199.57 577.58
 -94297.15 200.03 568.69
 -94197.10 200.48 560.06
 -94097.05 200.93 551.69
 -93997.00 201.38 543.55
 -93896.95 201.82 535.66
 -93796.90 202.26 527.99
 -93696.85 202.69 520.55
 -93596.80 203.11 513.31
 -93496.75 203.54 506.29
 -93396.70 203.95 499.47
 -93296.65 204.37 492.84
 -93196.60 204.77 486.39
 -93096.55 205.18 480.13
 -92996.50 205.57 474.05
 -92896.45 205.97 468.13
 -92796.40 206.36 462.38
 -92696.35 206.74 456.79
 -92596.30 207.12 451.35
 -92496.25 207.50 446.06
 -92396.20 207.87 440.92
 -92296.15 208.23 435.91
 -92196.10 208.59 431.04
 -92096.05 208.95 426.30
 -91996.00 209.30 421.69
 -91895.95 209.65 417.20
 -91795.90 209.99 412.82
 -91695.85 210.32 408.57
 -91595.80 210.66 404.42
 -91495.75 210.98 400.38
 -91395.70 211.31 396.44
 -91295.65 211.63 392.61
 -91195.60 211.94 388.87
 -91095.55 212.25 385.23
 -90995.50 212.55 381.68
 -90895.45 212.85 378.22
 -90795.40 213.15 374.84
 -90695.35 213.44 371.55
 -90595.30 213.72 368.34
 -90495.25 214.00 365.21
 -90395.20 214.28 362.15
 -90295.15 214.55 359.17
 -90195.10 214.82 356.26
 -90095.05 215.08 353.42
 -89995.00 215.34 350.65
 -89894.95 215.59 347.94
 -89794.90 215.84 345.30
 -89694.85 216.09 342.72
 -89594.80 216.33 340.19
 -89494.75 216.56 337.73
 -89394.70 216.79 335.33
 -89294.65 217.02 332.97
 -89194.60 217.24 330.68
 -89094.55 217.46 328.43
 -88994.50 217.67 326.24
 -88894.45 217.88 324.09
 -88794.40 218.08 321.99
 -88694.35 218.28 319.94
 -88594.30 218.48 317.93
 -88494.25 218.67 315.97
 -88394.20 218.85 314.05
 -88294.15 219.03 312.17
 -88194.10 219.21 310.33
 -88094.05 219.38 308.53
 -87994.00 219.55 306.77
 -87893.95 219.72 305.05
 -87793.90 219.88 303.36
 -87693.85 220.03 301.70
 -87593.80 220.18 300.09
 -87493.75 220.33 298.50
 -87393.70 220.47 296.95
 -87293.65 220.61 295.42
 -87193.60 220.75 293.93
 -87093.55 220.88 292.47
 -86993.50 221.00 291.03
 -86893.45 221.12 289.63
 -86793.40 221.24 288.25
 -86693.35 221.35 286.90
 -86593.30 221.46 285.57
 -86493.25 221.57 284.27
 -86393.20 221.67 283.00
 -86293.15 221.76 281.75
 -86193.10 221.86 280.52
 -86093.05 221.95 279.31
 -85993.00 222.03 278.13
 -85892.95 222.11 276.96
 -85792.90 222.19 275.82
 -85692.85 222.26 274.70
 -85592.80 222.33 273.60
 -85492.75 222.39 272.52
 -85392.70 222.45 271.45
 -85292.65 222.51 270.41
 -85192.60 222.56 269.38
 -85092.55 222.61 268.37
 -84992.50 222.66 267.38
 -84892.45 222.70 266.40
 -84792.40 222.74 265.44
 -84692.35 222.77 264.49
 -84592.30 222.80 263.56
 -84492.25 222.83 262.65
 -84392.20 222.85 261.75
 -84292.15 222.87 260.86
 -84192.10 222.89 259.99
 -84092.05 222.90 259.13
 -83992.00 222.91 258.29
 -83891.95 222.91 257.45
 -83791.90 222.91 256.63
 -83691.85 222.91 255.82
 -83591.80 222.90 255.03
 -83491.75 222.89 254.24
 -83391.70 222.88 253.47
 -83291.65 222.86 252.71
 -83191.60 222.84 251.96
 -83091.55 222.82 251.22
 -82991.50 222.79 250.49
 -82891.45 222.76 249.77
 -82791.40 222.73 249.06
 -82691.35 222.69 248.36
 -82591.30 222.65 247.67
 -82491.25 222.61 246.99
 -82391.20 222.56 246.32
 -82291.15 222.51 245.65
 -82191.10 222.46 245.00
 -82091.05 222.40 244.35
 -81991.00 222.34 243.71
 -81890.95 222.28 243.09
 -81790.90 222.21 242.46
 -81690.85 222.15 241.85
 -81590.80 222.07 241.25
 -81490.75 222.00 240.65
 -81390.70 221.92 240.06
 -81290.65 221.84 239.47
 -81190.60 221.76 238.90
 -81090.55 221.67 238.33
 -80990.50 221.58 237.77
 -80890.45 221.49 237.21
 -80790.40 221.39 236.66
 -80690.35 221.29 236.12
 -80590.30 221.19 235.58
 -80490.25 221.09 235.05
 -80390.20 220.98 234.53
 -80290.15 220.87 234.01
 -80190.10 220.76 233.50
 -80090.05 220.65 232.99
 -79989.99 220.53 232.49
 -79889.94 220.41 232.00
 -79789.89 220.29 231.51
 -79689.84 220.16 231.02
 -79589.79 220.03 230.54
 -79489.74 219.90 230.07
 -79389.69 219.77 229.60
 -79289.64 219.63 229.14
 -79189.59 219.50 228.68
 -79089.54 219.36 228.22
 -78989.49 219.21 227.78
 -78889.44 219.07 227.33
 -78789.39 218.92 226.89
 -78689.34 218.77 226.46
 -78589.29 218.62 226.03
 -78489.24 218.47 225.60
 -78389.19 218.31 225.18
 -78289.14 218.15 224.76
 -78189.09 217.99 224.35
 -78089.04 217.83 223.94
 -77988.99 217.66 223.53
 -77888.94 217.50 223.13
 -77788.89 217.33 222.73
 -77688.84 217.16 222.34
 -77588.79 216.98 221.95
 -77488.74 216.81 221.56
 -77388.69 216.63 221.18
 -77288.64 216.45 220.80
 -77188.59 216.27 220.43
 -77088.54 216.09 220.06
 -76988.49 215.90 219.69
 -76888.44 215.72 219.32
 -76788.39 215.53 218.96
 -76688.34 215.34 218.60
 -76588.29 215.15 218.25
 -76488.24 214.95 217.90
 -76388.19 214.76 217.55
 -76288.14 214.56 217.21
 -76188.09 214.36 216.86
 -76088.04 214.16 216.53
 -75987.99 213.96 216.19
 -75887.94 213.76 215.86
 -75787.89 213.55 215.53
 -75687.84 213.34 215.20
 -75587.79 213.14 214.88
 -75487.74 212.93 214.56
 -75387.69 212.72 214.24
 -75287.64 212.50 213.92
 -75187.59 212.29 213.61
 -75087.54 212.07 213.30
 -74987.49 211.86 212.99
 -74887.44 211.64 212.69
 -74787.39 211.42 212.38
 -74687.34 211.20 212.09
 -74587.29 210.98 211.79
 -74487.24 210.76 211.49
 -74387.19 210.53 211.20
 -74287.14 210.31 210.91
 -74187.09 210.08 210.62
 -74087.04 209.85 210.34
 -73986.99 209.62 210.06
 -73886.94 209.39 209.78
 -73786.89 209.16 209.50
 -73686.84 208.93 209.22
 -73586.79 208.70 208.95
 -73486.74 208.46 208.68
 -73386.69 208.23 208.41
 -73286.64 207.99 208.14
 -73186.59 207.76 207.88
 -73086.54 207.52 207.62
 -72986.49 207.28 207.35
 -72886.44 207.04 207.10
 -72786.39 206.80 206.84
 -72686.34 206.56 206.59
 -72586.29 206.32 206.33
 -72486.24 206.07 206.08
 -72386.19 205.83 205.83
 -72286.14 205.59 205.59
 -72186.09 205.34 205.34
 -72086.04 205.10 205.10
 -71985.99 204.85 204.85
 -71885.94 204.60 204.60
 -71785.89 204.36 204.36
 -71685.84 204.11 204.11
 -71585.79 203.86 203.86
 -71485.74 203.61 203.61
 -71385.69 203.36 203.36
 -71285.64 203.11 203.11
 -71185.59 202.86 202.86
 -71085.54 202.61 202.61
 -70985.49 202.36 202.36
 -70885.44 202.11 202.11
 -70785.39 201.86 201.86
 -70685.34 201.60 201.60
 -70585.29 201.35 201.35
 -70485.24 201.10 201.10
 -70385.19 200.84 200.84
 -70285.14 200.59 200.59
 -70185.09 200.34 200.34
 -70085.04 200.08 200.08
 -69984.99 199.83 199.83
 -69884.94 199.57 199.57
 -69784.89 199.32 199.32
 -69684.84 199.06 199.06
 -69584.79 198.81 198.81
 -69484.74 198.55 198.55
 -69384.69 198.30 198.30
 -69284.64 198.04 198.04
 -69184.59 197.79 197.79
 -69084.54 197.53 197.53
 -68984.49 197.27 197.27
 -68884.44 197.02 197.02
 -68784.39 196.76 196.76
 -68684.34 196.51 196.51
 -68584.29 196.25 196.25
 -68484.24 196.00 196.00
 -68384.19 195.74 195.74
 -68284.14 195.48 195.48
 -68184.09 195.23 195.23
 -68084.04 194.97 194.97
 -67983.99 194.72 194.72
 -67883.94 194.46 194.46
 -67783.89 194.21 194.21
 -67683.84 193.95 193.95
 -67583.79 193.70 193.70
 -67483.74 193.44 193.44
 -67383.69 193.19 193.19
 -67283.64 192.94 192.94
 -67183.59 192.68 192.68
 -67083.54 192.43 192.43
 -66983.49 192.18 192.18
 -66883.44 191.92 191.92
 -66783.39 191.67 191.67
 -66683.34 191.42 191.42
 -66583.29 191.17 191.17
 -66483.24 190.92 190.92
 -66383.19 190.66 190.66
 -66283.14 190.41 190.41
 -66183.09 190.16 190.16
 -66083.04 189.91 189.91
 -65982.99 189.66 189.66
 -65882.94 189.41 189.41
 -65782.89 189.17 189.17
 -65682.84 188.92 188.92
 -65582.79 188.67 188.67
 -65482.74 188.42 188.42
 -65382.69 188.18 188.18
 -65282.64 187.93 187.93
 -65182.59 187.68 187.68
 -65082.54 187.44 187.44
 -64982.49 187.19 187.19
 -64882.44 186.95 186.95
 -64782.39 186.71 186.71
 -64682.34 186.46 186.46
 -64582.29 186.22 186.22
 -64482.24 185.98 185.98
 -64382.19 185.74 185.74
 -64282.14 185.50 185.50
 -64182.09 185.26 185.26
 -64082.04 185.02 185.02
 -63981.99 184.78 184.78
 -63881.94 184.54 184.54
 -63781.89 184.31 184.31
 -63681.84 184.07 184.07
 -63581.79 183.83 183.83
 -63481.74 183.60 183.60
 -63381.69 183.36 183.36
 -63281.64 183.13 183.13
 -63181.59 182.90 182.90
 -63081.54 182.66 182.66
 -62981.49 182.43 182.43
 -62881.44 182.20 182.20
 -62781.39 181.97 181.97
 -62681.34 181.74 181.74
 -62581.29 181.52 181.52
 -62481.24 181.29 181.29
 -62381.19 181.06 181.06
 -62281.14 180.83 180.83
 -62181.09 180.61 180.61
 -62081.04 180.38 180.38
 -61980.99 180.16 180.16
 -61880.94 179.94 179.94
 -61780.89 179.72 179.72
 -61680.84 179.50 179.50
 -61580.79 179.28 179.28
 -61480.74 179.06 179.06
 -61380.69 178.84 178.84
 -61280.64 178.62 178.62
 -61180.59 178.40 178.40
 -61080.54 178.19 178.19
 -60980.49 177.97 177.97
 -60880.44 177.76 177.76
 -60780.39 177.54 177.54
 -60680.34 177.33 177.33
 -60580.29 177.12 177.12
 -60480.24 176.91 176.91
 -60380.19 176.70 176.70
 -60280.14 176.49 176.49
 -60180.09 176.28 176.28
 -60080.04 176.08 176.08
 -59979.99 175.87 175.87
 -59879.94 175.67 175.67
 -59779.89 175.46 175.46
 -59679.84 175.26 175.26
 -59579.79 175.06 175.06
 -59479.74 174.86 174.86
 -59379.69 174.66 174.66
 -59279.64 174.46 174.46
 -59179.59 174.26 174.26
 -59079.54 174.06 174.06
 -58979.49 173.87 173.87
 -58879.44 173.67 173.67
 -58779.39 173.48 173.48
 -58679.34 173.28 173.28
 -58579.29 173.09 173.09
 -58479.24 172.90 172.90
 -58379.19 172.71 172.71
 -58279.14 172.52 172.52
 -58179.09 172.33 172.33
 -58079.04 172.14 172.14
 -57978.99 171.96 171.96
 -57878.94 171.77 171.77
 -57778.89 171.59 171.59
 -57678.84 171.40 171.40
 -57578.79 171.22 171.22
 -57478.74 171.04 171.04
 -57378.69 170.86 170.86
 -57278.64 170.68 170.68
 -57178.59 170.50 170.50
 -57078.54 170.32 170.32
 -56978.49 170.15 170.15
 -56878.44 169.97 169.97
 -56778.39 169.80 169.80
 -56678.34 169.63 169.63
 -56578.29 169.45 169.45
 -56478.24 169.28 169.28
 -56378.19 169.11 169.11
 -56278.14 168.94 168.94
 -56178.09 168.77 168.77
 -56078.04 168.61 168.61
 -55977.99 168.44 168.44
 -55877.94 168.28 168.28
 -55777.89 168.11 168.11
 -55677.84 167.95 167.95
 -55577.79 167.79 167.79
 -55477.74 167.62 167.62
 -55377.69 167.46 167.46
 -55277.64 167.31 167.31
 -55177.59 167.15 167.15
 -55077.54 166.99 166.99
 -54977.49 166.83 166.83
 -54877.44 166.68 166.68
 -54777.39 166.53 166.53
 -54677.34 166.37 166.37
 -54577.29 166.22 166.22
 -54477.24 166.07 166.07
 -54377.19 165.92 165.92
 -54277.14 165.77 165.77
 -54177.09 165.62 165.62
 -54077.04 165.47 165.47
 -53976.99 165.33 165.33
 -53876.94 165.18 165.18
 -53776.89 165.04 165.04
 -53676.84 164.90 164.90
 -53576.79 164.75 164.75
 -53476.74 164.61 164.61
 -53376.69 164.47 164.47
 -53276.64 164.33 164.33
 -53176.59 164.20 164.20
 -53076.54 164.06 164.06
 -52976.49 163.92 163.92
 -52876.44 163.79 163.79
 -52776.39 163.65 163.65
 -52676.34 163.52 163.52
 -52576.29 163.39 163.39
 -52476.24 163.26 163.26
 -52376.19 163.13 163.13
 -52276.14 163.00 163.00
 -52176.09 162.87 162.87
 -52076.04 162.74 162.74
 -51975.99 162.61 162.61
 -51875.94 162.49 162.49
 -51775.89 162.36 162.36
 -51675.84 162.24 162.24
 -51575.79 162.12 162.12
 -51475.74 162.00 162.00
 -51375.69 161.88 161.88
 -51275.64 161.76 161.76
 -51175.59 161.64 161.64
 -51075.54 161.52 161.52
 -50975.49 161.40 161.40
 -50875.44 161.28 161.28
 -50775.39 161.17 161.17
 -50675.34 161.05 161.05
 -50575.29 160.94 160.94
 -50475.24 160.83 160.83
 -50375.19 160.72 160.72
 -50275.14 160.61 160.61
 -50175.09 160.50 160.50
 -50075.04 160.39 160.39
 -49974.99 160.28 160.28
 -49874.94 160.17 160.17
 -49774.89 160.07 160.07
 -49674.84 159.96 159.96
 -49574.79 159.85 159.85
 -49474.74 159.75 159.75
 -49374.69 159.65 159.65
 -49274.64 159.55 159.55
 -49174.59 159.44 159.44
 -49074.54 159.34 159.34
 -48974.49 159.24 159.24
 -48874.44 159.15 159.15
 -48774.39 159.05 159.05
 -48674.34 158.95 158.95
 -48574.29 158.85 158.85
 -48474.24 158.76 158.76
 -48374.19 158.66 158.66
 -48274.14 158.57 158.57
 -48174.09 158.48 158.48
 -48074.04 158.39 158.39
 -47973.99 158.29 158.29
 -47873.94 158.20 158.20
 -47773.89 158.11 158.11
 -47673.84 158.03 158.03
 -47573.79 157.94 157.94
 -47473.74 157.85 157.85
 -47373.69 157.76 157.76
 -47273.64 157.68 157.68
 -47173.59 157.59 157.59
 -47073.54 157.51 157.51
 -46973.49 157.42 157.42
 -46873.44 157.34 157.34
 -46773.39 157.26 157.26
 -46673.34 157.18 157.18
 -46573.29 157.10 157.10
 -46473.24 157.02 157.02
 -46373.19 156.94 156.94
 -46273.14 156.86 156.86
 -46173.09 156.78 156.78
 -46073.04 156.71 156.71
 -45972.99 156.63 156.63
 -45872.94 156.55 156.55
 -45772.89 156.48 156.48
 -45672.84 156.41 156.41
 -45572.79 156.33 156.33
 -45472.74 156.26 156.26
 -45372.69 156.19 156.19
 -45272.64 156.12 156.12
 -45172.59 156.05 156.05
 -45072.54 155.98 155.98
 -44972.49 155.91 155.91
 -44872.44 155.84 155.84
 -44772.39 155.77 155.77
 -44672.34 155.70 155.70
 -44572.29 155.64 155.64
 -44472.24 155.57 155.57
 -44372.19 155.51 155.51
 -44272.14 155.44 155.44
 -44172.09 155.38 155.38
 -44072.04 155.31 155.31
 -43971.99 155.25 155.25
 -43871.94 155.19 155.19
 -43771.89 155.13 155.13
 -43671.84 155.07 155.07
 -43571.79 155.01 155.01
 -43471.74 154.95 154.95
 -43371.69 154.89 154.89
 -43271.64 154.83 154.83
 -43171.59 154.77 154.77
 -43071.54 154.71 154.71
 -42971.49 154.66 154.66
 -42871.44 154.60 154.60
 -42771.39 154.54 154.54
 -42671.34 154.49 154.49
 -42571.29 154.44 154.44
 -42471.24 154.38 154.38
 -42371.19 154.33 154.33
 -42271.14 154.28 154.28
 -42171.09 154.22 154.22
 -42071.04 154.17 154.17
 -41970.99 154.12 154.12
 -41870.94 154.07 154.07
 -41770.89 154.02 154.02
 -41670.84 153.97 153.97
 -41570.79 153.92 153.92
 -41470.74 153.87 153.87
 -41370.69 153.82 153.82
 -41270.64 153.78 153.78
 -41170.59 153.73 153.73
 -41070.54 153.68 153.68
 -40970.49 153.64 153.64
 -40870.44 153.59 153.59
 -40770.39 153.55 153.55
 -40670.34 153.50 153.50
 -40570.29 153.46 153.46
 -40470.24 153.42 153.42
 -40370.19 153.37 153.37
 -40270.14 153.33 153.33
 -40170.09 153.29 153.29
 -40070.04 153.25 153.25
 -39969.98 153.21 153.21
 -39869.93 153.16 153.16
 -39769.88 153.12 153.12
 -39669.83 153.08 153.08
 -39569.78 153.04 153.04
 -39469.73 153.01 153.01
 -39369.68 152.97 152.97
 -39269.63 152.93 152.93
 -39169.58 152.89 152.89
 -39069.53 152.85 152.85
 -38969.48 152.82 152.82
 -38869.43 152.78 152.78
 -38769.38 152.75 152.75
 -38669.33 152.71 152.71
 -38569.28 152.67 152.67
 -38469.23 152.64 152.64
 -38369.18 152.61 152.61
 -38269.13 152.57 152.57
 -38169.08 152.54 152.54
 -38069.03 152.50 152.50
 -37968.98 152.47 152.47
 -37868.93 152.44 152.44
 -37768.88 152.41 152.41
 -37668.83 152.38 152.38
 -37568.78 152.34 152.34
 -37468.73 152.31 152.31
 -37368.68 152.28 152.28
 -37268.63 152.25 152.25
 -37168.58 152.22 152.22
 -37068.53 152.19 152.19
 -36968.48 152.16 152.16
 -36868.43 152.14 152.14
 -36768.38 152.11 152.11
 -36668.33 152.08 152.08
 -36568.28 152.05 152.05
 -36468.23 152.02 152.02
 -36368.18 152.00 152.00
 -36268.13 151.97 151.97
 -36168.08 151.94 151.94
 -36068.03 151.92 151.92
 -35967.98 151.89 151.89
 -35867.93 151.86 151.86
 -35767.88 151.84 151.84
 -35667.83 151.81 151.81
 -35567.78 151.79 151.79
 -35467.73 151.77 151.77
 -35367.68 151.74 151.74
 -35267.63 151.72 151.72
 -35167.58 151.69 151.69
 -35067.53 151.67 151.67
 -34967.48 151.65 151.65
 -34867.43 151.63 151.63
 -34767.38 151.60 151.60
 -34667.33 151.58 151.58
 -34567.28 151.56 151.56
 -34467.23 151.54 151.54
 -34367.18 151.52 151.52
 -34267.13 151.50 151.50
 -34167.08 151.48 151.48
 -34067.03 151.45 151.45
 -33966.98 151.43 151.43
 -33866.93 151.41 151.41
 -33766.88 151.39 151.39
 -33666.83 151.38 151.38
 -33566.78 151.36 151.36
 -33466.73 151.34 151.34
 -33366.68 151.32 151.32
 -33266.63 151.30 151.30
 -33166.58 151.28 151.28
 -33066.53 151.26 151.26
 -32966.48 151.25 151.25
 -32866.43 151.23 151.23
 -32766.38 151.21 151.21
 -32666.33 151.19 151.19
 -32566.28 151.18 151.18
 -32466.23 151.16 151.16
 -32366.18 151.14 151.14
 -32266.13 151.13 151.13
 -32166.08 151.11 151.11
 -32066.03 151.10 151.10
 -31965.98 151.08 151.08
 -31865.93 151.06 151.06
 -31765.88 151.05 151.05
 -31665.83 151.03 151.03
 -31565.78 151.02 151.02
 -31465.73 151.01 151.01
 -31365.68 150.99 150.99
 -31265.63 150.98 150.98
 -31165.58 150.96 150.96
 -31065.53 150.95 150.95
 -30965.48 150.94 150.94
 -30865.43 150.92 150.92
 -30765.38 150.91 150.91
 -30665.33 150.90 150.90
 -30565.28 150.88 150.88
 -30465.23 150.87 150.87
 -30365.18 150.86 150.86
 -30265.13 150.84 150.84
 -30165.08 150.83 150.83
 -30065.03 150.82 150.82
 -29964.98 150.81 150.81
 -29864.93 150.80 150.80
 -29764.88 150.78 150.78
 -29664.83 150.77 150.77
 -29564.78 150.76 150.76
 -29464.73 150.75 150.75
 -29364.68 150.74 150.74
 -29264.63 150.73 150.73
 -29164.58 150.72 150.72
 -29064.53 150.71 150.71
 -28964.48 150.70 150.70
 -28864.43 150.69 150.69
 -28764.38 150.68 150.68
 -28664.33 150.67 150.67
 -28564.28 150.66 150.66
 -28464.23 150.65 150.65
 -28364.18 150.64 150.64
 -28264.13 150.63 150.63
 -28164.08 150.62 150.62
 -28064.03 150.61 150.61
 -27963.98 150.60 150.60
 -27863.93 150.59 150.59
 -27763.88 150.58 150.58
 -27663.83 150.57 150.57
 -27563.78 150.57 150.57
 -27463.73 150.56 150.56
 -27363.68 150.55 150.55
 -27263.63 150.54 150.54
 -27163.58 150.53 150.53
 -27063.53 150.52 150.52
 -26963.48 150.52 150.52
 -26863.43 150.51 150.51
 -26763.38 150.50 150.50
 -26663.33 150.49 150.49
 -26563.28 150.49 150.49
 -26463.23 150.48 150.48
 -26363.18 150.47 150.47
 -26263.13 150.46 150.46
 -26163.08 150.46 150.46
 -26063.03 150.45 150.45
 -25962.98 150.44 150.44
 -25862.93 150.44 150.44
 -25762.88 150.43 150.43
 -25662.83 150.42 150.42
 -25562.78 150.42 150.42
 -25462.73 150.41 150.41
 -25362.68 150.40 150.40
 -25262.63 150.40 150.40
 -25162.58 150.39 150.39
 -25062.53 150.39 150.39
 -24962.48 150.38 150.38
 -24862.43 150.37 150.37
 -24762.38 150.37 150.37
 -24662.33 150.36 150.36
 -24562.28 150.36 150.36
 -24462.23 150.35 150.35
 -24362.18 150.35 150.35
 -24262.13 150.34 150.34
 -24162.08 150.34 150.34
 -24062.03 150.33 150.33
 -23961.98 150.33 150.33
 -23861.93 150.32 150.32
 -23761.88 150.32 150.32
 -23661.83 150.31 150.31
 -23561.78 150.31 150.31
 -23461.73 150.30 150.30
 -23361.68 150.30 150.30
 -23261.63 150.29 150.29
 -23161.58 150.29 150.29
 -23061.53 150.28 150.28
 -22961.48 150.28 150.28
 -22861.43 150.27 150.27
 -22761.38 150.27 150.27
 -22661.33 150.27 150.27
 -22561.28 150.26 150.26
 -22461.23 150.26 150.26
 -22361.18 150.25 150.25
 -22261.13 150.25 150.25
 -22161.08 150.25 150.25
 -22061.03 150.24 150.24
 -21960.98 150.24 150.24
 -21860.93 150.23 150.23
 -21760.88 150.23 150.23
 -21660.83 150.23 150.23
 -21560.78 150.22 150.22
 -21460.73 150.22 150.22
 -21360.68 150.22 150.22
 -21260.63 150.21 150.21
 -21160.58 150.21 150.21
 -21060.53 150.21 150.21
 -20960.48 150.20 150.20
 -20860.43 150.20 150.20
 -20760.38 150.20 150.20
 -20660.33 150.19 150.19
 -20560.28 150.19 150.19
 -20460.23 150.19 150.19
 -20360.18 150.19 150.19
 -20260.13 150.18 150.18
 -20160.08 150.18 150.18
 -20060.03 150.18 150.18
 -19959.98 150.17 150.17
 -19859.93 150.17 150.17
 -19759.88 150.17 150.17
 -19659.83 150.17 150.17
 -19559.78 150.16 150.16
 -19459.73 150.16 150.16
 -19359.68 150.16 150.16
 -19259.63 150.16 150.16
 -19159.58 150.15 150.15
 -19059.53 150.15 150.15
 -18959.48 150.15 150.15
 -18859.43 150.15 150.15
 -18759.38 150.14 150.14
 -18659.33 150.14 150.14
 -18559.28 150.14 150.14
 -18459.23 150.14 150.14
 -18359.18 150.14 150.14
 -18259.13 150.13 150.13
 -18159.08 150.13 150.13
 -18059.03 150.13 150.13
 -17958.98 150.13 150.13
 -17858.93 150.13 150.13
 -17758.88 150.12 150.12
 -17658.83 150.12 150.12
 -17558.78 150.12 150.12
 -17458.73 150.12 150.12
 -17358.68 150.12 150.12
 -17258.63 150.11 150.11
 -17158.58 150.11 150.11
 -17058.53 150.11 150.11
 -16958.48 150.11 150.11
 -16858.43 150.11 150.11
 -16758.38 150.11 150.11
 -16658.33 150.10 150.10
 -16558.28 150.10 150.10
 -16458.23 150.10 150.10
 -16358.18 150.10 150.10
 -16258.13 150.10 150.10
 -16158.08 150.10 150.10
 -16058.03 150.09 150.09
 -15957.98 150.09 150.09
 -15857.93 150.09 150.09
 -15757.88 150.09 150.09
 -15657.83 150.09 150.09
 -15557.78 150.09 150.09
 -15457.73 150.09 150.09
 -15357.68 150.08 150.08
 -15257.63 150.08 150.08
 -15157.58 150.08 150.08
 -15057.53 150.08 150.08
 -14957.48 150.08 150.08
 -14857.43 150.08 150.08
 -14757.38 150.08 150.08
 -14657.33 150.08 150.08
 -14557.28 150.07 150.07
 -14457.23 150.07 150.07
 -14357.18 150.07 150.07
 -14257.13 150.07 150.07
 -14157.08 150.07 150.07
 -14057.03 150.07 150.07
 -13956.98 150.07 150.07
 -13856.93 150.07 150.07
 -13756.88 150.07 150.07
 -13656.83 150.07 150.07
 -13556.78 150.06 150.06
 -13456.73 150.06 150.06
 -13356.68 150.06 150.06
 -13256.63 150.06 150.06
 -13156.58 150.06 150.06
 -13056.53 150.06 150.06
 -12956.48 150.06 150.06
 -12856.43 150.06 150.06
 -12756.38 150.06 150.06
 -12656.33 150.06 150.06
 -12556.28 150.06 150.06
 -12456.23 150.05 150.05
 -12356.18 150.05 150.05
 -12256.13 150.05 150.05
 -12156.08 150.05 150.05
 -12056.03 150.05 150.05
 -11955.98 150.05 150.05
 -11855.93 150.05 150.05
 -11755.88 150.05 150.05
 -11655.83 150.05 150.05
 -11555.78 150.05 150.05
 -11455.73 150.05 150.05
 -11355.68 150.05 150.05
 -11255.63 150.05 150.05
 -11155.58 150.05 150.05
 -11055.53 150.04 150.04
 -10955.48 150.04 150.04
 -10855.43 150.04 150.04
 -10755.38 150.04 150.04
 -10655.33 150.04 150.04
 -10555.28 150.04 150.04
 -10455.23 150.04 150.04
 -10355.18 150.04 150.04
 -10255.13 150.04 150.04
 -10155.08 150.04 150.04
 -10055.03 150.04 150.04
  -9954.98 150.04 150.04
  -9854.93 150.04 150.04
  -9754.88 150.04 150.04
  -9654.83 150.04 150.04
  -9554.78 150.04 150.04
  -9454.73 150.04 150.04
  -9354.68 150.04 150.04
  -9254.63 150.03 150.03
  -9154.58 150.03 150.03
  -9054.53 150.03 150.03
  -8954.48 150.03 150.03
  -8854.43 150.03 150.03
  -8754.38 150.03 150.03
  -8654.33 150.03 150.03
  -8554.28 150.03 150.03
  -8454.23 150.03 150.03
  -8354.18 150.03 150.03
  -8254.13 150.03 150.03
  -8154.08 150.03 150.03
  -8054.03 150.03 150.03
  -7953.98 150.03 150.03
  -7853.93 150.03 150.03
  -7753.88 150.03 150.03
  -7653.83 150.03 150.03
  -7553.78 150.03 150.03
  -7453.73 150.03 150.03
  -7353.68 150.03 150.03
  -7253.63 150.03 150.03
  -7153.58 150.03 150.03
  -7053.53 150.03 150.03
  -6953.48 150.03 150.03
  -6853.43 150.03 150.03
  -6753.38 150.03 150.03
  -6653.33 150.03 150.03
  -6553.28 150.02 150.02
  -6453.23 150.02 150.02
  -6353.18 150.02 150.02
  -6253.13 150.02 150.02
  -6153.08 150.02 150.02
  -6053.03 150.02 150.02
  -5952.98 150.02 150.02
  -5852.93 150.02 150.02
  -5752.88 150.02 150.02
  -5652.83 150.02 150.02
  -5552.78 150.02 150.02
  -5452.73 150.02 150.02
  -5352.68 150.02 150.02
  -5252.63 150.02 150.02
  -5152.58 150.02 150.02
  -5052.53 150.02 150.02
  -4952.48 150.02 150.02
  -4852.43 150.02 150.02
  -4752.38 150.02 150.02
  -4652.33 150.02 150.02
  -4552.28 150.02 150.02
  -4452.23 150.02 150.02
  -4352.18 150.02 150.02
  -4252.13 150.02 150.02
  -4152.08 150.02 150.02
  -4052.03 150.02 150.02
  -3951.98 150.02 150.02
  -3851.93 150.02 150.02
  -3751.88 150.02 150.02
  -3651.83 150.02 150.02
  -3551.78 150.02 150.02
  -3451.73 150.02 150.02
  -3351.68 150.02 150.02
  -3251.63 150.02 150.02
  -3151.58 150.02 150.02
  -3051.53 150.02 150.02
  -2951.48 150.02 150.02
  -2851.43 150.02 150.02
  -2751.38 150.02 150.02
  -2651.33 150.02 150.02
  -2551.28 150.02 150.02
  -2451.23 150.02 150.02
  -2351.18 150.02 150.02
  -2251.13 150.02 150.02
  -2151.08 150.02 150.02
  -2051.03 150.02 150.02
  -1950.98 150.02 150.02
  -1850.93 150.02 150.02
  -1750.88 150.02 150.02
  -1650.83 150.02 150.02
  -1550.78 150.02 150.02
  -1450.73 150.02 150.02
  -1350.68 150.02 150.02
  -1250.63 150.02 150.02
  -1150.58 150.02 150.02
  -1050.53 150.02 150.02
   -950.48 150.02 150.02
   -850.43 150.02 150.02
   -750.38 150.02 150.02
   -650.33 150.02 150.02
   -550.28 150.02 150.02
   -450.23 150.02 150.02
   -350.18 150.02 150.02
   -250.13 150.02 150.02
   -150.08 150.02 150.02
    -50.03 150.02 150.02
     50.03 150.02 150.02
    150.08 150.02 150.02
    250.13 150.02 150.02
    350.18 150.02 150.02
    450.23 150.02 150.02
    550.28 150.02 150.02
    650.33 150.02 150.02
    750.38 150.02 150.02
    850.43 150.02 150.02
    950.48 150.02 150.02
   1050.53 150.02 150.02
   1150.58 150.02 150.02
   1250.63 150.02 150.02
   1350.68 150.02 150.02
   1450.73 150.02 150.02
   1550.78 150.02 150.02
   1650.83 150.02 150.02
   1750.88 150.02 150.02
   1850.93 150.02 150.02
   1950.98 150.02 150.02
   2051.03 150.02 150.02
   2151.08 150.02 150.02
   2251.13 150.02 150.02
   2351.18 150.02 150.02
   2451.23 150.02 150.02
   2551.28 150.02 150.02
   2651.33 150.02 150.02
   2751.38 150.02 150.02
   2851.43 150.02 150.02
   2951.48 150.02 150.02
   3051.53 150.02 150.02
   3151.58 150.02 150.02
   3251.63 150.02 150.02
   3351.68 150.02 150.02
   3451.73 150.02 150.02
   3551.78 150.02 150.02
   3651.83 150.02 150.02
   3751.88 150.02 150.02
   3851.93 150.02 150.02
   3951.98 150.02 150.02
   4052.03 150.02 150.02
   4152.08 150.02 150.02
   4252.13 150.02 150.02
   4352.18 150.02 150.02
   4452.23 150.02 150.02
   4552.28 150.02 150.02
   4652.33 150.02 150.02
   4752.38 150.02 150.02
   4852.43 150.02 150.02
   4952.48 150.02 150.02
   5052.53 150.02 150.02
   5152.58 150.02 150.02
   5252.63 150.02 150.02
   5352.68 150.02 150.02
   5452.73 150.02 150.02
   5552.78 150.02 150.02
   5652.83 150.02 150.02
   5752.88 150.02 150.02
   5852.93 150.02 150.02
   5952.98 150.02 150.02
   6053.03 150.02 150.02
   6153.08 150.02 150.02
   6253.13 150.02 150.02
   6353.18 150.02 150.02
   6453.23 150.02 150.02
   6553.28 150.02 150.02
   6653.33 150.03 150.03
   6753.38 150.03 150.03
   6853.43 150.03 150.03
   6953.48 150.03 150.03
   7053.53 150.03 150.03
   7153.58 150.03 150.03
   7253.63 150.03 150.03
   7353.68 150.03 150.03
   7453.73 150.03 150.03
   7553.78 150.03 150.03
   7653.83 150.03 150.03
   7753.88 150.03 150.03
   7853.93 150.03 150.03
   7953.98 150.03 150.03
   8054.03 150.03 150.03
   8154.08 150.03 150.03
   8254.13 150.03 150.03
   8354.18 150.03 150.03
   8454.23 150.03 150.03
   8554.28 150.03 150.03
   8654.33 150.03 150.03
   8754.38 150.03 150.03
   8854.43 150.03 150.03
   8954.48 150.03 150.03
   9054.53 150.03 150.03
   9154.58 150.03 150.03
   9254.63 150.03 150.03
   9354.68 150.04 150.04
   9454.73 150.04 150.04
   9554.78 150.04 150.04
   9654.83 150.04 150.04
   9754.88 150.04 150.04
   9854.93 150.04 150.04
   9954.98 150.04 150.04
  10055.03 150.04 150.04
  10155.08 150.04 150.04
  10255.13 150.04 150.04
  10355.18 150.04 150.04
  10455.23 150.04 150.04
  10555.28 150.04 150.04
  10655.33 150.04 150.04
  10755.38 150.04 150.04
  10855.43 150.04 150.04
  10955.48 150.04 150.04
  11055.53 150.04 150.04
  11155.58 150.05 150.05
  11255.63 150.05 150.05
  11355.68 150.05 150.05
  11455.73 150.05 150.05
  11555.78 150.05 150.05
  11655.83 150.05 150.05
  11755.88 150.05 150.05
  11855.93 150.05 150.05
  11955.98 150.05 150.05
  12056.03 150.05 150.05
  12156.08 150.05 150.05
  12256.13 150.05 150.05
  12356.18 150.05 150.05
  12456.23 150.05 150.05
  12556.28 150.06 150.06
  12656.33 150.06 150.06
  12756.38 150.06 150.06
  12856.43 150.06 150.06
  12956.48 150.06 150.06
  13056.53 150.06 150.06
  13156.58 150.06 150.06
  13256.63 150.06 150.06
  13356.68 150.06 150.06
  13456.73 150.06 150.06
  13556.78 150.06 150.06
  13656.83 150.07 150.07
  13756.88 150.07 150.07
  13856.93 150.07 150.07
  13956.98 150.07 150.07
  14057.03 150.07 150.07
  14157.08 150.07 150.07
  14257.13 150.07 150.07
  14357.18 150.07 150.07
  14457.23 150.07 150.07
  14557.28 150.07 150.07
  14657.33 150.08 150.08
  14757.38 150.08 150.08
  14857.43 150.08 150.08
  14957.48 150.08 150.08
  15057.53 150.08 150.08
  15157.58 150.08 150.08
  15257.63 150.08 150.08
  15357.68 150.08 150.08
  15457.73 150.09 150.09
  15557.78 150.09 150.09
  15657.83 150.09 150.09
  15757.88 150.09 150.09
  15857.93 150.09 150.09
  15957.98 150.09 150.09
  16058.03 150.09 150.09
  16158.08 150.10 150.10
  16258.13 150.10 150.10
  16358.18 150.10 150.10
  16458.23 150.10 150.10
  16558.28 150.10 150.10
  16658.33 150.10 150.10
  16758.38 150.11 150.11
  16858.43 150.11 150.11
  16958.48 150.11 150.11
  17058.53 150.11 150.11
  17158.58 150.11 150.11
  17258.63 150.11 150.11
  17358.68 150.12 150.12
  17458.73 150.12 150.12
  17558.78 150.12 150.12
  17658.83 150.12 150.12
  17758.88 150.12 150.12
  17858.93 150.13 150.13
  17958.98 150.13 150.13
  18059.03 150.13 150.13
  18159.08 150.13 150.13
  18259.13 150.13 150.13
  18359.18 150.14 150.14
  18459.23 150.14 150.14
  18559.28 150.14 150.14
  18659.33 150.14 150.14
  18759.38 150.14 150.14
  18859.43 150.15 150.15
  18959.48 150.15 150.15
  19059.53 150.15 150.15
  19159.58 150.15 150.15
  19259.63 150.16 150.16
  19359.68 150.16 150.16
  19459.73 150.16 150.16
  19559.78 150.16 150.16
  19659.83 150.17 150.17
  19759.88 150.17 150.17
  19859.93 150.17 150.17
  19959.98 150.17 150.17
  20060.03 150.18 150.18
  20160.08 150.18 150.18
  20260.13 150.18 150.18
  20360.18 150.19 150.19
  20460.23 150.19 150.19
  20560.28 150.19 150.19
  20660.33 150.19 150.19
  20760.38 150.20 150.20
  20860.43 150.20 150.20
  20960.48 150.20 150.20
  21060.53 150.21 150.21
  21160.58 150.21 150.21
  21260.63 150.21 150.21
  21360.68 150.22 150.22
  21460.73 150.22 150.22
  21560.78 150.22 150.22
  21660.83 150.23 150.23
  21760.88 150.23 150.23
  21860.93 150.23 150.23
  21960.98 150.24 150.24
  22061.03 150.24 150.24
  22161.08 150.25 150.25
  22261.13 150.25 150.25
  22361.18 150.25 150.25
  22461.23 150.26 150.26
  22561.28 150.26 150.26
  22661.33 150.27 150.27
  22761.38 150.27 150.27
  22861.43 150.27 150.27
  22961.48 150.28 150.28
  23061.53 150.28 150.28
  23161.58 150.29 150.29
  23261.63 150.29 150.29
  23361.68 150.30 150.30
  23461.73 150.30 150.30
  23561.78 150.31 150.31
  23661.83 150.31 150.31
  23761.88 150.32 150.32
  23861.93 150.32 150.32
  23961.98 150.33 150.33
  24062.03 150.33 150.33
  24162.08 150.34 150.34
  24262.13 150.34 150.34
  24362.18 150.35 150.35
  24462.23 150.35 150.35
  24562.28 150.36 150.36
  24662.33 150.36 150.36
  24762.38 150.37 150.37
  24862.43 150.37 150.37
  24962.48 150.38 150.38
  25062.53 150.39 150.39
  25162.58 150.39 150.39
  25262.63 150.40 150.40
  25362.68 150.40 150.40
  25462.73 150.41 150.41
  25562.78 150.42 150.42
  25662.83 150.42 150.42
  25762.88 150.43 150.43
  25862.93 150.44 150.44
  25962.98 150.44 150.44
  26063.03 150.45 150.45
  26163.08 150.46 150.46
  26263.13 150.46 150.46
  26363.18 150.47 150.47
  26463.23 150.48 150.48
  26563.28 150.49 150.49
  26663.33 150.49 150.49
  26763.38 150.50 150.50
  26863.43 150.51 150.51
  26963.48 150.52 150.52
  27063.53 150.52 150.52
  27163.58 150.53 150.53
  27263.63 150.54 150.54
  27363.68 150.55 150.55
  27463.73 150.56 150.56
  27563.78 150.57 150.57
  27663.83 150.57 150.57
  27763.88 150.58 150.58
  27863.93 150.59 150.59
  27963.98 150.60 150.60
  28064.03 150.61 150.61
  28164.08 150.62 150.62
  28264.13 150.63 150.63
  28364.18 150.64 150.64
  28464.23 150.65 150.65
  28564.28 150.66 150.66
  28664.33 150.67 150.67
  28764.38 150.68 150.68
  28864.43 150.69 150.69
  28964.48 150.70 150.70
  29064.53 150.71 150.71
  29164.58 150.72 150.72
  29264.63 150.73 150.73
  29364.68 150.74 150.74
  29464.73 150.75 150.75
  29564.78 150.76 150.76
  29664.83 150.77 150.77
  29764.88 150.78 150.78
  29864.93 150.80 150.80
  29964.98 150.81 150.81
  30065.03 150.82 150.82
  30165.08 150.83 150.83
  30265.13 150.84 150.84
  30365.18 150.86 150.86
  30465.23 150.87 150.87
  30565.28 150.88 150.88
  30665.33 150.90 150.90
  30765.38 150.91 150.91
  30865.43 150.92 150.92
  30965.48 150.94 150.94
  31065.53 150.95 150.95
  31165.58 150.96 150.96
  31265.63 150.98 150.98
  31365.68 150.99 150.99
  31465.73 151.01 151.01
  31565.78 151.02 151.02
  31665.83 151.03 151.03
  31765.88 151.05 151.05
  31865.93 151.06 151.06
  31965.98 151.08 151.08
  32066.03 151.10 151.10
  32166.08 151.11 151.11
  32266.13 151.13 151.13
  32366.18 151.14 151.14
  32466.23 151.16 151.16
  32566.28 151.18 151.18
  32666.33 151.19 151.19
  32766.38 151.21 151.21
  32866.43 151.23 151.23
  32966.48 151.25 151.25
  33066.53 151.26 151.26
  33166.58 151.28 151.28
  33266.63 151.30 151.30
  33366.68 151.32 151.32
  33466.73 151.34 151.34
  33566.78 151.36 151.36
  33666.83 151.38 151.38
  33766.88 151.39 151.39
  33866.93 151.41 151.41
  33966.98 151.43 151.43
  34067.03 151.45 151.45
  34167.08 151.48 151.48
  34267.13 151.50 151.50
  34367.18 151.52 151.52
  34467.23 151.54 151.54
  34567.28 151.56 151.56
  34667.33 151.58 151.58
  34767.38 151.60 151.60
  34867.43 151.63 151.63
  34967.48 151.65 151.65
  35067.53 151.67 151.67
  35167.58 151.69 151.69
  35267.63 151.72 151.72
  35367.68 151.74 151.74
  35467.73 151.77 151.77
  35567.78 151.79 151.79
  35667.83 151.81 151.81
  35767.88 151.84 151.84
  35867.93 151.86 151.86
  35967.98 151.89 151.89
  36068.03 151.92 151.92
  36168.08 151.94 151.94
  36268.13 151.97 151.97
  36368.18 152.00 152.00
  36468.23 152.02 152.02
  36568.28 152.05 152.05
  36668.33 152.08 152.08
  36768.38 152.11 152.11
  36868.43 152.14 152.14
  36968.48 152.16 152.16
  37068.53 152.19 152.19
  37168.58 152.22 152.22
  37268.63 152.25 152.25
  37368.68 152.28 152.28
  37468.73 152.31 152.31
  37568.78 152.34 152.34
  37668.83 152.38 152.38
  37768.88 152.41 152.41
  37868.93 152.44 152.44
  37968.98 152.47 152.47
  38069.03 152.50 152.50
  38169.08 152.54 152.54
  38269.13 152.57 152.57
  38369.18 152.61 152.61
  38469.23 152.64 152.64
  38569.28 152.67 152.67
  38669.33 152.71 152.71
  38769.38 152.75 152.75
  38869.43 152.78 152.78
  38969.48 152.82 152.82
  39069.53 152.85 152.85
  39169.58 152.89 152.89
  39269.63 152.93 152.93
  39369.68 152.97 152.97
  39469.73 153.01 153.01
  39569.78 153.04 153.04
  39669.83 153.08 153.08
  39769.88 153.12 153.12
  39869.93 153.16 153.16
  39969.98 153.21 153.21
  40070.04 153.25 153.25
  40170.09 153.29 153.29
  40270.14 153.33 153.33
  40370.19 153.37 153.37
  40470.24 153.42 153.42
  40570.29 153.46 153.46
  40670.34 153.50 153.50
  40770.39 153.55 153.55
  40870.44 153.59 153.59
  40970.49 153.64 153.64
  41070.54 153.68 153.68
  41170.59 153.73 153.73
  41270.64 153.78 153.78
  41370.69 153.82 153.82
  41470.74 153.87 153.87
  41570.79 153.92 153.92
  41670.84 153.97 153.97
  41770.89 154.02 154.02
  41870.94 154.07 154.07
  41970.99 154.12 154.12
  42071.04 154.17 154.17
  42171.09 154.22 154.22
  42271.14 154.28 154.28
  42371.19 154.33 154.33
  42471.24 154.38 154.38
  42571.29 154.44 154.44
  42671.34 154.49 154.49
  42771.39 154.54 154.54
  42871.44 154.60 154.60
  42971.49 154.66 154.66
  43071.54 154.71 154.71
  43171.59 154.77 154.77
  43271.64 154.83 154.83
  43371.69 154.89 154.89
  43471.74 154.95 154.95
  43571.79 155.01 155.01
  43671.84 155.07 155.07
  43771.89 155.13 155.13
  43871.94 155.19 155.19
  43971.99 155.25 155.25
  44072.04 155.31 155.31
  44172.09 155.38 155.38
  44272.14 155.44 155.44
  44372.19 155.51 155.51
  44472.24 155.57 155.57
  44572.29 155.64 155.64
  44672.34 155.70 155.70
  44772.39 155.77 155.77
  44872.44 155.84 155.84
  44972.49 155.91 155.91
  45072.54 155.98 155.98
  45172.59 156.05 156.05
  45272.64 156.12 156.12
  45372.69 156.19 156.19
  45472.74 156.26 156.26
  45572.79 156.33 156.33
  45672.84 156.41 156.41
  45772.89 156.48 156.48
  45872.94 156.55 156.55
  45972.99 156.63 156.63
  46073.04 156.71 156.71
  46173.09 156.78 156.78
  46273.14 156.86 156.86
  46373.19 156.94 156.94
  46473.24 157.02 157.02
  46573.29 157.10 157.10
  46673.34 157.18 157.18
  46773.39 157.26 157.26
  46873.44 157.34 157.34
  46973.49 157.42 157.42
  47073.54 157.51 157.51
  47173.59 157.59 157.59
  47273.64 157.68 157.68
  47373.69 157.76 157.76
  47473.74 157.85 157.85
  47573.79 157.94 157.94
  47673.84 158.03 158.03
  47773.89 158.11 158.11
  47873.94 158.20 158.20
  47973.99 158.29 158.29
  48074.04 158.39 158.39
  48174.09 158.48 158.48
  48274.14 158.57 158.57
  48374.19 158.66 158.66
  48474.24 158.76 158.76
  48574.29 158.85 158.85
  48674.34 158.95 158.95
  48774.39 159.05 159.05
  48874.44 159.15 159.15
  48974.49 159.24 159.24
  49074.54 159.34 159.34
  49174.59 159.44 159.44
  49274.64 159.55 159.55
  49374.69 159.65 159.65
  49474.74 159.75 159.75
  49574.79 159.85 159.85
  49674.84 159.96 159.96
  49774.89 160.07 160.07
  49874.94 160.17 160.17
  49974.99 160.28 160.28
  50075.04 160.39 160.39
  50175.09 160.50 160.50
  50275.14 160.61 160.61
  50375.19 160.72 160.72
  50475.24 160.83 160.83
  50575.29 160.94 160.94
  50675.34 161.05 161.05
  50775.39 161.17 161.17
  50875.44 161.28 161.28
  50975.49 161.40 161.40
  51075.54 161.52 161.52
  51175.59 161.64 161.64
  51275.64 161.76 161.76
  51375.69 161.88 161.88
  51475.74 162.00 162.00
  51575.79 162.12 162.12
  51675.84 162.24 162.24
  51775.89 162.36 162.36
  51875.94 162.49 162.49
  51975.99 162.61 162.61
  52076.04 162.74 162.74
  52176.09 162.87 162.87
  52276.14 163.00 163.00
  52376.19 163.13 163.13
  52476.24 163.26 163.26
  52576.29 163.39 163.39
  52676.34 163.52 163.52
  52776.39 163.65 163.65
  52876.44 163.79 163.79
  52976.49 163.92 163.92
  53076.54 164.06 164.06
  53176.59 164.20 164.20
  53276.64 164.33 164.33
  53376.69 164.47 164.47
  53476.74 164.61 164.61
  53576.79 164.75 164.75
  53676.84 164.90 164.90
  53776.89 165.04 165.04
  53876.94 165.18 165.18
  53976.99 165.33 165.33
  54077.04 165.47 165.47
  54177.09 165.62 165.62
  54277.14 165.77 165.77
  54377.19 165.92 165.92
  54477.24 166.07 166.07
  54577.29 166.22 166.22
  54677.34 166.37 166.37
  54777.39 166.53 166.53
  54877.44 166.68 166.68
  54977.49 166.83 166.83
  55077.54 166.99 166.99
  55177.59 167.15 167.15
  55277.64 167.31 167.31
  55377.69 167.46 167.46
  55477.74 167.62 167.62
  55577.79 167.79 167.79
  55677.84 167.95 167.95
  55777.89 168.11 168.11
  55877.94 168.28 168.28
  55977.99 168.44 168.44
  56078.04 168.61 168.61
  56178.09 168.77 168.77
  56278.14 168.94 168.94
  56378.19 169.11 169.11
  56478.24 169.28 169.28
  56578.29 169.45 169.45
  56678.34 169.63 169.63
  56778.39 169.80 169.80
  56878.44 169.97 169.97
  56978.49 170.15 170.15
  57078.54 170.32 170.32
  57178.59 170.50 170.50
  57278.64 170.68 170.68
  57378.69 170.86 170.86
  57478.74 171.04 171.04
  57578.79 171.22 171.22
  57678.84 171.40 171.40
  57778.89 171.59 171.59
  57878.94 171.77 171.77
  57978.99 171.96 171.96
  58079.04 172.14 172.14
  58179.09 172.33 172.33
  58279.14 172.52 172.52
  58379.19 172.71 172.71
  58479.24 172.90 172.90
  58579.29 173.09 173.09
  58679.34 173.28 173.28
  58779.39 173.48 173.48
  58879.44 173.67 173.67
  58979.49 173.87 173.87
  59079.54 174.06 174.06
  59179.59 174.26 174.26
  59279.64 174.46 174.46
  59379.69 174.66 174.66
  59479.74 174.86 174.86
  59579.79 175.06 175.06
  59679.84 175.26 175.26
  59779.89 175.46 175.46
  59879.94 175.67 175.67
  59979.99 175.87 175.87
  60080.04 176.08 176.08
  60180.09 176.28 176.28
  60280.14 176.49 176.49
  60380.19 176.70 176.70
  60480.24 176.91 176.91
  60580.29 177.12 177.12
  60680.34 177.33 177.33
  60780.39 177.54 177.54
  60880.44 177.76 177.76
  60980.49 177.97 177.97
  61080.54 178.19 178.19
  61180.59 178.40 178.40
  61280.64 178.62 178.62
  61380.69 178.84 178.84
  61480.74 179.06 179.06
  61580.79 179.28 179.28
  61680.84 179.50 179.50
  61780.89 179.72 179.72
  61880.94 179.94 179.94
  61980.99 180.16 180.16
  62081.04 180.38 180.38
  62181.09 180.61 180.61
  62281.14 180.83 180.83
  62381.19 181.06 181.06
  62481.24 181.29 181.29
  62581.29 181.52 181.52
  62681.34 181.74 181.74
  62781.39 181.97 181.97
  62881.44 182.20 182.20
  62981.49 182.43 182.43
  63081.54 182.66 182.66
  63181.59 182.90 182.90
  63281.64 183.13 183.13
  63381.69 183.36 183.36
  63481.74 183.60 183.60
  63581.79 183.83 183.83
  63681.84 184.07 184.07
  63781.89 184.31 184.31
  63881.94 184.54 184.54
  63981.99 184.78 184.78
  64082.04 185.02 185.02
  64182.09 185.26 185.26
  64282.14 185.50 185.50
  64382.19 185.74 185.74
  64482.24 185.98 185.98
  64582.29 186.22 186.22
  64682.34 186.46 186.46
  64782.39 186.71 186.71
  64882.44 186.95 186.95
  64982.49 187.19 187.19
  65082.54 187.44 187.44
  65182.59 187.68 187.68
  65282.64 187.93 187.93
  65382.69 188.18 188.18
  65482.74 188.42 188.42
  65582.79 188.67 188.67
  65682.84 188.92 188.92
  65782.89 189.17 189.17
  65882.94 189.41 189.41
  65982.99 189.66 189.66
  66083.04 189.91 189.91
  66183.09 190.16 190.16
  66283.14 190.41 190.41
  66383.19 190.66 190.66
  66483.24 190.92 190.92
  66583.29 191.17 191.17
  66683.34 191.42 191.42
  66783.39 191.67 191.67
  66883.44 191.92 191.92
  66983.49 192.18 192.18
  67083.54 192.43 192.43
  67183.59 192.68 192.68
  67283.64 192.94 192.94
  67383.69 193.19 193.19
  67483.74 193.44 193.44
  67583.79 193.70 193.70
  67683.84 193.95 193.95
  67783.89 194.21 194.21
  67883.94 194.46 194.46
  67983.99 194.72 194.72
  68084.04 194.97 194.97
  68184.09 195.23 195.23
  68284.14 195.48 195.48
  68384.19 195.74 195.74
  68484.24 196.00 196.00
  68584.29 196.25 196.25
  68684.34 196.51 196.51
  68784.39 196.76 196.76
  68884.44 197.02 197.02
  68984.49 197.27 197.27
  69084.54 197.53 197.53
  69184.59 197.79 197.79
  69284.64 198.04 198.04
  69384.69 198.30 198.30
  69484.74 198.55 198.55
  69584.79 198.81 198.81
  69684.84 199.06 199.06
  69784.89 199.32 199.32
  69884.94 199.57 199.57
  69984.99 199.83 199.83
  70085.04 200.08 200.08
  70185.09 200.34 200.34
  70285.14 200.59 200.59
  70385.19 200.84 200.84
  70485.24 201.10 201.10
  70585.29 201.35 201.35
  70685.34 201.60 201.60
  70785.39 201.86 201.86
  70885.44 202.11 202.11
  70985.49 202.36 202.36
  71085.54 202.61 202.61
  71185.59 202.86 202.86
  71285.64 203.11 203.11
  71385.69 203.36 203.36
  71485.74 203.61 203.61
  71585.79 203.86 203.86
  71685.84 204.11 204.11
  71785.89 204.36 204.36
  71885.94 204.60 204.60
  71985.99 204.85 204.85
  72086.04 205.10 205.10
  72186.09 205.34 205.34
  72286.14 205.59 205.59
  72386.19 205.83 205.83
  72486.24 206.07 206.08
  72586.29 206.32 206.33
  72686.34 206.56 206.59
  72786.39 206.80 206.84
  72886.44 207.04 207.10
  72986.49 207.28 207.35
  73086.54 207.52 207.62
  73186.59 207.76 207.88
  73286.64 207.99 208.14
  73386.69 208.23 208.41
  73486.74 208.46 208.68
  73586.79 208.70 208.95
  73686.84 208.93 209.22
  73786.89 209.16 209.50
  73886.94 209.39 209.78
  73986.99 209.62 210.06
  74087.04 209.85 210.34
  74187.09 210.08 210.62
  74287.14 210.31 210.91
  74387.19 210.53 211.20
  74487.24 210.76 211.49
  74587.29 210.98 211.79
  74687.34 211.20 212.09
  74787.39 211.42 212.38
  74887.44 211.64 212.69
  74987.49 211.86 212.99
  75087.54 212.07 213.30
  75187.59 212.29 213.61
  75287.64 212.50 213.92
  75387.69 212.72 214.24
  75487.74 212.93 214.56
  75587.79 213.14 214.88
  75687.84 213.34 215.20
  75787.89 213.55 215.53
  75887.94 213.76 215.86
  75987.99 213.96 216.19
  76088.04 214.16 216.53
  76188.09 214.36 216.86
  76288.14 214.56 217.21
  76388.19 214.76 217.55
  76488.24 214.95 217.90
  76588.29 215.15 218.25
  76688.34 215.34 218.60
  76788.39 215.53 218.96
  76888.44 215.72 219.32
  76988.49 215.90 219.69
  77088.54 216.09 220.06
  77188.59 216.27 220.43
  77288.64 216.45 220.80
  77388.69 216.63 221.18
  77488.74 216.81 221.56
  77588.79 216.98 221.95
  77688.84 217.16 222.34
  77788.89 217.33 222.73
  77888.94 217.50 223.13
  77988.99 217.66 223.53
  78089.04 217.83 223.94
  78189.09 217.99 224.35
  78289.14 218.15 224.76
  78389.19 218.31 225.18
  78489.24 218.47 225.60
  78589.29 218.62 226.03
  78689.34 218.77 226.46
  78789.39 218.92 226.89
  78889.44 219.07 227.33
  78989.49 219.21 227.78
  79089.54 219.36 228.22
  79189.59 219.50 228.68
  79289.64 219.63 229.14
  79389.69 219.77 229.60
  79489.74 219.90 230.07
  79589.79 220.03 230.54
  79689.84 220.16 231.02
  79789.89 220.29 231.51
  79889.94 220.41 232.00
  79989.99 220.53 232.49
  80090.05 220.65 232.99
  80190.10 220.76 233.50
  80290.15 220.87 234.01
  80390.20 220.98 234.53
  80490.25 221.09 235.05
  80590.30 221.19 235.58
  80690.35 221.29 236.12
  80790.40 221.39 236.66
  80890.45 221.49 237.21
  80990.50 221.58 237.77
  81090.55 221.67 238.33
  81190.60 221.76 238.90
  81290.65 221.84 239.47
  81390.70 221.92 240.06
  81490.75 222.00 240.65
  81590.80 222.07 241.25
  81690.85 222.15 241.85
  81790.90 222.21 242.46
  81890.95 222.28 243.09
  81991.00 222.34 243.71
  82091.05 222.40 244.35
  82191.10 222.46 245.00
  82291.15 222.51 245.65
  82391.20 222.56 246.32
  82491.25 222.61 246.99
  82591.30 222.65 247.67
  82691.35 222.69 248.36
  82791.40 222.73 249.06
  82891.45 222.76 249.77
  82991.50 222.79 250.49
  83091.55 222.82 251.22
  83191.60 222.84 251.96
  83291.65 222.86 252.71
  83391.70 222.88 253.47
  83491.75 222.89 254.24
  83591.80 222.90 255.03
  83691.85 222.91 255.82
  83791.90 222.91 256.63
  83891.95 222.91 257.45
  83992.00 222.91 258.29
  84092.05 222.90 259.13
  84192.10 222.89 259.99
  84292.15 222.87 260.86
  84392.20 222.85 261.75
  84492.25 222.83 262.65
  84592.30 222.80 263.56
  84692.35 222.77 264.49
  84792.40 222.74 265.44
  84892.45 222.70 266.40
  84992.50 222.66 267.38
  85092.55 222.61 268.37
  85192.60 222.56 269.38
  85292.65 222.51 270.41
  85392.70 222.45 271.45
  85492.75 222.39 272.52
  85592.80 222.33 273.60
  85692.85 222.26 274.70
  85792.90 222.19 275.82
  85892.95 222.11 276.96
  85993.00 222.03 278.13
  86093.05 221.95 279.31
  86193.10 221.86 280.52
  86293.15 221.76 281.75
  86393.20 221.67 283.00
  86493.25 221.57 284.27
  86593.30 221.46 285.57
  86693.35 221.35 286.90
  86793.40 221.24 288.25
  86893.45 221.12 289.63
  86993.50 221.00 291.03
  87093.55 220.88 292.47
  87193.60 220.75 293.93
  87293.65 220.61 295.42
  87393.70 220.47 296.95
  87493.75 220.33 298.50
  87593.80 220.18 300.09
  87693.85 220.03 301.70
  87793.90 219.88 303.36
  87893.95 219.72 305.05
  87994.00 219.55 306.77
  88094.05 219.38 308.53
  88194.10 219.21 310.33
  88294.15 219.03 312.17
  88394.20 218.85 314.05
  88494.25 218.67 315.97
  88594.30 218.48 317.93
  88694.35 218.28 319.94
  88794.40 218.08 321.99
  88894.45 217.88 324.09
  88994.50 217.67 326.24
  89094.55 217.46 328.43
  89194.60 217.24 330.68
  89294.65 217.02 332.97
  89394.70 216.79 335.33
  89494.75 216.56 337.73
  89594.80 216.33 340.19
  89694.85 216.09 342.72
  89794.90 215.84 345.30
  89894.95 215.59 347.94
  89995.00 215.34 350.65
  90095.05 215.08 353.42
  90195.10 214.82 356.26
  90295.15 214.55 359.17
  90395.20 214.28 362.15
  90495.25 214.00 365.21
  90595.30 213.72 368.34
  90695.35 213.44 371.55
  90795.40 213.15 374.84
  90895.45 212.85 378.22
  90995.50 212.55 381.68
  91095.55 212.25 385.23
  91195.60 211.94 388.87
  91295.65 211.63 392.61
  91395.70 211.31 396.44
  91495.75 210.98 400.38
  91595.80 210.66 404.42
  91695.85 210.32 408.57
  91795.90 209.99 412.82
  91895.95 209.65 417.20
  91996.00 209.30 421.69
  92096.05 208.95 426.30
  92196.10 208.59 431.04
  92296.15 208.23 435.91
  92396.20 207.87 440.92
  92496.25 207.50 446.06
  92596.30 207.12 451.35
  92696.35 206.74 456.79
  92796.40 206.36 462.38
  92896.45 205.97 468.13
  92996.50 205.57 474.05
  93096.55 205.18 480.13
  93196.60 204.77 486.39
  93296.65 204.37 492.84
  93396.70 203.95 499.47
  93496.75 203.54 506.29
  93596.80 203.11 513.31
  93696.85 202.69 520.55
  93796.90 202.26 527.99
  93896.95 201.82 535.66
  93997.00 201.38 543.55
  94097.05 200.93 551.69
  94197.10 200.48 560.06
  94297.15 200.03 568.69
  94397.20 199.57 577.58
  94497.25 199.10 586.73
  94597.30 198.63 596.17
  94697.35 198.16 605.88
  94797.40 197.68 615.90
  94897.45 197.20 626.21
  94997.50 196.71 636.83
  95097.55 196.22 647.78
  95197.60 195.72 659.06
  95297.65 195.22 670.67
  95397.70 194.71 682.63
  95497.75 194.20 694.96
  95597.80 193.69 707.64
  95697.85 193.17 720.71
  95797.90 192.64 734.16
  95897.95 192.11 748.00
  95998.00 191.58 762.24
  96098.05 191.04 776.89
  96198.10 190.50 791.96
  96298.15 189.95 807.46
  96398.20 189.40 823.38
  96498.25 188.84 839.75
  96598.30 188.28 856.56
  96698.35 187.71 873.82
  96798.40 187.14 891.53
  96898.45 186.57 909.69
  96998.50 185.99 928.32
  97098.55 185.41 947.40
  97198.60 184.82 966.94
  97298.65 184.22 986.94
  97398.70 183.63 1007.39
  97498.75 183.03 1028.30
  97598.80 182.42 1049.66
  97698.85 181.81 1071.47
  97798.90 181.20 1093.72
  97898.95 180.58 1116.41
  97999.00 179.95 1139.52
  98099.05 179.33 1163.04
  98199.10 178.69 1186.96
  98299.15 178.06 1211.28
  98399.20 177.42 1235.96
  98499.25 176.77 1261.00
  98599.30 176.12 1286.37
  98699.35 175.47 1312.07
  98799.40 174.81 1338.16
  98899.45 174.15 1364.72
  98999.50 173.48 1391.73
  99099.55 172.81 1419.18
  99199.60 172.14 1447.04
  99299.65 171.46 1475.29
  99399.70 170.78 1503.89
  99499.75 170.09 1532.82
  99599.80 169.40 1562.05
  99699.85 168.71 1591.53
  99799.90 168.01 1621.23
  99899.95 167.30 1651.14
 100000.00 166.60 1681.20
