-100000.00 168.10 1681.20
 -99899.95 168.81 1651.14
 -99799.90 169.52 1621.23
 -99699.85 170.22 1591.53
 -99599.80 170.92 1562.05
 -99499.75 171.61 1532.82
 -99399.70 172.30 1503.89
 -99299.65 172.99 1475.29
 -99199.60 173.67 1447.04
 -99099.55 174.35 1419.18
 -98999.50 175.02 1391.73
 -98899.45 175.69 1364.72
 -98799.40 176.36 1338.16
 -98699.35 177.02 1312.07
 -98599.30 177.67 1286.37
 -98499.25 178.33 1261.00
 -98399.20 178.97 1235.96
 -98299.15 179.62 1211.28
 -98199.10 180.25 1186.96
 -98099.05 180.89 1163.04
 -97999.00 181.52 1139.52
 -97898.95 182.15 1116.41
 -97798.90 182.77 1093.72
 -97698.85 183.38 1071.47
 -97598.80 184.00 1049.66
 -97498.75 184.60 1028.30
 -97398.70 185.21 1007.39
 -97298.65 185.81 986.94
 -97198.60 186.40 966.94
 -97098.55 186.99 947.40
 -96998.50 187.57 928.32
 -96898.45 188.16 909.69
 -96798.40 188.73 891.53
 -96698.35 189.30 873.82
 -96598.30 189.87 856.56
 -96498.25 190.43 839.75
 -96398.20 190.99 823.38
 -96298.15 191.54 807.46
 -96198.10 192.09 791.96
 -96098.05 192.63 776.89
 -95998.00 193.17 762.24
 -95897.95 193.71 748.00
 -95797.90 194.24 734.16
 -95697.85 194.76 720.71
 -95597.80 195.28 707.64
 -95497.75 195.80 694.96
 -95397.70 196.31 682.63
 -95297.65 196.81 670.67
 -95197.60 197.32 659.06
 -95097.55 197.81 647.78
 -94997.50 198.30 636.83
 -94897.45 198.79 626.21
 -94797.40 199.27 615.90
 -94697.35 199.75 605.88
 -94597.30 200.22 596.17
 -94497.25 200.69 586.73
 -94397.20 201.15 577.58
 -94297.15 201.61 568.69
 -94197.10 202.07 560.06
 -94097.05 202.51 551.69
 -93997.00 202.96 543.55
 -93896.95 203.40 535.66
 -93796.90 203.83 527.99
 -93696.85 204.26 520.55
 -93596.80 204.69 513.31
 -93496.75 205.11 506.29
 -93396.70 205.52 499.47
 -93296.65 205.93 492.84
 -93196.60 206.34 486.39
 -93096.55 206.74 480.13
 -92996.50 207.13 474.05
 -92896.45 207.52 468.13
 -92796.40 207.91 462.38
 -92696.35 208.29 456.79
 -92596.30 208.67 451.35
 -92496.25 209.04 446.06
 -92396.20 209.41 440.92
 -92296.15 209.77 435.91
 -92196.10 210.13 431.04
 -92096.05 210.48 426.30
 -91996.00 210.83 421.69
 -91895.95 211.17 417.20
 -91795.90 211.51 412.82
 -91695.85 211.84 408.57
 -91595.80 212.17 404.42
 -91495.75 212.49 400.38
 -91395.70 212.81 396.44
 -91295.65 213.12 392.61
 -91195.60 213.43 388.87
 -91095.55 213.74 385.23
 -90995.50 214.04 381.68
 -90895.45 214.33 378.22
 -90795.40 214.62 374.84
 -90695.35 214.91 371.55
 -90595.30 215.19 368.34
 -90495.25 215.47 365.21
 -90395.20 215.74 362.15
 -90295.15 216.01 359.17
 -90195.10 216.27 356.26
 -90095.05 216.52 353.42
 -89995.00 216.78 350.65
 -89894.95 217.03 347.94
 -89794.90 217.27 345.30
 -89694.85 217.51 342.72
 -89594.80 217.74 340.19
 -89494.75 217.97 337.73
 -89394.70 218.20 335.33
 -89294.65 218.42 332.97
 -89194.60 218.63 330.68
 -89094.55 218.84 328.43
 -88994.50 219.05 326.24
 -88894.45 219.25 324.09
 -88794.40 219.45 321.99
 -88694.35 219.64 319.94
 -88594.30 219.83 317.93
 -88494.25 220.02 315.97
 -88394.20 220.20 314.05
 -88294.15 220.37 312.17
 -88194.10 220.54 310.33
 -88094.05 220.71 308.53
 -87994.00 220.87 306.77
 -87893.95 221.03 305.05
 -87793.90 221.18 303.36
 -87693.85 221.33 301.70
 -87593.80 221.47 300.09
 -87493.75 221.61 298.50
 -87393.70 221.75 296.95
 -87293.65 221.88 295.42
 -87193.60 222.01 293.93
 -87093.55 222.13 292.47
 -86993.50 222.25 291.03
 -86893.45 222.36 289.63
 -86793.40 222.47 288.25
 -86693.35 222.58 286.90
 -86593.30 222.68 285.57
 -86493.25 222.78 284.27
 -86393.20 222.87 283.00
 -86293.15 222.96 281.75
 -86193.10 223.04 280.52
 -86093.05 223.12 279.31
 -85993.00 223.20 278.13
 -85892.95 223.27 276.96
 -85792.90 223.34 275.82
 -85692.85 223.41 274.70
 -85592.80 223.47 273.60
 -85492.75 223.52 272.52
 -85392.70 223.58 271.45
 -85292.65 223.63 270.41
 -85192.60 223.67 269.38
 -85092.55 223.71 268.37
 -84992.50 223.75 267.38
 -84892.45 223.78 266.40
 -84792.40 223.81 265.44
 -84692.35 223.84 264.49
 -84592.30 223.86 263.56
 -84492.25 223.88 262.65
 -84392.20 223.89 261.75
 -84292.15 223.90 260.86
 -84192.10 223.91 259.99
 -84092.05 223.91 259.13
 -83992.00 223.91 258.29
 -83891.95 223.91 257.45
 -83791.90 223.90 256.63
 -83691.85 223.89 255.82
 -83591.80 223.87 255.03
 -83491.75 223.85 254.24
 -83391.70 223.83 253.47
 -83291.65 223.81 252.71
 -83191.60 223.78 251.96
 -83091.55 223.74 251.22
 -82991.50 223.71 250.49
 -82891.45 223.67 249.77
 -82791.40 223.63 249.06
 -82691.35 223.58 248.36
 -82591.30 223.53 247.67
 -82491.25 223.48 246.99
 -82391.20 223.42 246.32
 -82291.15 223.36 245.65
 -82191.10 223.30 245.00
 -82091.05 223.24 244.35
 -81991.00 223.17 243.71
 -81890.95 223.10 243.09
 -81790.90 223.02 242.46
 -81690.85 222.94 241.85
 -81590.80 222.86 241.25
 -81490.75 222.78 240.65
 -81390.70 222.69 240.06
 -81290.65 222.60 239.47
 -81190.60 222.51 238.90
 -81090.55 222.41 238.33
 -80990.50 222.31 237.77
 -80890.45 222.21 237.21
 -80790.40 222.11 236.66
 -80690.35 222.00 236.12
 -80590.30 221.89 235.58
 -80490.25 221.78 235.05
 -80390.20 221.66 234.53
 -80290.15 221.54 234.01
 -80190.10 221.42 233.50
 -80090.05 221.30 232.99
 -79989.99 221.17 232.49
 -79889.94 221.04 232.00
 -79789.89 220.91 231.51
 -79689.84 220.77 231.02
 -79589.79 220.64 230.54
 -79489.74 220.50 230.07
 -79389.69 220.36 229.60
 -79289.64 220.21 229.14
 -79189.59 220.06 228.68
 -79089.54 219.92 228.22
 -78989.49 219.76 227.78
 -78889.44 219.61 227.33
 -78789.39 219.45 226.89
 -78689.34 219.29 226.46
 -78589.29 219.13 226.03
 -78489.24 218.97 225.60
 -78389.19 218.81 225.18
 -78289.14 218.64 224.76
 -78189.09 218.47 224.35
 -78089.04 218.30 223.94
 -77988.99 218.12 223.53
 -77888.94 217.95 223.13
 -77788.89 217.77 222.73
 -77688.84 217.59 222.34
 -77588.79 217.41 221.95
 -77488.74 217.22 221.56
 -77388.69 217.04 221.18
 -77288.64 216.85 220.80
 -77188.59 216.66 220.43
 -77088.54 216.47 220.06
 -76988.49 216.27 219.69
 -76888.44 216.08 219.32
 -76788.39 215.88 218.96
 -76688.34 215.68 218.60
 -76588.29 215.48 218.25
 -76488.24 215.28 217.90
 -76388.19 215.07 217.55
 -76288.14 214.87 217.21
 -76188.09 214.66 216.86
 -76088.04 214.45 216.53
 -75987.99 214.24 216.19
 -75887.94 214.03 215.86
 -75787.89 213.82 215.53
 -75687.84 213.60 215.20
 -75587.79 213.39 214.88
 -75487.74 213.17 214.56
 -75387.69 212.95 214.24
 -75287.64 212.73 213.92
 -75187.59 212.51 213.61
 -75087.54 212.28 213.30
 -74987.49 212.06 212.99
 -74887.44 211.83 212.69
 -74787.39 211.60 212.38
 -74687.34 211.37 212.09
 -74587.29 211.15 211.79
 -74487.24 210.91 211.49
 -74387.19 210.68 211.20
 -74287.14 210.45 210.91
 -74187.09 210.21 210.62
 -74087.04 209.98 210.34
 -73986.99 209.74 210.06
 -73886.94 209.50 209.78
 -73786.89 209.27 209.50
 -73686.84 209.03 209.22
 -73586.79 208.79 208.95
 -73486.74 208.54 208.68
 -73386.69 208.30 208.41
 -73286.64 208.06 208.14
 -73186.59 207.81 207.88
 -73086.54 207.57 207.62
 -72986.49 207.32 207.35
 -72886.44 207.08 207.10
 -72786.39 206.83 206.84
 -72686.34 206.58 206.59
 -72586.29 206.33 206.33
 -72486.24 206.08 206.08
 -72386.19 205.83 205.83
 -72286.14 205.58 205.58
 -72186.09 205.33 205.33
 -72086.04 205.08 205.08
 -71985.99 204.82 204.82
 -71885.94 204.57 204.57
 -71785.89 204.32 204.32
 -71685.84 204.06 204.06
 -71585.79 203.81 203.81
 -71485.74 203.55 203.55
 -71385.69 203.30 203.30
 -71285.64 203.04 203.04
 -71185.59 202.78 202.78
 -71085.54 202.52 202.52
 -70985.49 202.27 202.27
 -70885.44 202.01 202.01
 -70785.39 201.75 201.75
 -70685.34 201.49 201.49
 -70585.29 201.23 201.23
 -70485.24 200.97 200.97
 -70385.19 200.71 200.71
 -70285.14 200.46 200.46
 -70185.09 200.20 200.20
 -70085.04 199.94 199.94
 -69984.99 199.67 199.67
 -69884.94 199.41 199.41
 -69784.89 199.15 199.15
 -69684.84 198.89 198.89
 -69584.79 198.63 198.63
 -69484.74 198.37 198.37
 -69384.69 198.11 198.11
 -69284.64 197.85 197.85
 -69184.59 197.59 197.59
 -69084.54 197.33 197.33
 -68984.49 197.07 197.07
 -68884.44 196.81 196.81
 -68784.39 196.54 196.54
 -68684.34 196.28 196.28
 -68584.29 196.02 196.02
 -68484.24 195.76 195.76
 -68384.19 195.50 195.50
 -68284.14 195.24 195.24
 -68184.09 194.98 194.98
 -68084.04 194.72 194.72
 -67983.99 194.46 194.46
 -67883.94 194.20 194.20
 -67783.89 193.94 193.94
 -67683.84 193.68 193.68
 -67583.79 193.42 193.42
 -67483.74 193.16 193.16
 -67383.69 192.91 192.91
 -67283.64 192.65 192.65
 -67183.59 192.39 192.39
 -67083.54 192.13 192.13
 -66983.49 191.88 191.88
 -66883.44 191.62 191.62
 -66783.39 191.36 191.36
 -66683.34 191.11 191.11
 -66583.29 190.85 190.85
 -66483.24 190.59 190.59
 -66383.19 190.34 190.34
 -66283.14 190.09 190.09
 -66183.09 189.83 189.83
 -66083.04 189.58 189.58
 -65982.99 189.32 189.32
 -65882.94 189.07 189.07
 -65782.89 188.82 188.82
 -65682.84 188.57 188.57
 -65582.79 188.32 188.32
 -65482.74 188.07 188.07
 -65382.69 187.82 187.82
 -65282.64 187.57 187.57
 -65182.59 187.32 187.32
 -65082.54 187.07 187.07
 -64982.49 186.82 186.82
 -64882.44 186.58 186.58
 -64782.39 186.33 186.33
 -64682.34 186.08 186.08
 -64582.29 185.84 185.84
 -64482.24 185.59 185.59
 -64382.19 185.35 185.35
 -64282.14 185.11 185.11
 -64182.09 184.87 184.87
 -64082.04 184.62 184.62
 -63981.99 184.38 184.38
 -63881.94 184.14 184.14
 -63781.89 183.90 183.90
 -63681.84 183.66 183.66
 -63581.79 183.43 183.43
 -63481.74 183.19 183.19
 -63381.69 182.95 182.95
 -63281.64 182.72 182.72
 -63181.59 182.48 182.48
 -63081.54 182.25 182.25
 -62981.49 182.01 182.01
 -62881.44 181.78 181.78
 -62781.39 181.55 181.55
 -62681.34 181.32 181.32
 -62581.29 181.09 181.09
 -62481.24 180.86 180.86
 -62381.19 180.63 180.63
 -62281.14 180.40 180.40
 -62181.09 180.18 180.18
 -62081.04 179.95 179.95
 -61980.99 179.72 179.72
 -61880.94 179.50 179.50
 -61780.89 179.28 179.28
 -61680.84 179.05 179.05
 -61580.79 178.83 178.83
 -61480.74 178.61 178.61
 -61380.69 178.39 178.39
 -61280.64 178.17 178.17
 -61180.59 177.96 177.96
 -61080.54 177.74 177.74
 -60980.49 177.52 177.52
 -60880.44 177.31 177.31
 -60780.39 177.09 177.09
 -60680.34 176.88 176.88
 -60580.29 176.67 176.67
 -60480.24 176.46 176.46
 -60380.19 176.25 176.25
 -60280.14 176.04 176.04
 -60180.09 175.83 175.83
 -60080.04 175.62 175.62
 -59979.99 175.42 175.42
 -59879.94 175.21 175.21
 -59779.89 175.01 175.01
 -59679.84 174.80 174.80
 -59579.79 174.60 174.60
 -59479.74 174.40 174.40
 -59379.69 174.20 174.20
 -59279.64 174.00 174.00
 -59179.59 173.80 173.80
 -59079.54 173.60 173.60
 -58979.49 173.41 173.41
 -58879.44 173.21 173.21
 -58779.39 173.02 173.02
 -58679.34 172.82 172.82
 -58579.29 172.63 172.63
 -58479.24 172.44 172.44
 -58379.19 172.25 172.25
 -58279.14 172.06 172.06
 -58179.09 171.87 171.87
 -58079.04 171.68 171.68
 -57978.99 171.50 171.50
 -57878.94 171.31 171.31
 -57778.89 171.13 171.13
 -57678.84 170.94 170.94
 -57578.79 170.76 170.76
 -57478.74 170.58 170.58
 -57378.69 170.40 170.40
 -57278.64 170.22 170.22
 -57178.59 170.04 170.04
 -57078.54 169.87 169.87
 -56978.49 169.69 169.69
 -56878.44 169.52 169.52
 -56778.39 169.34 169.34
 -56678.34 169.17 169.17
 -56578.29 169.00 169.00
 -56478.24 168.83 168.83
 -56378.19 168.66 168.66
 -56278.14 168.49 168.49
 -56178.09 168.32 168.32
 -56078.04 168.16 168.16
 -55977.99 167.99 167.99
 -55877.94 167.83 167.83
 -55777.89 167.66 167.66
 -55677.84 167.50 167.50
 -55577.79 167.34 167.34
 -55477.74 167.18 167.18
 -55377.69 167.02 167.02
 -55277.64 166.86 166.86
 -55177.59 166.71 166.71
 -55077.54 166.55 166.55
 -54977.49 166.39 166.39
 -54877.44 166.24 166.24
 -54777.39 166.09 166.09
 -54677.34 165.94 165.94
 -54577.29 165.79 165.79
 -54477.24 165.64 165.64
 -54377.19 165.49 165.49
 -54277.14 165.34 165.34
 -54177.09 165.19 165.19
 -54077.04 165.05 165.05
 -53976.99 164.90 164.90
 -53876.94 164.76 164.76
 -53776.89 164.61 164.61
 -53676.84 164.47 164.47
 -53576.79 164.33 164.33
 -53476.74 164.19 164.19
 -53376.69 164.05 164.05
 -53276.64 163.92 163.92
 -53176.59 163.78 163.78
 -53076.54 163.64 163.64
 -52976.49 163.51 163.51
 -52876.44 163.38 163.38
 -52776.39 163.24 163.24
 -52676.34 163.11 163.11
 -52576.29 162.98 162.98
 -52476.24 162.85 162.85
 -52376.19 162.72 162.72
 -52276.14 162.59 162.59
 -52176.09 162.47 162.47
 -52076.04 162.34 162.34
 -51975.99 162.22 162.22
 -51875.94 162.09 162.09
 -51775.89 161.97 161.97
 -51675.84 161.85 161.85
 -51575.79 161.73 161.73
 -51475.74 161.61 161.61
 -51375.69 161.49 161.49
 -51275.64 161.37 161.37
 -51175.59 161.25 161.25
 -51075.54 161.14 161.14
 -50975.49 161.02 161.02
 -50875.44 160.91 160.91
 -50775.39 160.79 160.79
 -50675.34 160.68 160.68
 -50575.29 160.57 160.57
 -50475.24 160.46 160.46
 -50375.19 160.35 160.35
 -50275.14 160.24 160.24
 -50175.09 160.13 160.13
 -50075.04 160.02 160.02
 -49974.99 159.92 159.92
 -49874.94 159.81 159.81
 -49774.89 159.71 159.71
 -49674.84 159.60 159.60
 -49574.79 159.50 159.50
 -49474.74 159.40 159.40
 -49374.69 159.30 159.30
 -49274.64 159.20 159.20
 -49174.59 159.10 159.10
 -49074.54 159.00 159.00
 -48974.49 158.90 158.90
 -48874.44 158.80 158.80
 -48774.39 158.71 158.71
 -48674.34 158.61 158.61
 -48574.29 158.52 158.52
 -48474.24 158.42 158.42
 -48374.19 158.33 158.33
 -48274.14 158.24 158.24
 -48174.09 158.15 158.15
 -48074.04 158.06 158.06
 -47973.99 157.97 157.97
 -47873.94 157.88 157.88
 -47773.89 157.79 157.79
 -47673.84 157.71 157.71
 -47573.79 157.62 157.62
 -47473.74 157.53 157.53
 -47373.69 157.45 157.45
 -47273.64 157.36 157.36
 -47173.59 157.28 157.28
 -47073.54 157.20 157.20
 -46973.49 157.12 157.12
 -46873.44 157.04 157.04
 -46773.39 156.96 156.96
 -46673.34 156.88 156.88
 -46573.29 156.80 156.80
 -46473.24 156.72 156.72
 -46373.19 156.64 156.64
 -46273.14 156.57 156.57
 -46173.09 156.49 156.49
 -46073.04 156.42 156.42
 -45972.99 156.34 156.34
 -45872.94 156.27 156.27
 -45772.89 156.20 156.20
 -45672.84 156.12 156.12
 -45572.79 156.05 156.05
 -45472.74 155.98 155.98
 -45372.69 155.91 155.91
 -45272.64 155.84 155.84
 -45172.59 155.77 155.77
 -45072.54 155.71 155.71
 -44972.49 155.64 155.64
 -44872.44 155.57 155.57
 -44772.39 155.51 155.51
 -44672.34 155.44 155.44
 -44572.29 155.38 155.38
 -44472.24 155.31 155.31
 -44372.19 155.25 155.25
 -44272.14 155.19 155.19
 -44172.09 155.12 155.12
 -44072.04 155.06 155.06
 -43971.99 155.00 155.00
 -43871.94 154.94 154.94
 -43771.89 154.88 154.88
 -43671.84 154.82 154.82
 -43571.79 154.76 154.76
 -43471.74 154.71 154.71
 -43371.69 154.65 154.65
 -43271.64 154.59 154.59
 -43171.59 154.54 154.54
 -43071.54 154.48 154.48
 -42971.49 154.42 154.42
 -42871.44 154.37 154.37
 -42771.39 154.32 154.32
 -42671.34 154.26 154.26
 -42571.29 154.21 154.21
 -42471.24 154.16 154.16
 -42371.19 154.11 154.11
 -42271.14 154.06 154.06
 -42171.09 154.01 154.01
 -42071.04 153.96 153.96
 -41970.99 153.91 153.91
 -41870.94 153.86 153.86
 -41770.89 153.81 153.81
 -41670.84 153.76 153.76
 -41570.79 153.71 153.71
 -41470.74 153.67 153.67
 -41370.69 153.62 153.62
 -41270.64 153.58 153.58
 -41170.59 153.53 153.53
 -41070.54 153.49 153.49
 -40970.49 153.44 153.44
 -40870.44 153.40 153.40
 -40770.39 153.35 153.35
 -40670.34 153.31 153.31
 -40570.29 153.27 153.27
 -40470.24 153.23 153.23
 -40370.19 153.19 153.19
 -40270.14 153.14 153.14
 -40170.09 153.10 153.10
 -40070.04 153.06 153.06
 -39969.98 153.02 153.02
 -39869.93 152.99 152.99
 -39769.88 152.95 152.95
 -39669.83 152.91 152.91
 -39569.78 152.87 152.87
 -39469.73 152.83 152.83
 -39369.68 152.80 152.80
 -39269.63 152.76 152.76
 -39169.58 152.72 152.72
 -39069.53 152.69 152.69
 -38969.48 152.65 152.65
 -38869.43 152.62 152.62
 -38769.38 152.58 152.58
 -38669.33 152.55 152.55
 -38569.28 152.52 152.52
 -38469.23 152.48 152.48
 -38369.18 152.45 152.45
 -38269.13 152.42 152.42
 -38169.08 152.38 152.38
 -38069.03 152.35 152.35
 -37968.98 152.32 152.32
 -37868.93 152.29 152.29
 -37768.88 152.26 152.26
 -37668.83 152.23 152.23
 -37568.78 152.20 152.20
 -37468.73 152.17 152.17
 -37368.68 152.14 152.14
 -37268.63 152.11 152.11
 -37168.58 152.08 152.08
 -37068.53 152.05 152.05
 -36968.48 152.03 152.03
 -36868.43 152.00 152.00
 -36768.38 151.97 151.97
 -36668.33 151.95 151.95
 -36568.28 151.92 151.92
 -36468.23 151.89 151.89
 -36368.18 151.87 151.87
 -36268.13 151.84 151.84
 -36168.08 151.82 151.82
 -36068.03 151.79 151.79
 -35967.98 151.77 151.77
 -35867.93 151.74 151.74
 -35767.88 151.72 151.72
 -35667.83 151.69 151.69
 -35567.78 151.67 151.67
 -35467.73 151.65 151.65
 -35367.68 151.62 151.62
 -35267.63 151.60 151.60
 -35167.58 151.58 151.58
 -35067.53 151.56 151.56
 -34967.48 151.54 151.54
 -34867.43 151.51 151.51
 -34767.38 151.49 151.49
 -34667.33 151.47 151.47
 -34567.28 151.45 151.45
 -34467.23 151.43 151.43
 -34367.18 151.41 151.41
 -34267.13 151.39 151.39
 -34167.08 151.37 151.37
 -34067.03 151.35 151.35
 -33966.98 151.33 151.33
 -33866.93 151.31 151.31
 -33766.88 151.30 151.30
 -33666.83 151.28 151.28
 -33566.78 151.26 151.26
 -33466.73 151.24 151.24
 -33366.68 151.22 151.22
 -33266.63 151.21 151.21
 -33166.58 151.19 151.19
 -33066.53 151.17 151.17
 -32966.48 151.16 151.16
 -32866.43 151.14 151.14
 -32766.38 151.12 151.12
 -32666.33 151.11 151.11
 -32566.28 151.09 151.09
 -32466.23 151.07 151.07
 -32366.18 151.06 151.06
 -32266.13 151.04 151.04
 -32166.08 151.03 151.03
 -32066.03 151.01 151.01
 -31965.98 151.00 151.00
 -31865.93 150.98 150.98
 -31765.88 150.97 150.97
 -31665.83 150.96 150.96
 -31565.78 150.94 150.94
 -31465.73 150.93 150.93
 -31365.68 150.91 150.91
 -31265.63 150.90 150.90
 -31165.58 150.89 150.89
 -31065.53 150.88 150.88
 -30965.48 150.86 150.86
 -30865.43 150.85 150.85
 -30765.38 150.84 150.84
 -30665.33 150.82 150.82
 -30565.28 150.81 150.81
 -30465.23 150.80 150.80
 -30365.18 150.79 150.79
 -30265.13 150.78 150.78
 -30165.08 150.77 150.77
 -30065.03 150.75 150.75
 -29964.98 150.74 150.74
 -29864.93 150.73 150.73
 -29764.88 150.72 150.72
 -29664.83 150.71 150.71
 -29564.78 150.70 150.70
 -29464.73 150.69 150.69
 -29364.68 150.68 150.68
 -29264.63 150.67 150.67
 -29164.58 150.66 150.66
 -29064.53 150.65 150.65
 -28964.48 150.64 150.64
 -28864.43 150.63 150.63
 -28764.38 150.62 150.62
 -28664.33 150.61 150.61
 -28564.28 150.60 150.60
 -28464.23 150.59 150.59
 -28364.18 150.58 150.58
 -28264.13 150.57 150.57
 -28164.08 150.57 150.57
 -28064.03 150.56 150.56
 -27963.98 150.55 150.55
 -27863.93 150.54 150.54
 -27763.88 150.53 150.53
 -27663.83 150.52 150.52
 -27563.78 150.52 150.52
 -27463.73 150.51 150.51
 -27363.68 150.50 150.50
 -27263.63 150.49 150.49
 -27163.58 150.49 150.49
 -27063.53 150.48 150.48
 -26963.48 150.47 150.47
 -26863.43 150.46 150.46
 -26763.38 150.46 150.46
 -26663.33 150.45 150.45
 -26563.28 150.44 150.44
 -26463.23 150.44 150.44
 -26363.18 150.43 150.43
 -26263.13 150.42 150.42
 -26163.08 150.42 150.42
 -26063.03 150.41 150.41
 -25962.98 150.40 150.40
 -25862.93 150.40 150.40
 -25762.88 150.39 150.39
 -25662.83 150.38 150.38
 -25562.78 150.38 150.38
 -25462.73 150.37 150.37
 -25362.68 150.37 150.37
 -25262.63 150.36 150.36
 -25162.58 150.36 150.36
 -25062.53 150.35 150.35
 -24962.48 150.34 150.34
 -24862.43 150.34 150.34
 -24762.38 150.33 150.33
 -24662.33 150.33 150.33
 -24562.28 150.32 150.32
 -24462.23 150.32 150.32
 -24362.18 150.31 150.31
 -24262.13 150.31 150.31
 -24162.08 150.30 150.30
 -24062.03 150.30 150.30
 -23961.98 150.29 150.29
 -23861.93 150.29 150.29
 -23761.88 150.29 150.29
 -23661.83 150.28 150.28
 -23561.78 150.28 150.28
 -23461.73 150.27 150.27
 -23361.68 150.27 150.27
 -23261.63 150.26 150.26
 -23161.58 150.26 150.26
 -23061.53 150.26 150.26
 -22961.48 150.25 150.25
 -22861.43 150.25 150.25
 -22761.38 150.24 150.24
 -22661.33 150.24 150.24
 -22561.28 150.24 150.24
 -22461.23 150.23 150.23
 -22361.18 150.23 150.23
 -22261.13 150.22 150.22
 -22161.08 150.22 150.22
 -22061.03 150.22 150.22
 -21960.98 150.21 150.21
 -21860.93 150.21 150.21
 -21760.88 150.21 150.21
 -21660.83 150.20 150.20
 -21560.78 150.20 150.20
 -21460.73 150.20 150.20
 -21360.68 150.19 150.19
 -21260.63 150.19 150.19
 -21160.58 150.19 150.19
 -21060.53 150.19 150.19
 -20960.48 150.18 150.18
 -20860.43 150.18 150.18
 -20760.38 150.18 150.18
 -20660.33 150.17 150.17
 -20560.28 150.17 150.17
 -20460.23 150.17 150.17
 -20360.18 150.17 150.17
 -20260.13 150.16 150.16
 -20160.08 150.16 150.16
 -20060.03 150.16 150.16
 -19959.98 150.16 150.16
 -19859.93 150.15 150.15
 -19759.88 150.15 150.15
 -19659.83 150.15 150.15
 -19559.78 150.15 150.15
 -19459.73 150.14 150.14
 -19359.68 150.14 150.14
 -19259.63 150.14 150.14
 -19159.58 150.14 150.14
 -19059.53 150.13 150.13
 -18959.48 150.13 150.13
 -18859.43 150.13 150.13
 -18759.38 150.13 150.13
 -18659.33 150.13 150.13
 -18559.28 150.12 150.12
 -18459.23 150.12 150.12
 -18359.18 150.12 150.12
 -18259.13 150.12 150.12
 -18159.08 150.12 150.12
 -18059.03 150.11 150.11
 -17958.98 150.11 150.11
 -17858.93 150.11 150.11
 -17758.88 150.11 150.11
 -17658.83 150.11 150.11
 -17558.78 150.11 150.11
 -17458.73 150.10 150.10
 -17358.68 150.10 150.10
 -17258.63 150.10 150.10
 -17158.58 150.10 150.10
 -17058.53 150.10 150.10
 -16958.48 150.10 150.10
 -16858.43 150.09 150.09
 -16758.38 150.09 150.09
 -16658.33 150.09 150.09
 -16558.28 150.09 150.09
 -16458.23 150.09 150.09
 -16358.18 150.09 150.09
 -16258.13 150.09 150.09
 -16158.08 150.08 150.08
 -16058.03 150.08 150.08
 -15957.98 150.08 150.08
 -15857.93 150.08 150.08
 -15757.88 150.08 150.08
 -15657.83 150.08 150.08
 -15557.78 150.08 150.08
 -15457.73 150.08 150.08
 -15357.68 150.07 150.07
 -15257.63 150.07 150.07
 -15157.58 150.07 150.07
 -15057.53 150.07 150.07
 -14957.48 150.07 150.07
 -14857.43 150.07 150.07
 -14757.38 150.07 150.07
 -14657.33 150.07 150.07
 -14557.28 150.07 150.07
 -14457.23 150.06 150.06
 -14357.18 150.06 150.06
 -14257.13 150.06 150.06
 -14157.08 150.06 150.06
 -14057.03 150.06 150.06
 -13956.98 150.06 150.06
 -13856.93 150.06 150.06
 -13756.88 150.06 150.06
 -13656.83 150.06 150.06
 -13556.78 150.06 150.06
 -13456.73 150.06 150.06
 -13356.68 150.05 150.05
 -13256.63 150.05 150.05
 -13156.58 150.05 150.05
 -13056.53 150.05 150.05
 -12956.48 150.05 150.05
 -12856.43 150.05 150.05
 -12756.38 150.05 150.05
 -12656.33 150.05 150.05
 -12556.28 150.05 150.05
 -12456.23 150.05 150.05
 -12356.18 150.05 150.05
 -12256.13 150.05 150.05
 -12156.08 150.05 150.05
 -12056.03 150.04 150.04
 -11955.98 150.04 150.04
 -11855.93 150.04 150.04
 -11755.88 150.04 150.04
 -11655.83 150.04 150.04
 -11555.78 150.04 150.04
 -11455.73 150.04 150.04
 -11355.68 150.04 150.04
 -11255.63 150.04 150.04
 -11155.58 150.04 150.04
 -11055.53 150.04 150.04
 -10955.48 150.04 150.04
 -10855.43 150.04 150.04
 -10755.38 150.04 150.04
 -10655.33 150.04 150.04
 -10555.28 150.04 150.04
 -10455.23 150.04 150.04
 -10355.18 150.03 150.03
 -10255.13 150.03 150.03
 -10155.08 150.03 150.03
 -10055.03 150.03 150.03
  -9954.98 150.03 150.03
  -9854.93 150.03 150.03
  -9754.88 150.03 150.03
  -9654.83 150.03 150.03
  -9554.78 150.03 150.03
  -9454.73 150.03 150.03
  -9354.68 150.03 150.03
  -9254.63 150.03 150.03
  -9154.58 150.03 150.03
  -9054.53 150.03 150.03
  -8954.48 150.03 150.03
  -8854.43 150.03 150.03
  -8754.38 150.03 150.03
  -8654.33 150.03 150.03
  -8554.28 150.03 150.03
  -8454.23 150.03 150.03
  -8354.18 150.03 150.03
  -8254.13 150.03 150.03
  -8154.08 150.03 150.03
  -8054.03 150.03 150.03
  -7953.98 150.03 150.03
  -7853.93 150.02 150.02
  -7753.88 150.02 150.02
  -7653.83 150.02 150.02
  -7553.78 150.02 150.02
  -7453.73 150.02 150.02
  -7353.68 150.02 150.02
  -7253.63 150.02 150.02
  -7153.58 150.02 150.02
  -7053.53 150.02 150.02
  -6953.48 150.02 150.02
  -6853.43 150.02 150.02
  -6753.38 150.02 150.02
  -6653.33 150.02 150.02
  -6553.28 150.02 150.02
  -6453.23 150.02 150.02
  -6353.18 150.02 150.02
  -6253.13 150.02 150.02
  -6153.08 150.02 150.02
  -6053.03 150.02 150.02
  -5952.98 150.02 150.02
  -5852.93 150.02 150.02
  -5752.88 150.02 150.02
  -5652.83 150.02 150.02
  -5552.78 150.02 150.02
  -5452.73 150.02 150.02
  -5352.68 150.02 150.02
  -5252.63 150.02 150.02
  -5152.58 150.02 150.02
  -5052.53 150.02 150.02
  -4952.48 150.02 150.02
  -4852.43 150.02 150.02
  -4752.38 150.02 150.02
  -4652.33 150.02 150.02
  -4552.28 150.02 150.02
  -4452.23 150.02 150.02
  -4352.18 150.02 150.02
  -4252.13 150.02 150.02
  -4152.08 150.02 150.02
  -4052.03 150.02 150.02
  -3951.98 150.02 150.02
  -3851.93 150.02 150.02
  -3751.88 150.02 150.02
  -3651.83 150.02 150.02
  -3551.78 150.02 150.02
  -3451.73 150.02 150.02
  -3351.68 150.02 150.02
  -3251.63 150.02 150.02
  -3151.58 150.02 150.02
  -3051.53 150.02 150.02
  -2951.48 150.02 150.02
  -2851.43 150.02 150.02
  -2751.38 150.02 150.02
  -2651.33 150.02 150.02
  -2551.28 150.02 150.02
  -2451.23 150.02 150.02
  -2351.18 150.02 150.02
  -2251.13 150.01 150.01
  -2151.08 150.01 150.01
  -2051.03 150.01 150.01
  -1950.98 150.01 150.01
  -1850.93 150.01 150.01
  -1750.88 150.01 150.01
  -1650.83 150.01 150.01
  -1550.78 150.01 150.01
  -1450.73 150.01 150.01
  -1350.68 150.01 150.01
  -1250.63 150.01 150.01
  -1150.58 150.01 150.01
  -1050.53 150.01 150.01
   -950.48 150.01 150.01
   -850.43 150.01 150.01
   -750.38 150.01 150.01
   -650.33 150.01 150.01
   -550.28 150.01 150.01
   -450.23 150.01 150.01
   -350.18 150.01 150.01
   -250.13 150.01 150.01
   -150.08 150.01 150.01
    -50.03 150.01 150.01
     50.03 150.01 150.01
    150.08 150.01 150.01
    250.13 150.01 150.01
    350.18 150.01 150.01
    450.23 150.01 150.01
    550.28 150.01 150.01
    650.33 150.01 150.01
    750.38 150.01 150.01
    850.43 150.01 150.01
    950.48 150.01 150.01
   1050.53 150.01 150.01
   1150.58 150.01 150.01
   1250.63 150.01 150.01
   1350.68 150.01 150.01
   1450.73 150.01 150.01
   1550.78 150.01 150.01
   1650.83 150.01 150.01
   1750.88 150.01 150.01
   1850.93 150.01 150.01
   1950.98 150.01 150.01
   2051.03 150.01 150.01
   2151.08 150.01 150.01
   2251.13 150.01 150.01
   2351.18 150.02 150.02
   2451.23 150.02 150.02
   2551.28 150.02 150.02
   2651.33 150.02 150.02
   2751.38 150.02 150.02
   2851.43 150.02 150.02
   2951.48 150.02 150.02
   3051.53 150.02 150.02
   3151.58 150.02 150.02
   3251.63 150.02 150.02
   3351.68 150.02 150.02
   3451.73 150.02 150.02
   3551.78 150.02 150.02
   3651.83 150.02 150.02
   3751.88 150.02 150.02
   3851.93 150.02 150.02
   3951.98 150.02 150.02
   4052.03 150.02 150.02
   4152.08 150.02 150.02
   4252.13 150.02 150.02
   4352.18 150.02 150.02
   4452.23 150.02 150.02
   4552.28 150.02 150.02
   4652.33 150.02 150.02
   4752.38 150.02 150.02
   4852.43 150.02 150.02
   4952.48 150.02 150.02
   5052.53 150.02 150.02
   5152.58 150.02 150.02
   5252.63 150.02 150.02
   5352.68 150.02 150.02
   5452.73 150.02 150.02
   5552.78 150.02 150.02
   5652.83 150.02 150.02
   5752.88 150.02 150.02
   5852.93 150.02 150.02
   5952.98 150.02 150.02
   6053.03 150.02 150.02
   6153.08 150.02 150.02
   6253.13 150.02 150.02
   6353.18 150.02 150.02
   6453.23 150.02 150.02
   6553.28 150.02 150.02
   6653.33 150.02 150.02
   6753.38 150.02 150.02
   6853.43 150.02 150.02
   6953.48 150.02 150.02
   7053.53 150.02 150.02
   7153.58 150.02 150.02
   7253.63 150.02 150.02
   7353.68 150.02 150.02
   7453.73 150.02 150.02
   7553.78 150.02 150.02
   7653.83 150.02 150.02
   7753.88 150.02 150.02
   7853.93 150.02 150.02
   7953.98 150.03 150.03
   8054.03 150.03 150.03
   8154.08 150.03 150.03
   8254.13 150.03 150.03
   8354.18 150.03 150.03
   8454.23 150.03 150.03
   8554.28 150.03 150.03
   8654.33 150.03 150.03
   8754.38 150.03 150.03
   8854.43 150.03 150.03
   8954.48 150.03 150.03
   9054.53 150.03 150.03
   9154.58 150.03 150.03
   9254.63 150.03 150.03
   9354.68 150.03 150.03
   9454.73 150.03 150.03
   9554.78 150.03 150.03
   9654.83 150.03 150.03
   9754.88 150.03 150.03
   9854.93 150.03 150.03
   9954.98 150.03 150.03
  10055.03 150.03 150.03
  10155.08 150.03 150.03
  10255.13 150.03 150.03
  10355.18 150.03 150.03
  10455.23 150.04 150.04
  10555.28 150.04 150.04
  10655.33 150.04 150.04
  10755.38 150.04 150.04
  10855.43 150.04 150.04
  10955.48 150.04 150.04
  11055.53 150.04 150.04
  11155.58 150.04 150.04
  11255.63 150.04 150.04
  11355.68 150.04 150.04
  11455.73 150.04 150.04
  11555.78 150.04 150.04
  11655.83 150.04 150.04
  11755.88 150.04 150.04
  11855.93 150.04 150.04
  11955.98 150.04 150.04
  12056.03 150.04 150.04
  12156.08 150.05 150.05
  12256.13 150.05 150.05
  12356.18 150.05 150.05
  12456.23 150.05 150.05
  12556.28 150.05 150.05
  12656.33 150.05 150.05
  12756.38 150.05 150.05
  12856.43 150.05 150.05
  12956.48 150.05 150.05
  13056.53 150.05 150.05
  13156.58 150.05 150.05
  13256.63 150.05 150.05
  13356.68 150.05 150.05
  13456.73 150.06 150.06
  13556.78 150.06 150.06
  13656.83 150.06 150.06
  13756.88 150.06 150.06
  13856.93 150.06 150.06
  13956.98 150.06 150.06
  14057.03 150.06 150.06
  14157.08 150.06 150.06
  14257.13 150.06 150.06
  14357.18 150.06 150.06
  14457.23 150.06 150.06
  14557.28 150.07 150.07
  14657.33 150.07 150.07
  14757.38 150.07 150.07
  14857.43 150.07 150.07
  14957.48 150.07 150.07
  15057.53 150.07 150.07
  15157.58 150.07 150.07
  15257.63 150.07 150.07
  15357.68 150.07 150.07
  15457.73 150.08 150.08
  15557.78 150.08 150.08
  15657.83 150.08 150.08
  15757.88 150.08 150.08
  15857.93 150.08 150.08
  15957.98 150.08 150.08
  16058.03 150.08 150.08
  16158.08 150.08 150.08
  16258.13 150.09 150.09
  16358.18 150.09 150.09
  16458.23 150.09 150.09
  16558.28 150.09 150.09
  16658.33 150.09 150.09
  16758.38 150.09 150.09
  16858.43 150.09 150.09
  16958.48 150.10 150.10
  17058.53 150.10 150.10
  17158.58 150.10 150.10
  17258.63 150.10 150.10
  17358.68 150.10 150.10
  17458.73 150.10 150.10
  17558.78 150.11 150.11
  17658.83 150.11 150.11
  17758.88 150.11 150.11
  17858.93 150.11 150.11
  17958.98 150.11 150.11
  18059.03 150.11 150.11
  18159.08 150.12 150.12
  18259.13 150.12 150.12
  18359.18 150.12 150.12
  18459.23 150.12 150.12
  18559.28 150.12 150.12
  18659.33 150.13 150.13
  18759.38 150.13 150.13
  18859.43 150.13 150.13
  18959.48 150.13 150.13
  19059.53 150.13 150.13
  19159.58 150.14 150.14
  19259.63 150.14 150.14
  19359.68 150.14 150.14
  19459.73 150.14 150.14
  19559.78 150.15 150.15
  19659.83 150.15 150.15
  19759.88 150.15 150.15
  19859.93 150.15 150.15
  19959.98 150.16 150.16
  20060.03 150.16 150.16
  20160.08 150.16 150.16
  20260.13 150.16 150.16
  20360.18 150.17 150.17
  20460.23 150.17 150.17
  20560.28 150.17 150.17
  20660.33 150.17 150.17
  20760.38 150.18 150.18
  20860.43 150.18 150.18
  20960.48 150.18 150.18
  21060.53 150.19 150.19
  21160.58 150.19 150.19
  21260.63 150.19 150.19
  21360.68 150.19 150.19
  21460.73 150.20 150.20
  21560.78 150.20 150.20
  21660.83 150.20 150.20
  21760.88 150.21 150.21
  21860.93 150.21 150.21
  21960.98 150.21 150.21
  22061.03 150.22 150.22
  22161.08 150.22 150.22
  22261.13 150.22 150.22
  22361.18 150.23 150.23
  22461.23 150.23 150.23
  22561.28 150.24 150.24
  22661.33 150.24 150.24
  22761.38 150.24 150.24
  22861.43 150.25 150.25
  22961.48 150.25 150.25
  23061.53 150.26 150.26
  23161.58 150.26 150.26
  23261.63 150.26 150.26
  23361.68 150.27 150.27
  23461.73 150.27 150.27
  23561.78 150.28 150.28
  23661.83 150.28 150.28
  23761.88 150.29 150.29
  23861.93 150.29 150.29
  23961.98 150.29 150.29
  24062.03 150.30 150.30
  24162.08 150.30 150.30
  24262.13 150.31 150.31
  24362.18 150.31 150.31
  24462.23 150.32 150.32
  24562.28 150.32 150.32
  24662.33 150.33 150.33
  24762.38 150.33 150.33
  24862.43 150.34 150.34
  24962.48 150.34 150.34
  25062.53 150.35 150.35
  25162.58 150.36 150.36
  25262.63 150.36 150.36
  25362.68 150.37 150.37
  25462.73 150.37 150.37
  25562.78 150.38 150.38
  25662.83 150.38 150.38
  25762.88 150.39 150.39
  25862.93 150.40 150.40
  25962.98 150.40 150.40
  26063.03 150.41 150.41
  26163.08 150.42 150.42
  26263.13 150.42 150.42
  26363.18 150.43 150.43
  26463.23 150.44 150.44
  26563.28 150.44 150.44
  26663.33 150.45 150.45
  26763.38 150.46 150.46
  26863.43 150.46 150.46
  26963.48 150.47 150.47
  27063.53 150.48 150.48
  27163.58 150.49 150.49
  27263.63 150.49 150.49
  27363.68 150.50 150.50
  27463.73 150.51 150.51
  27563.78 150.52 150.52
  27663.83 150.52 150.52
  27763.88 150.53 150.53
  27863.93 150.54 150.54
  27963.98 150.55 150.55
  28064.03 150.56 150.56
  28164.08 150.57 150.57
  28264.13 150.57 150.57
  28364.18 150.58 150.58
  28464.23 150.59 150.59
  28564.28 150.60 150.60
  28664.33 150.61 150.61
  28764.38 150.62 150.62
  28864.43 150.63 150.63
  28964.48 150.64 150.64
  29064.53 150.65 150.65
  29164.58 150.66 150.66
  29264.63 150.67 150.67
  29364.68 150.68 150.68
  29464.73 150.69 150.69
  29564.78 150.70 150.70
  29664.83 150.71 150.71
  29764.88 150.72 150.72
  29864.93 150.73 150.73
  29964.98 150.74 150.74
  30065.03 150.75 150.75
  30165.08 150.77 150.77
  30265.13 150.78 150.78
  30365.18 150.79 150.79
  30465.23 150.80 150.80
  30565.28 150.81 150.81
  30665.33 150.82 150.82
  30765.38 150.84 150.84
  30865.43 150.85 150.85
  30965.48 150.86 150.86
  31065.53 150.88 150.88
  31165.58 150.89 150.89
  31265.63 150.90 150.90
  31365.68 150.91 150.91
  31465.73 150.93 150.93
  31565.78 150.94 150.94
  31665.83 150.96 150.96
  31765.88 150.97 150.97
  31865.93 150.98 150.98
  31965.98 151.00 151.00
  32066.03 151.01 151.01
  32166.08 151.03 151.03
  32266.13 151.04 151.04
  32366.18 151.06 151.06
  32466.23 151.07 151.07
  32566.28 151.09 151.09
  32666.33 151.11 151.11
  32766.38 151.12 151.12
  32866.43 151.14 151.14
  32966.48 151.16 151.16
  33066.53 151.17 151.17
  33166.58 151.19 151.19
  33266.63 151.21 151.21
  33366.68 151.22 151.22
  33466.73 151.24 151.24
  33566.78 151.26 151.26
  33666.83 151.28 151.28
  33766.88 151.30 151.30
  33866.93 151.31 151.31
  33966.98 151.33 151.33
  34067.03 151.35 151.35
  34167.08 151.37 151.37
  34267.13 151.39 151.39
  34367.18 151.41 151.41
  34467.23 151.43 151.43
  34567.28 151.45 151.45
  34667.33 151.47 151.47
  34767.38 151.49 151.49
  34867.43 151.51 151.51
  34967.48 151.54 151.54
  35067.53 151.56 151.56
  35167.58 151.58 151.58
  35267.63 151.60 151.60
  35367.68 151.62 151.62
  35467.73 151.65 151.65
  35567.78 151.67 151.67
  35667.83 151.69 151.69
  35767.88 151.72 151.72
  35867.93 151.74 151.74
  35967.98 151.77 151.77
  36068.03 151.79 151.79
  36168.08 151.82 151.82
  36268.13 151.84 151.84
  36368.18 151.87 151.87
  36468.23 151.89 151.89
  36568.28 151.92 151.92
  36668.33 151.95 151.95
  36768.38 151.97 151.97
  36868.43 152.00 152.00
  36968.48 152.03 152.03
  37068.53 152.05 152.05
  37168.58 152.08 152.08
  37268.63 152.11 152.11
  37368.68 152.14 152.14
  37468.73 152.17 152.17
  37568.78 152.20 152.20
  37668.83 152.23 152.23
  37768.88 152.26 152.26
  37868.93 152.29 152.29
  37968.98 152.32 152.32
  38069.03 152.35 152.35
  38169.08 152.38 152.38
  38269.13 152.42 152.42
  38369.18 152.45 152.45
  38469.23 152.48 152.48
  38569.28 152.52 152.52
  38669.33 152.55 152.55
  38769.38 152.58 152.58
  38869.43 152.62 152.62
  38969.48 152.65 152.65
  39069.53 152.69 152.69
  39169.58 152.72 152.72
  39269.63 152.76 152.76
  39369.68 152.80 152.80
  39469.73 152.83 152.83
  39569.78 152.87 152.87
  39669.83 152.91 152.91
  39769.88 152.95 152.95
  39869.93 152.99 152.99
  39969.98 153.02 153.02
  40070.04 153.06 153.06
  40170.09 153.10 153.10
  40270.14 153.14 153.14
  40370.19 153.19 153.19
  40470.24 153.23 153.23
  40570.29 153.27 153.27
  40670.34 153.31 153.31
  40770.39 153.35 153.35
  40870.44 153.40 153.40
  40970.49 153.44 153.44
  41070.54 153.49 153.49
  41170.59 153.53 153.53
  41270.64 153.58 153.58
  41370.69 153.62 153.62
  41470.74 153.67 153.67
  41570.79 153.71 153.71
  41670.84 153.76 153.76
  41770.89 153.81 153.81
  41870.94 153.86 153.86
  41970.99 153.91 153.91
  42071.04 153.96 153.96
  42171.09 154.01 154.01
  42271.14 154.06 154.06
  42371.19 154.11 154.11
  42471.24 154.16 154.16
  42571.29 154.21 154.21
  42671.34 154.26 154.26
  42771.39 154.32 154.32
  42871.44 154.37 154.37
  42971.49 154.42 154.42
  43071.54 154.48 154.48
  43171.59 154.54 154.54
  43271.64 154.59 154.59
  43371.69 154.65 154.65
  43471.74 154.71 154.71
  43571.79 154.76 154.76
  43671.84 154.82 154.82
  43771.89 154.88 154.88
  43871.94 154.94 154.94
  43971.99 155.00 155.00
  44072.04 155.06 155.06
  44172.09 155.12 155.12
  44272.14 155.19 155.19
  44372.19 155.25 155.25
  44472.24 155.31 155.31
  44572.29 155.38 155.38
  44672.34 155.44 155.44
  44772.39 155.51 155.51
  44872.44 155.57 155.57
  44972.49 155.64 155.64
  45072.54 155.71 155.71
  45172.59 155.77 155.77
  45272.64 155.84 155.84
  45372.69 155.91 155.91
  45472.74 155.98 155.98
  45572.79 156.05 156.05
  45672.84 156.12 156.12
  45772.89 156.20 156.20
  45872.94 156.27 156.27
  45972.99 156.34 156.34
  46073.04 156.42 156.42
  46173.09 156.49 156.49
  46273.14 156.57 156.57
  46373.19 156.64 156.64
  46473.24 156.72 156.72
  46573.29 156.80 156.80
  46673.34 156.88 156.88
  46773.39 156.96 156.96
  46873.44 157.04 157.04
  46973.49 157.12 157.12
  47073.54 157.20 157.20
  47173.59 157.28 157.28
  47273.64 157.36 157.36
  47373.69 157.45 157.45
  47473.74 157.53 157.53
  47573.79 157.62 157.62
  47673.84 157.71 157.71
  47773.89 157.79 157.79
  47873.94 157.88 157.88
  47973.99 157.97 157.97
  48074.04 158.06 158.06
  48174.09 158.15 158.15
  48274.14 158.24 158.24
  48374.19 158.33 158.33
  48474.24 158.42 158.42
  48574.29 158.52 158.52
  48674.34 158.61 158.61
  48774.39 158.71 158.71
  48874.44 158.80 158.80
  48974.49 158.90 158.90
  49074.54 159.00 159.00
  49174.59 159.10 159.10
  49274.64 159.20 159.20
  49374.69 159.30 159.30
  49474.74 159.40 159.40
  49574.79 159.50 159.50
  49674.84 159.60 159.60
  49774.89 159.71 159.71
  49874.94 159.81 159.81
  49974.99 159.92 159.92
  50075.04 160.02 160.02
  50175.09 160.13 160.13
  50275.14 160.24 160.24
  50375.19 160.35 160.35
  50475.24 160.46 160.46
  50575.29 160.57 160.57
  50675.34 160.68 160.68
  50775.39 160.79 160.79
  50875.44 160.91 160.91
  50975.49 161.02 161.02
  51075.54 161.14 161.14
  51175.59 161.25 161.25
  51275.64 161.37 161.37
  51375.69 161.49 161.49
  51475.74 161.61 161.61
  51575.79 161.73 161.73
  51675.84 161.85 161.85
  51775.89 161.97 161.97
  51875.94 162.09 162.09
  51975.99 162.22 162.22
  52076.04 162.34 162.34
  52176.09 162.47 162.47
  52276.14 162.59 162.59
  52376.19 162.72 162.72
  52476.24 162.85 162.85
  52576.29 162.98 162.98
  52676.34 163.11 163.11
  52776.39 163.24 163.24
  52876.44 163.38 163.38
  52976.49 163.51 163.51
  53076.54 163.64 163.64
  53176.59 163.78 163.78
  53276.64 163.92 163.92
  53376.69 164.05 164.05
  53476.74 164.19 164.19
  53576.79 164.33 164.33
  53676.84 164.47 164.47
  53776.89 164.61 164.61
  53876.94 164.76 164.76
  53976.99 164.90 164.90
  54077.04 165.05 165.05
  54177.09 165.19 165.19
  54277.14 165.34 165.34
  54377.19 165.49 165.49
  54477.24 165.64 165.64
  54577.29 165.79 165.79
  54677.34 165.94 165.94
  54777.39 166.09 166.09
  54877.44 166.24 166.24
  54977.49 166.39 166.39
  55077.54 166.55 166.55
  55177.59 166.71 166.71
  55277.64 166.86 166.86
  55377.69 167.02 167.02
  55477.74 167.18 167.18
  55577.79 167.34 167.34
  55677.84 167.50 167.50
  55777.89 167.66 167.66
  55877.94 167.83 167.83
  55977.99 167.99 167.99
  56078.04 168.16 168.16
  56178.09 168.32 168.32
  56278.14 168.49 168.49
  56378.19 168.66 168.66
  56478.24 168.83 168.83
  56578.29 169.00 169.00
  56678.34 169.17 169.17
  56778.39 169.34 169.34
  56878.44 169.52 169.52
  56978.49 169.69 169.69
  57078.54 169.87 169.87
  57178.59 170.04 170.04
  57278.64 170.22 170.22
  57378.69 170.40 170.40
  57478.74 170.58 170.58
  57578.79 170.76 170.76
  57678.84 170.94 170.94
  57778.89 171.13 171.13
  57878.94 171.31 171.31
  57978.99 171.50 171.50
  58079.04 171.68 171.68
  58179.09 171.87 171.87
  58279.14 172.06 172.06
  58379.19 172.25 172.25
  58479.24 172.44 172.44
  58579.29 172.63 172.63
  58679.34 172.82 172.82
  58779.39 173.02 173.02
  58879.44 173.21 173.21
  58979.49 173.41 173.41
  59079.54 173.60 173.60
  59179.59 173.80 173.80
  59279.64 174.00 174.00
  59379.69 174.20 174.20
  59479.74 174.40 174.40
  59579.79 174.60 174.60
  59679.84 174.80 174.80
  59779.89 175.01 175.01
  59879.94 175.21 175.21
  59979.99 175.42 175.42
  60080.04 175.62 175.62
  60180.09 175.83 175.83
  60280.14 176.04 176.04
  60380.19 176.25 176.25
  60480.24 176.46 176.46
  60580.29 176.67 176.67
  60680.34 176.88 176.88
  60780.39 177.09 177.09
  60880.44 177.31 177.31
  60980.49 177.52 177.52
  61080.54 177.74 177.74
  61180.59 177.96 177.96
  61280.64 178.17 178.17
  61380.69 178.39 178.39
  61480.74 178.61 178.61
  61580.79 178.83 178.83
  61680.84 179.05 179.05
  61780.89 179.28 179.28
  61880.94 179.50 179.50
  61980.99 179.72 179.72
  62081.04 179.95 179.95
  62181.09 180.18 180.18
  62281.14 180.40 180.40
  62381.19 180.63 180.63
  62481.24 180.86 180.86
  62581.29 181.09 181.09
  62681.34 181.32 181.32
  62781.39 181.55 181.55
  62881.44 181.78 181.78
  62981.49 182.01 182.01
  63081.54 182.25 182.25
  63181.59 182.48 182.48
  63281.64 182.72 182.72
  63381.69 182.95 182.95
  63481.74 183.19 183.19
  63581.79 183.43 183.43
  63681.84 183.66 183.66
  63781.89 183.90 183.90
  63881.94 184.14 184.14
  63981.99 184.38 184.38
  64082.04 184.62 184.62
  64182.09 184.87 184.87
  64282.14 185.11 185.11
  64382.19 185.35 185.35
  64482.24 185.59 185.59
  64582.29 185.84 185.84
  64682.34 186.08 186.08
  64782.39 186.33 186.33
  64882.44 186.58 186.58
  64982.49 186.82 186.82
  65082.54 187.07 187.07
  65182.59 187.32 187.32
  65282.64 187.57 187.57
  65382.69 187.82 187.82
  65482.74 188.07 188.07
  65582.79 188.32 188.32
  65682.84 188.57 188.57
  65782.89 188.82 188.82
  65882.94 189.07 189.07
  65982.99 189.32 189.32
  66083.04 189.58 189.58
  66183.09 189.83 189.83
  66283.14 190.09 190.09
  66383.19 190.34 190.34
  66483.24 190.59 190.59
  66583.29 190.85 190.85
  66683.34 191.11 191.11
  66783.39 191.36 191.36
  66883.44 191.62 191.62
  66983.49 191.88 191.88
  67083.54 192.13 192.13
  67183.59 192.39 192.39
  67283.64 192.65 192.65
  67383.69 192.91 192.91
  67483.74 193.16 193.16
  67583.79 193.42 193.42
  67683.84 193.68 193.68
  67783.89 193.94 193.94
  67883.94 194.20 194.20
  67983.99 194.46 194.46
  68084.04 194.72 194.72
  68184.09 194.98 194.98
  68284.14 195.24 195.24
  68384.19 195.50 195.50
  68484.24 195.76 195.76
  68584.29 196.02 196.02
  68684.34 196.28 196.28
  68784.39 196.54 196.54
  68884.44 196.81 196.81
  68984.49 197.07 197.07
  69084.54 197.33 197.33
  69184.59 197.59 197.59
  69284.64 197.85 197.85
  69384.69 198.11 198.11
  69484.74 198.37 198.37
  69584.79 198.63 198.63
  69684.84 198.89 198.89
  69784.89 199.15 199.15
  69884.94 199.41 199.41
  69984.99 199.67 199.67
  70085.04 199.94 199.94
  70185.09 200.20 200.20
  70285.14 200.46 200.46
  70385.19 200.71 200.71
  70485.24 200.97 200.97
  70585.29 201.23 201.23
  70685.34 201.49 201.49
  70785.39 201.75 201.75
  70885.44 202.01 202.01
  70985.49 202.27 202.27
  71085.54 202.52 202.52
  71185.59 202.78 202.78
  71285.64 203.04 203.04
  71385.69 203.30 203.30
  71485.74 203.55 203.55
  71585.79 203.81 203.81
  71685.84 204.06 204.06
  71785.89 204.32 204.32
  71885.94 204.57 204.57
  71985.99 204.82 204.82
  72086.04 205.08 205.08
  72186.09 205.33 205.33
  72286.14 205.58 205.58
  72386.19 205.83 205.83
  72486.24 206.08 206.08
  72586.29 206.33 206.33
  72686.34 206.58 206.59
  72786.39 206.83 206.84
  72886.44 207.08 207.10
  72986.49 207.32 207.35
  73086.54 207.57 207.62
  73186.59 207.81 207.88
  73286.64 208.06 208.14
  73386.69 208.30 208.41
  73486.74 208.54 208.68
  73586.79 208.79 208.95
  73686.84 209.03 209.22
  73786.89 209.27 209.50
  73886.94 209.50 209.78
  73986.99 209.74 210.06
  74087.04 209.98 210.34
  74187.09 210.21 210.62
  74287.14 210.45 210.91
  74387.19 210.68 211.20
  74487.24 210.91 211.49
  74587.29 211.15 211.79
  74687.34 211.37 212.09
  74787.39 211.60 212.38
  74887.44 211.83 212.69
  74987.49 212.06 212.99
  75087.54 212.28 213.30
  75187.59 212.51 213.61
  75287.64 212.73 213.92
  75387.69 212.95 214.24
  75487.74 213.17 214.56
  75587.79 213.39 214.88
  75687.84 213.60 215.20
  75787.89 213.82 215.53
  75887.94 214.03 215.86
  75987.99 214.24 216.19
  76088.04 214.45 216.53
  76188.09 214.66 216.86
  76288.14 214.87 217.21
  76388.19 215.07 217.55
  76488.24 215.28 217.90
  76588.29 215.48 218.25
  76688.34 215.68 218.60
  76788.39 215.88 218.96
  76888.44 216.08 219.32
  76988.49 216.27 219.69
  77088.54 216.47 220.06
  77188.59 216.66 220.43
  77288.64 216.85 220.80
  77388.69 217.04 221.18
  77488.74 217.22 221.56
  77588.79 217.41 221.95
  77688.84 217.59 222.34
  77788.89 217.77 222.73
  77888.94 217.95 223.13
  77988.99 218.12 223.53
  78089.04 218.30 223.94
  78189.09 218.47 224.35
  78289.14 218.64 224.76
  78389.19 218.81 225.18
  78489.24 218.97 225.60
  78589.29 219.13 226.03
  78689.34 219.29 226.46
  78789.39 219.45 226.89
  78889.44 219.61 227.33
  78989.49 219.76 227.78
  79089.54 219.92 228.22
  79189.59 220.06 228.68
  79289.64 220.21 229.14
  79389.69 220.36 229.60
  79489.74 220.50 230.07
  79589.79 220.64 230.54
  79689.84 220.77 231.02
  79789.89 220.91 231.51
  79889.94 221.04 232.00
  79989.99 221.17 232.49
  80090.05 221.30 232.99
  80190.10 221.42 233.50
  80290.15 221.54 234.01
  80390.20 221.66 234.53
  80490.25 221.78 235.05
  80590.30 221.89 235.58
  80690.35 222.00 236.12
  80790.40 222.11 236.66
  80890.45 222.21 237.21
  80990.50 222.31 237.77
  81090.55 222.41 238.33
  81190.60 222.51 238.90
  81290.65 222.60 239.47
  81390.70 222.69 240.06
  81490.75 222.78 240.65
  81590.80 222.86 241.25
  81690.85 222.94 241.85
  81790.90 223.02 242.46
  81890.95 223.10 243.09
  81991.00 223.17 243.71
  82091.05 223.24 244.35
  82191.10 223.30 245.00
  82291.15 223.36 245.65
  82391.20 223.42 246.32
  82491.25 223.48 246.99
  82591.30 223.53 247.67
  82691.35 223.58 248.36
  82791.40 223.63 249.06
  82891.45 223.67 249.77
  82991.50 223.71 250.49
  83091.55 223.74 251.22
  83191.60 223.78 251.96
  83291.65 223.81 252.71
  83391.70 223.83 253.47
  83491.75 223.85 254.24
  83591.80 223.87 255.03
  83691.85 223.89 255.82
  83791.90 223.90 256.63
  83891.95 223.91 257.45
  83992.00 223.91 258.29
  84092.05 223.91 259.13
  84192.10 223.91 259.99
  84292.15 223.90 260.86
  84392.20 223.89 261.75
  84492.25 223.88 262.65
  84592.30 223.86 263.56
  84692.35 223.84 264.49
  84792.40 223.81 265.44
  84892.45 223.78 266.40
  84992.50 223.75 267.38
  85092.55 223.71 268.37
  85192.60 223.67 269.38
  85292.65 223.63 270.41
  85392.70 223.58 271.45
  85492.75 223.52 272.52
  85592.80 223.47 273.60
  85692.85 223.41 274.70
  85792.90 223.34 275.82
  85892.95 223.27 276.96
  85993.00 223.20 278.13
  86093.05 223.12 279.31
  86193.10 223.04 280.52
  86293.15 222.96 281.75
  86393.20 222.87 283.00
  86493.25 222.78 284.27
  86593.30 222.68 285.57
  86693.35 222.58 286.90
  86793.40 222.47 288.25
  86893.45 222.36 289.63
  86993.50 222.25 291.03
  87093.55 222.13 292.47
  87193.60 222.01 293.93
  87293.65 221.88 295.42
  87393.70 221.75 296.95
  87493.75 221.61 298.50
  87593.80 221.47 300.09
  87693.85 221.33 301.70
  87793.90 221.18 303.36
  87893.95 221.03 305.05
  87994.00 220.87 306.77
  88094.05 220.71 308.53
  88194.10 220.54 310.33
  88294.15 220.37 312.17
  88394.20 220.20 314.05
  88494.25 220.02 315.97
  88594.30 219.83 317.93
  88694.35 219.64 319.94
  88794.40 219.45 321.99
  88894.45 219.25 324.09
  88994.50 219.05 326.24
  89094.55 218.84 328.43
  89194.60 218.63 330.68
  89294.65 218.42 332.97
  89394.70 218.20 335.33
  89494.75 217.97 337.73
  89594.80 217.74 340.19
  89694.85 217.51 342.72
  89794.90 217.27 345.30
  89894.95 217.03 347.94
  89995.00 216.78 350.65
  90095.05 216.52 353.42
  90195.10 216.27 356.26
  90295.15 216.01 359.17
  90395.20 215.74 362.15
  90495.25 215.47 365.21
  90595.30 215.19 368.34
  90695.35 214.91 371.55
  90795.40 214.62 374.84
  90895.45 214.33 378.22
  90995.50 214.04 381.68
  91095.55 213.74 385.23
  91195.60 213.43 388.87
  91295.65 213.12 392.61
  91395.70 212.81 396.44
  91495.75 212.49 400.38
  91595.80 212.17 404.42
  91695.85 211.84 408.57
  91795.90 211.51 412.82
  91895.95 211.17 417.20
  91996.00 210.83 421.69
  92096.05 210.48 426.30
  92196.10 210.13 431.04
  92296.15 209.77 435.91
  92396.20 209.41 440.92
  92496.25 209.04 446.06
  92596.30 208.67 451.35
  92696.35 208.29 456.79
  92796.40 207.91 462.38
  92896.45 207.52 468.13
  92996.50 207.13 474.05
  93096.55 206.74 480.13
  93196.60 206.34 486.39
  93296.65 205.93 492.84
  93396.70 205.52 499.47
  93496.75 205.11 506.29
  93596.80 204.69 513.31
  93696.85 204.26 520.55
  93796.90 203.83 527.99
  93896.95 203.40 535.66
  93997.00 202.96 543.55
  94097.05 202.51 551.69
  94197.10 202.07 560.06
  94297.15 201.61 568.69
  94397.20 201.15 577.58
  94497.25 200.69 586.73
  94597.30 200.22 596.17
  94697.35 199.75 605.88
  94797.40 199.27 615.90
  94897.45 198.79 626.21
  94997.50 198.30 636.83
  95097.55 197.81 647.78
  95197.60 197.32 659.06
  95297.65 196.81 670.67
  95397.70 196.31 682.63
  95497.75 195.80 694.96
  95597.80 195.28 707.64
  95697.85 194.76 720.71
  95797.90 194.24 734.16
  95897.95 193.71 748.00
  95998.00 193.17 762.24
  96098.05 192.63 776.89
  96198.10 192.09 791.96
  96298.15 191.54 807.46
  96398.20 190.99 823.38
  96498.25 190.43 839.75
  96598.30 189.87 856.56
  96698.35 189.30 873.82
  96798.40 188.73 891.53
  96898.45 188.16 909.69
  96998.50 187.57 928.32
  97098.55 186.99 947.40
  97198.60 186.40 966.94
  97298.65 185.81 986.94
  97398.70 185.21 1007.39
  97498.75 184.60 1028.30
  97598.80 184.00 1049.66
  97698.85 183.38 1071.47
  97798.90 182.77 1093.72
  97898.95 182.15 1116.41
  97999.00 181.52 1139.52
  98099.05 180.89 1163.04
  98199.10 180.25 1186.96
  98299.15 179.62 1211.28
  98399.20 178.97 1235.96
  98499.25 178.33 1261.00
  98599.30 177.67 1286.37
  98699.35 177.02 1312.07
  98799.40 176.36 1338.16
  98899.45 175.69 1364.72
  98999.50 175.02 1391.73
  99099.55 174.35 1419.18
  99199.60 173.67 1447.04
  99299.65 172.99 1475.29
  99399.70 172.30 1503.89
  99499.75 171.61 1532.82
  99599.80 170.92 1562.05
  99699.85 170.22 1591.53
  99799.90 169.52 1621.23
  99899.95 168.81 1651.14
 100000.00 168.10 1681.20
