-100000.00 141.39 1681.20
 -99899.95 142.00 1651.14
 -99799.90 142.61 1621.23
 -99699.85 143.22 1591.53
 -99599.80 143.82 1562.05
 -99499.75 144.43 1532.82
 -99399.70 145.03 1503.89
 -99299.65 145.63 1475.29
 -99199.60 146.22 1447.04
 -99099.55 146.81 1419.18
 -98999.50 147.41 1391.73
 -98899.45 147.99 1364.72
 -98799.40 148.58 1338.16
 -98699.35 149.16 1312.07
 -98599.30 149.75 1286.37
 -98499.25 150.32 1261.00
 -98399.20 150.90 1235.96
 -98299.15 151.47 1211.28
 -98199.10 152.05 1186.96
 -98099.05 152.61 1163.04
 -97999.00 153.18 1139.52
 -97898.95 153.74 1116.41
 -97798.90 154.30 1093.72
 -97698.85 154.86 1071.47
 -97598.80 155.42 1049.66
 -97498.75 155.97 1028.30
 -97398.70 156.52 1007.39
 -97298.65 157.07 986.94
 -97198.60 157.61 966.94
 -97098.55 158.15 947.40
 -96998.50 158.69 928.32
 -96898.45 159.23 909.69
 -96798.40 159.76 891.53
 -96698.35 160.29 873.82
 -96598.30 160.82 856.56
 -96498.25 161.35 839.75
 -96398.20 161.87 823.38
 -96298.15 162.39 807.46
 -96198.10 162.91 791.96
 -96098.05 163.42 776.89
 -95998.00 163.93 762.24
 -95897.95 164.44 748.00
 -95797.90 164.95 734.16
 -95697.85 165.45 720.71
 -95597.80 165.95 707.64
 -95497.75 166.45 694.96
 -95397.70 166.94 682.63
 -95297.65 167.43 670.67
 -95197.60 167.92 659.06
 -95097.55 168.40 647.78
 -94997.50 168.89 636.83
 -94897.45 169.36 626.21
 -94797.40 169.84 615.90
 -94697.35 170.31 605.88
 -94597.30 170.78 596.17
 -94497.25 171.25 586.73
 -94397.20 171.72 577.58
 -94297.15 172.18 568.69
 -94197.10 172.64 560.06
 -94097.05 173.09 551.69
 -93997.00 173.54 543.55
 -93896.95 173.99 535.66
 -93796.90 174.44 527.99
 -93696.85 174.88 520.55
 -93596.80 175.32 513.31
 -93496.75 175.76 506.29
 -93396.70 176.19 499.47
 -93296.65 176.62 492.84
 -93196.60 177.05 486.39
 -93096.55 177.47 480.13
 -92996.50 177.90 474.05
 -92896.45 178.31 468.13
 -92796.40 178.73 462.38
 -92696.35 179.14 456.79
 -92596.30 179.55 451.35
 -92496.25 179.96 446.06
 -92396.20 180.36 440.92
 -92296.15 180.76 435.91
 -92196.10 181.15 431.04
 -92096.05 181.55 426.30
 -91996.00 181.94 421.69
 -91895.95 182.32 417.20
 -91795.90 182.71 412.82
 -91695.85 183.09 408.57
 -91595.80 183.46 404.42
 -91495.75 183.84 400.38
 -91395.70 184.21 396.44
 -91295.65 184.58 392.61
 -91195.60 184.94 388.87
 -91095.55 185.30 385.23
 -90995.50 185.66 381.68
 -90895.45 186.02 378.22
 -90795.40 186.37 374.84
 -90695.35 186.72 371.55
 -90595.30 187.06 368.34
 -90495.25 187.40 365.21
 -90395.20 187.74 362.15
 -90295.15 188.08 359.17
 -90195.10 188.41 356.26
 -90095.05 188.74 353.42
 -89995.00 189.07 350.65
 -89894.95 189.39 347.94
 -89794.90 189.71 345.30
 -89694.85 190.02 342.72
 -89594.80 190.34 340.19
 -89494.75 190.65 337.73
 -89394.70 190.95 335.33
 -89294.65 191.26 332.97
 -89194.60 191.56 330.68
 -89094.55 191.86 328.43
 -88994.50 192.15 326.24
 -88894.45 192.44 324.09
 -88794.40 192.73 321.99
 -88694.35 193.01 319.94
 -88594.30 193.29 317.93
 -88494.25 193.57 315.97
 -88394.20 193.85 314.05
 -88294.15 194.12 312.17
 -88194.10 194.39 310.33
 -88094.05 194.65 308.53
 -87994.00 194.91 306.77
 -87893.95 195.17 305.05
 -87793.90 195.43 303.36
 -87693.85 195.68 301.70
 -87593.80 195.93 300.09
 -87493.75 196.18 298.50
 -87393.70 196.42 296.95
 -87293.65 196.66 295.42
 -87193.60 196.90 293.93
 -87093.55 197.13 292.47
 -86993.50 197.36 291.03
 -86893.45 197.59 289.63
 -86793.40 197.81 288.25
 -86693.35 198.03 286.90
 -86593.30 198.25 285.57
 -86493.25 198.46 284.27
 -86393.20 198.68 283.00
 -86293.15 198.89 281.75
 -86193.10 199.09 280.52
 -86093.05 199.29 279.31
 -85993.00 199.49 278.13
 -85892.95 199.69 276.96
 -85792.90 199.88 275.82
 -85692.85 200.07 274.70
 -85592.80 200.26 273.60
 -85492.75 200.44 272.52
 -85392.70 200.62 271.45
 -85292.65 200.80 270.41
 -85192.60 200.98 269.38
 -85092.55 201.15 268.37
 -84992.50 201.32 267.38
 -84892.45 201.48 266.40
 -84792.40 201.65 265.44
 -84692.35 201.81 264.49
 -84592.30 201.96 263.56
 -84492.25 202.12 262.65
 -84392.20 202.27 261.75
 -84292.15 202.42 260.86
 -84192.10 202.56 259.99
 -84092.05 202.71 259.13
 -83992.00 202.84 258.29
 -83891.95 202.98 257.45
 -83791.90 203.11 256.63
 -83691.85 203.25 255.82
 -83591.80 203.37 255.03
 -83491.75 203.50 254.24
 -83391.70 203.62 253.47
 -83291.65 203.74 252.71
 -83191.60 203.86 251.96
 -83091.55 203.97 251.22
 -82991.50 204.08 250.49
 -82891.45 204.19 249.77
 -82791.40 204.29 249.06
 -82691.35 204.40 248.36
 -82591.30 204.50 247.67
 -82491.25 204.59 246.99
 -82391.20 204.69 246.32
 -82291.15 204.78 245.65
 -82191.10 204.87 245.00
 -82091.05 204.95 244.35
 -81991.00 205.03 243.71
 -81890.95 205.12 243.09
 -81790.90 205.19 242.46
 -81690.85 205.27 241.85
 -81590.80 205.34 241.25
 -81490.75 205.41 240.65
 -81390.70 205.48 240.06
 -81290.65 205.54 239.47
 -81190.60 205.60 238.90
 -81090.55 205.66 238.33
 -80990.50 205.72 237.77
 -80890.45 205.77 237.21
 -80790.40 205.82 236.66
 -80690.35 205.87 236.12
 -80590.30 205.92 235.58
 -80490.25 205.96 235.05
 -80390.20 206.01 234.53
 -80290.15 206.04 234.01
 -80190.10 206.08 233.50
 -80090.05 206.11 232.99
 -79989.99 206.15 232.49
 -79889.94 206.18 232.00
 -79789.89 206.20 231.51
 -79689.84 206.23 231.02
 -79589.79 206.25 230.54
 -79489.74 206.27 230.07
 -79389.69 206.28 229.60
 -79289.64 206.30 229.14
 -79189.59 206.31 228.68
 -79089.54 206.32 228.22
 -78989.49 206.33 227.78
 -78889.44 206.33 227.33
 -78789.39 206.34 226.89
 -78689.34 206.34 226.46
 -78589.29 206.34 226.03
 -78489.24 206.33 225.60
 -78389.19 206.33 225.18
 -78289.14 206.32 224.76
 -78189.09 206.31 224.35
 -78089.04 206.30 223.94
 -77988.99 206.28 223.53
 -77888.94 206.26 223.13
 -77788.89 206.24 222.73
 -77688.84 206.22 222.34
 -77588.79 206.20 221.95
 -77488.74 206.17 221.56
 -77388.69 206.15 221.18
 -77288.64 206.12 220.80
 -77188.59 206.09 220.43
 -77088.54 206.05 220.06
 -76988.49 206.02 219.69
 -76888.44 205.98 219.32
 -76788.39 205.94 218.96
 -76688.34 205.90 218.60
 -76588.29 205.85 218.25
 -76488.24 205.81 217.90
 -76388.19 205.76 217.55
 -76288.14 205.71 217.21
 -76188.09 205.66 216.86
 -76088.04 205.60 216.53
 -75987.99 205.55 216.19
 -75887.94 205.49 215.86
 -75787.89 205.43 215.53
 -75687.84 205.37 215.20
 -75587.79 205.31 214.88
 -75487.74 205.24 214.56
 -75387.69 205.18 214.24
 -75287.64 205.11 213.92
 -75187.59 205.04 213.61
 -75087.54 204.97 213.30
 -74987.49 204.90 212.99
 -74887.44 204.82 212.69
 -74787.39 204.74 212.38
 -74687.34 204.67 212.09
 -74587.29 204.59 211.79
 -74487.24 204.50 211.49
 -74387.19 204.42 211.20
 -74287.14 204.34 210.91
 -74187.09 204.25 210.62
 -74087.04 204.16 210.34
 -73986.99 204.07 210.06
 -73886.94 203.98 209.78
 -73786.89 203.89 209.50
 -73686.84 203.79 209.22
 -73586.79 203.70 208.95
 -73486.74 203.60 208.68
 -73386.69 203.50 208.41
 -73286.64 203.40 208.14
 -73186.59 203.30 207.88
 -73086.54 203.20 207.62
 -72986.49 203.09 207.35
 -72886.44 202.99 207.10
 -72786.39 202.88 206.84
 -72686.34 202.77 206.59
 -72586.29 202.66 206.33
 -72486.24 202.55 206.08
 -72386.19 202.44 205.83
 -72286.14 202.32 205.59
 -72186.09 202.21 205.34
 -72086.04 202.09 205.10
 -71985.99 201.97 204.86
 -71885.94 201.85 204.62
 -71785.89 201.73 204.38
 -71685.84 201.61 204.15
 -71585.79 201.49 203.91
 -71485.74 201.36 203.68
 -71385.69 201.24 203.45
 -71285.64 201.11 203.22
 -71185.59 200.99 203.00
 -71085.54 200.86 202.77
 -70985.49 200.73 202.55
 -70885.44 200.60 202.32
 -70785.39 200.47 202.10
 -70685.34 200.33 201.89
 -70585.29 200.20 201.67
 -70485.24 200.06 201.45
 -70385.19 199.93 201.24
 -70285.14 199.79 201.03
 -70185.09 199.65 200.82
 -70085.04 199.51 200.61
 -69984.99 199.37 200.40
 -69884.94 199.23 200.19
 -69784.89 199.09 199.99
 -69684.84 198.95 199.79
 -69584.79 198.80 199.58
 -69484.74 198.66 199.38
 -69384.69 198.51 199.19
 -69284.64 198.37 198.99
 -69184.59 198.22 198.79
 -69084.54 198.07 198.60
 -68984.49 197.92 198.40
 -68884.44 197.77 198.21
 -68784.39 197.62 198.02
 -68684.34 197.47 197.83
 -68584.29 197.32 197.64
 -68484.24 197.17 197.46
 -68384.19 197.01 197.27
 -68284.14 196.86 197.09
 -68184.09 196.71 196.90
 -68084.04 196.55 196.72
 -67983.99 196.39 196.54
 -67883.94 196.24 196.36
 -67783.89 196.08 196.19
 -67683.84 195.92 196.01
 -67583.79 195.76 195.83
 -67483.74 195.60 195.66
 -67383.69 195.44 195.49
 -67283.64 195.28 195.31
 -67183.59 195.12 195.14
 -67083.54 194.96 194.97
 -66983.49 194.80 194.81
 -66883.44 194.63 194.64
 -66783.39 194.47 194.47
 -66683.34 194.31 194.31
 -66583.29 194.14 194.14
 -66483.24 193.98 193.98
 -66383.19 193.81 193.81
 -66283.14 193.65 193.65
 -66183.09 193.48 193.48
 -66083.04 193.31 193.31
 -65982.99 193.15 193.15
 -65882.94 192.98 192.98
 -65782.89 192.81 192.81
 -65682.84 192.64 192.64
 -65582.79 192.47 192.47
 -65482.74 192.30 192.30
 -65382.69 192.13 192.13
 -65282.64 191.96 191.96
 -65182.59 191.79 191.79
 -65082.54 191.62 191.62
 -64982.49 191.45 191.45
 -64882.44 191.28 191.28
 -64782.39 191.11 191.11
 -64682.34 190.94 190.94
 -64582.29 190.77 190.77
 -64482.24 190.60 190.60
 -64382.19 190.42 190.42
 -64282.14 190.25 190.25
 -64182.09 190.08 190.08
 -64082.04 189.91 189.91
 -63981.99 189.73 189.73
 -63881.94 189.56 189.56
 -63781.89 189.39 189.39
 -63681.84 189.21 189.21
 -63581.79 189.04 189.04
 -63481.74 188.87 188.87
 -63381.69 188.69 188.69
 -63281.64 188.52 188.52
 -63181.59 188.34 188.34
 -63081.54 188.17 188.17
 -62981.49 187.99 187.99
 -62881.44 187.82 187.82
 -62781.39 187.65 187.65
 -62681.34 187.47 187.47
 -62581.29 187.30 187.30
 -62481.24 187.12 187.12
 -62381.19 186.95 186.95
 -62281.14 186.77 186.77
 -62181.09 186.60 186.60
 -62081.04 186.42 186.42
 -61980.99 186.25 186.25
 -61880.94 186.07 186.07
 -61780.89 185.90 185.90
 -61680.84 185.72 185.72
 -61580.79 185.55 185.55
 -61480.74 185.38 185.38
 -61380.69 185.20 185.20
 -61280.64 185.03 185.03
 -61180.59 184.85 184.85
 -61080.54 184.68 184.68
 -60980.49 184.50 184.50
 -60880.44 184.33 184.33
 -60780.39 184.16 184.16
 -60680.34 183.98 183.98
 -60580.29 183.81 183.81
 -60480.24 183.64 183.64
 -60380.19 183.46 183.46
 -60280.14 183.29 183.29
 -60180.09 183.12 183.12
 -60080.04 182.95 182.95
 -59979.99 182.77 182.77
 -59879.94 182.60 182.60
 -59779.89 182.43 182.43
 -59679.84 182.26 182.26
 -59579.79 182.08 182.08
 -59479.74 181.91 181.91
 -59379.69 181.74 181.74
 -59279.64 181.57 181.57
 -59179.59 181.40 181.40
 -59079.54 181.23 181.23
 -58979.49 181.06 181.06
 -58879.44 180.89 180.89
 -58779.39 180.72 180.72
 -58679.34 180.55 180.55
 -58579.29 180.38 180.38
 -58479.24 180.21 180.21
 -58379.19 180.04 180.04
 -58279.14 179.88 179.88
 -58179.09 179.71 179.71
 -58079.04 179.54 179.54
 -57978.99 179.37 179.37
 -57878.94 179.21 179.21
 -57778.89 179.04 179.04
 -57678.84 178.87 178.87
 -57578.79 178.71 178.71
 -57478.74 178.54 178.54
 -57378.69 178.38 178.38
 -57278.64 178.21 178.21
 -57178.59 178.05 178.05
 -57078.54 177.88 177.88
 -56978.49 177.72 177.72
 -56878.44 177.56 177.56
 -56778.39 177.39 177.39
 -56678.34 177.23 177.23
 -56578.29 177.07 177.07
 -56478.24 176.91 176.91
 -56378.19 176.75 176.75
 -56278.14 176.59 176.59
 -56178.09 176.43 176.43
 -56078.04 176.27 176.27
 -55977.99 176.11 176.11
 -55877.94 175.95 175.95
 -55777.89 175.79 175.79
 -55677.84 175.63 175.63
 -55577.79 175.47 175.47
 -55477.74 175.32 175.32
 -55377.69 175.16 175.16
 -55277.64 175.00 175.00
 -55177.59 174.85 174.85
 -55077.54 174.69 174.69
 -54977.49 174.54 174.54
 -54877.44 174.38 174.38
 -54777.39 174.23 174.23
 -54677.34 174.08 174.08
 -54577.29 173.92 173.92
 -54477.24 173.77 173.77
 -54377.19 173.62 173.62
 -54277.14 173.47 173.47
 -54177.09 173.32 173.32
 -54077.04 173.17 173.17
 -53976.99 173.02 173.02
 -53876.94 172.87 172.87
 -53776.89 172.72 172.72
 -53676.84 172.57 172.57
 -53576.79 172.42 172.42
 -53476.74 172.27 172.27
 -53376.69 172.13 172.13
 -53276.64 171.98 171.98
 -53176.59 171.84 171.84
 -53076.54 171.69 171.69
 -52976.49 171.55 171.55
 -52876.44 171.40 171.40
 -52776.39 171.26 171.26
 -52676.34 171.12 171.12
 -52576.29 170.97 170.97
 -52476.24 170.83 170.83
 -52376.19 170.69 170.69
 -52276.14 170.55 170.55
 -52176.09 170.41 170.41
 -52076.04 170.27 170.27
 -51975.99 170.13 170.13
 -51875.94 169.99 169.99
 -51775.89 169.85 169.85
 -51675.84 169.72 169.72
 -51575.79 169.58 169.58
 -51475.74 169.44 169.44
 -51375.69 169.31 169.31
 -51275.64 169.17 169.17
 -51175.59 169.04 169.04
 -51075.54 168.91 168.91
 -50975.49 168.77 168.77
 -50875.44 168.64 168.64
 -50775.39 168.51 168.51
 -50675.34 168.38 168.38
 -50575.29 168.25 168.25
 -50475.24 168.12 168.12
 -50375.19 167.99 167.99
 -50275.14 167.86 167.86
 -50175.09 167.73 167.73
 -50075.04 167.60 167.60
 -49974.99 167.47 167.47
 -49874.94 167.35 167.35
 -49774.89 167.22 167.22
 -49674.84 167.09 167.09
 -49574.79 166.97 166.97
 -49474.74 166.85 166.85
 -49374.69 166.72 166.72
 -49274.64 166.60 166.60
 -49174.59 166.48 166.48
 -49074.54 166.35 166.35
 -48974.49 166.23 166.23
 -48874.44 166.11 166.11
 -48774.39 165.99 165.99
 -48674.34 165.87 165.87
 -48574.29 165.75 165.75
 -48474.24 165.64 165.64
 -48374.19 165.52 165.52
 -48274.14 165.40 165.40
 -48174.09 165.28 165.28
 -48074.04 165.17 165.17
 -47973.99 165.05 165.05
 -47873.94 164.94 164.94
 -47773.89 164.83 164.83
 -47673.84 164.71 164.71
 -47573.79 164.60 164.60
 -47473.74 164.49 164.49
 -47373.69 164.38 164.38
 -47273.64 164.26 164.26
 -47173.59 164.15 164.15
 -47073.54 164.04 164.04
 -46973.49 163.94 163.94
 -46873.44 163.83 163.83
 -46773.39 163.72 163.72
 -46673.34 163.61 163.61
 -46573.29 163.50 163.50
 -46473.24 163.40 163.40
 -46373.19 163.29 163.29
 -46273.14 163.19 163.19
 -46173.09 163.08 163.08
 -46073.04 162.98 162.98
 -45972.99 162.88 162.88
 -45872.94 162.77 162.77
 -45772.89 162.67 162.67
 -45672.84 162.57 162.57
 -45572.79 162.47 162.47
 -45472.74 162.37 162.37
 -45372.69 162.27 162.27
 -45272.64 162.17 162.17
 -45172.59 162.07 162.07
 -45072.54 161.98 161.98
 -44972.49 161.88 161.88
 -44872.44 161.78 161.78
 -44772.39 161.69 161.69
 -44672.34 161.59 161.59
 -44572.29 161.50 161.50
 -44472.24 161.40 161.40
 -44372.19 161.31 161.31
 -44272.14 161.21 161.21
 -44172.09 161.12 161.12
 -44072.04 161.03 161.03
 -43971.99 160.94 160.94
 -43871.94 160.85 160.85
 -43771.89 160.76 160.76
 -43671.84 160.67 160.67
 -43571.79 160.58 160.58
 -43471.74 160.49 160.49
 -43371.69 160.40 160.40
 -43271.64 160.31 160.31
 -43171.59 160.23 160.23
 -43071.54 160.14 160.14
 -42971.49 160.06 160.06
 -42871.44 159.97 159.97
 -42771.39 159.89 159.89
 -42671.34 159.80 159.80
 -42571.29 159.72 159.72
 -42471.24 159.64 159.64
 -42371.19 159.55 159.55
 -42271.14 159.47 159.47
 -42171.09 159.39 159.39
 -42071.04 159.31 159.31
 -41970.99 159.23 159.23
 -41870.94 159.15 159.15
 -41770.89 159.07 159.07
 -41670.84 158.99 158.99
 -41570.79 158.91 158.91
 -41470.74 158.84 158.84
 -41370.69 158.76 158.76
 -41270.64 158.68 158.68
 -41170.59 158.61 158.61
 -41070.54 158.53 158.53
 -40970.49 158.46 158.46
 -40870.44 158.38 158.38
 -40770.39 158.31 158.31
 -40670.34 158.24 158.24
 -40570.29 158.16 158.16
 -40470.24 158.09 158.09
 -40370.19 158.02 158.02
 -40270.14 157.95 157.95
 -40170.09 157.88 157.88
 -40070.04 157.81 157.81
 -39969.98 157.74 157.74
 -39869.93 157.67 157.67
 -39769.88 157.60 157.60
 -39669.83 157.53 157.53
 -39569.78 157.46 157.46
 -39469.73 157.40 157.40
 -39369.68 157.33 157.33
 -39269.63 157.26 157.26
 -39169.58 157.20 157.20
 -39069.53 157.13 157.13
 -38969.48 157.07 157.07
 -38869.43 157.00 157.00
 -38769.38 156.94 156.94
 -38669.33 156.88 156.88
 -38569.28 156.81 156.81
 -38469.23 156.75 156.75
 -38369.18 156.69 156.69
 -38269.13 156.63 156.63
 -38169.08 156.57 156.57
 -38069.03 156.51 156.51
 -37968.98 156.45 156.45
 -37868.93 156.39 156.39
 -37768.88 156.33 156.33
 -37668.83 156.27 156.27
 -37568.78 156.21 156.21
 -37468.73 156.15 156.15
 -37368.68 156.10 156.10
 -37268.63 156.04 156.04
 -37168.58 155.98 155.98
 -37068.53 155.93 155.93
 -36968.48 155.87 155.87
 -36868.43 155.82 155.82
 -36768.38 155.76 155.76
 -36668.33 155.71 155.71
 -36568.28 155.65 155.65
 -36468.23 155.60 155.60
 -36368.18 155.55 155.55
 -36268.13 155.49 155.49
 -36168.08 155.44 155.44
 -36068.03 155.39 155.39
 -35967.98 155.34 155.34
 -35867.93 155.29 155.29
 -35767.88 155.24 155.24
 -35667.83 155.19 155.19
 -35567.78 155.14 155.14
 -35467.73 155.09 155.09
 -35367.68 155.04 155.04
 -35267.63 154.99 154.99
 -35167.58 154.94 154.94
 -35067.53 154.90 154.90
 -34967.48 154.85 154.85
 -34867.43 154.80 154.80
 -34767.38 154.76 154.76
 -34667.33 154.71 154.71
 -34567.28 154.66 154.66
 -34467.23 154.62 154.62
 -34367.18 154.57 154.57
 -34267.13 154.53 154.53
 -34167.08 154.49 154.49
 -34067.03 154.44 154.44
 -33966.98 154.40 154.40
 -33866.93 154.36 154.36
 -33766.88 154.31 154.31
 -33666.83 154.27 154.27
 -33566.78 154.23 154.23
 -33466.73 154.19 154.19
 -33366.68 154.15 154.15
 -33266.63 154.11 154.11
 -33166.58 154.06 154.06
 -33066.53 154.02 154.02
 -32966.48 153.98 153.98
 -32866.43 153.95 153.95
 -32766.38 153.91 153.91
 -32666.33 153.87 153.87
 -32566.28 153.83 153.83
 -32466.23 153.79 153.79
 -32366.18 153.75 153.75
 -32266.13 153.72 153.72
 -32166.08 153.68 153.68
 -32066.03 153.64 153.64
 -31965.98 153.61 153.61
 -31865.93 153.57 153.57
 -31765.88 153.53 153.53
 -31665.83 153.50 153.50
 -31565.78 153.46 153.46
 -31465.73 153.43 153.43
 -31365.68 153.39 153.39
 -31265.63 153.36 153.36
 -31165.58 153.33 153.33
 -31065.53 153.29 153.29
 -30965.48 153.26 153.26
 -30865.43 153.23 153.23
 -30765.38 153.19 153.19
 -30665.33 153.16 153.16
 -30565.28 153.13 153.13
 -30465.23 153.10 153.10
 -30365.18 153.06 153.06
 -30265.13 153.03 153.03
 -30165.08 153.00 153.00
 -30065.03 152.97 152.97
 -29964.98 152.94 152.94
 -29864.93 152.91 152.91
 -29764.88 152.88 152.88
 -29664.83 152.85 152.85
 -29564.78 152.82 152.82
 -29464.73 152.79 152.79
 -29364.68 152.77 152.77
 -29264.63 152.74 152.74
 -29164.58 152.71 152.71
 -29064.53 152.68 152.68
 -28964.48 152.65 152.65
 -28864.43 152.63 152.63
 -28764.38 152.60 152.60
 -28664.33 152.57 152.57
 -28564.28 152.54 152.54
 -28464.23 152.52 152.52
 -28364.18 152.49 152.49
 -28264.13 152.47 152.47
 -28164.08 152.44 152.44
 -28064.03 152.42 152.42
 -27963.98 152.39 152.39
 -27863.93 152.37 152.37
 -27763.88 152.34 152.34
 -27663.83 152.32 152.32
 -27563.78 152.29 152.29
 -27463.73 152.27 152.27
 -27363.68 152.24 152.24
 -27263.63 152.22 152.22
 -27163.58 152.20 152.20
 -27063.53 152.17 152.17
 -26963.48 152.15 152.15
 -26863.43 152.13 152.13
 -26763.38 152.11 152.11
 -26663.33 152.08 152.08
 -26563.28 152.06 152.06
 -26463.23 152.04 152.04
 -26363.18 152.02 152.02
 -26263.13 152.00 152.00
 -26163.08 151.98 151.98
 -26063.03 151.96 151.96
 -25962.98 151.94 151.94
 -25862.93 151.92 151.92
 -25762.88 151.90 151.90
 -25662.83 151.88 151.88
 -25562.78 151.86 151.86
 -25462.73 151.84 151.84
 -25362.68 151.82 151.82
 -25262.63 151.80 151.80
 -25162.58 151.78 151.78
 -25062.53 151.76 151.76
 -24962.48 151.74 151.74
 -24862.43 151.72 151.72
 -24762.38 151.70 151.70
 -24662.33 151.69 151.69
 -24562.28 151.67 151.67
 -24462.23 151.65 151.65
 -24362.18 151.63 151.63
 -24262.13 151.61 151.61
 -24162.08 151.60 151.60
 -24062.03 151.58 151.58
 -23961.98 151.56 151.56
 -23861.93 151.55 151.55
 -23761.88 151.53 151.53
 -23661.83 151.51 151.51
 -23561.78 151.50 151.50
 -23461.73 151.48 151.48
 -23361.68 151.47 151.47
 -23261.63 151.45 151.45
 -23161.58 151.44 151.44
 -23061.53 151.42 151.42
 -22961.48 151.40 151.40
 -22861.43 151.39 151.39
 -22761.38 151.37 151.37
 -22661.33 151.36 151.36
 -22561.28 151.35 151.35
 -22461.23 151.33 151.33
 -22361.18 151.32 151.32
 -22261.13 151.30 151.30
 -22161.08 151.29 151.29
 -22061.03 151.28 151.28
 -21960.98 151.26 151.26
 -21860.93 151.25 151.25
 -21760.88 151.23 151.23
 -21660.83 151.22 151.22
 -21560.78 151.21 151.21
 -21460.73 151.20 151.20
 -21360.68 151.18 151.18
 -21260.63 151.17 151.17
 -21160.58 151.16 151.16
 -21060.53 151.14 151.14
 -20960.48 151.13 151.13
 -20860.43 151.12 151.12
 -20760.38 151.11 151.11
 -20660.33 151.10 151.10
 -20560.28 151.09 151.09
 -20460.23 151.07 151.07
 -20360.18 151.06 151.06
 -20260.13 151.05 151.05
 -20160.08 151.04 151.04
 -20060.03 151.03 151.03
 -19959.98 151.02 151.02
 -19859.93 151.01 151.01
 -19759.88 151.00 151.00
 -19659.83 150.99 150.99
 -19559.78 150.97 150.97
 -19459.73 150.96 150.96
 -19359.68 150.95 150.95
 -19259.63 150.94 150.94
 -19159.58 150.93 150.93
 -19059.53 150.92 150.92
 -18959.48 150.91 150.91
 -18859.43 150.90 150.90
 -18759.38 150.89 150.89
 -18659.33 150.89 150.89
 -18559.28 150.88 150.88
 -18459.23 150.87 150.87
 -18359.18 150.86 150.86
 -18259.13 150.85 150.85
 -18159.08 150.84 150.84
 -18059.03 150.83 150.83
 -17958.98 150.82 150.82
 -17858.93 150.81 150.81
 -17758.88 150.80 150.80
 -17658.83 150.80 150.80
 -17558.78 150.79 150.79
 -17458.73 150.78 150.78
 -17358.68 150.77 150.77
 -17258.63 150.76 150.76
 -17158.58 150.76 150.76
 -17058.53 150.75 150.75
 -16958.48 150.74 150.74
 -16858.43 150.73 150.73
 -16758.38 150.72 150.72
 -16658.33 150.72 150.72
 -16558.28 150.71 150.71
 -16458.23 150.70 150.70
 -16358.18 150.69 150.69
 -16258.13 150.69 150.69
 -16158.08 150.68 150.68
 -16058.03 150.67 150.67
 -15957.98 150.67 150.67
 -15857.93 150.66 150.66
 -15757.88 150.65 150.65
 -15657.83 150.65 150.65
 -15557.78 150.64 150.64
 -15457.73 150.63 150.63
 -15357.68 150.63 150.63
 -15257.63 150.62 150.62
 -15157.58 150.61 150.61
 -15057.53 150.61 150.61
 -14957.48 150.60 150.60
 -14857.43 150.59 150.59
 -14757.38 150.59 150.59
 -14657.33 150.58 150.58
 -14557.28 150.58 150.58
 -14457.23 150.57 150.57
 -14357.18 150.57 150.57
 -14257.13 150.56 150.56
 -14157.08 150.55 150.55
 -14057.03 150.55 150.55
 -13956.98 150.54 150.54
 -13856.93 150.54 150.54
 -13756.88 150.53 150.53
 -13656.83 150.53 150.53
 -13556.78 150.52 150.52
 -13456.73 150.52 150.52
 -13356.68 150.51 150.51
 -13256.63 150.51 150.51
 -13156.58 150.50 150.50
 -13056.53 150.50 150.50
 -12956.48 150.49 150.49
 -12856.43 150.49 150.49
 -12756.38 150.48 150.48
 -12656.33 150.48 150.48
 -12556.28 150.47 150.47
 -12456.23 150.47 150.47
 -12356.18 150.46 150.46
 -12256.13 150.46 150.46
 -12156.08 150.46 150.46
 -12056.03 150.45 150.45
 -11955.98 150.45 150.45
 -11855.93 150.44 150.44
 -11755.88 150.44 150.44
 -11655.83 150.44 150.44
 -11555.78 150.43 150.43
 -11455.73 150.43 150.43
 -11355.68 150.42 150.42
 -11255.63 150.42 150.42
 -11155.58 150.42 150.42
 -11055.53 150.41 150.41
 -10955.48 150.41 150.41
 -10855.43 150.40 150.40
 -10755.38 150.40 150.40
 -10655.33 150.40 150.40
 -10555.28 150.39 150.39
 -10455.23 150.39 150.39
 -10355.18 150.39 150.39
 -10255.13 150.38 150.38
 -10155.08 150.38 150.38
 -10055.03 150.38 150.38
  -9954.98 150.37 150.37
  -9854.93 150.37 150.37
  -9754.88 150.37 150.37
  -9654.83 150.36 150.36
  -9554.78 150.36 150.36
  -9454.73 150.36 150.36
  -9354.68 150.36 150.36
  -9254.63 150.35 150.35
  -9154.58 150.35 150.35
  -9054.53 150.35 150.35
  -8954.48 150.34 150.34
  -8854.43 150.34 150.34
  -8754.38 150.34 150.34
  -8654.33 150.34 150.34
  -8554.28 150.33 150.33
  -8454.23 150.33 150.33
  -8354.18 150.33 150.33
  -8254.13 150.33 150.33
  -8154.08 150.32 150.32
  -8054.03 150.32 150.32
  -7953.98 150.32 150.32
  -7853.93 150.32 150.32
  -7753.88 150.31 150.31
  -7653.83 150.31 150.31
  -7553.78 150.31 150.31
  -7453.73 150.31 150.31
  -7353.68 150.31 150.31
  -7253.63 150.30 150.30
  -7153.58 150.30 150.30
  -7053.53 150.30 150.30
  -6953.48 150.30 150.30
  -6853.43 150.29 150.29
  -6753.38 150.29 150.29
  -6653.33 150.29 150.29
  -6553.28 150.29 150.29
  -6453.23 150.29 150.29
  -6353.18 150.29 150.29
  -6253.13 150.28 150.28
  -6153.08 150.28 150.28
  -6053.03 150.28 150.28
  -5952.98 150.28 150.28
  -5852.93 150.28 150.28
  -5752.88 150.28 150.28
  -5652.83 150.27 150.27
  -5552.78 150.27 150.27
  -5452.73 150.27 150.27
  -5352.68 150.27 150.27
  -5252.63 150.27 150.27
  -5152.58 150.27 150.27
  -5052.53 150.26 150.26
  -4952.48 150.26 150.26
  -4852.43 150.26 150.26
  -4752.38 150.26 150.26
  -4652.33 150.26 150.26
  -4552.28 150.26 150.26
  -4452.23 150.26 150.26
  -4352.18 150.26 150.26
  -4252.13 150.25 150.25
  -4152.08 150.25 150.25
  -4052.03 150.25 150.25
  -3951.98 150.25 150.25
  -3851.93 150.25 150.25
  -3751.88 150.25 150.25
  -3651.83 150.25 150.25
  -3551.78 150.25 150.25
  -3451.73 150.25 150.25
  -3351.68 150.25 150.25
  -3251.63 150.24 150.24
  -3151.58 150.24 150.24
  -3051.53 150.24 150.24
  -2951.48 150.24 150.24
  -2851.43 150.24 150.24
  -2751.38 150.24 150.24
  -2651.33 150.24 150.24
  -2551.28 150.24 150.24
  -2451.23 150.24 150.24
  -2351.18 150.24 150.24
  -2251.13 150.24 150.24
  -2151.08 150.24 150.24
  -2051.03 150.24 150.24
  -1950.98 150.24 150.24
  -1850.93 150.24 150.24
  -1750.88 150.24 150.24
  -1650.83 150.23 150.23
  -1550.78 150.23 150.23
  -1450.73 150.23 150.23
  -1350.68 150.23 150.23
  -1250.63 150.23 150.23
  -1150.58 150.23 150.23
  -1050.53 150.23 150.23
   -950.48 150.23 150.23
   -850.43 150.23 150.23
   -750.38 150.23 150.23
   -650.33 150.23 150.23
   -550.28 150.23 150.23
   -450.23 150.23 150.23
   -350.18 150.23 150.23
   -250.13 150.23 150.23
   -150.08 150.23 150.23
    -50.03 150.23 150.23
     50.03 150.23 150.23
    150.08 150.23 150.23
    250.13 150.23 150.23
    350.18 150.23 150.23
    450.23 150.23 150.23
    550.28 150.23 150.23
    650.33 150.23 150.23
    750.38 150.23 150.23
    850.43 150.23 150.23
    950.48 150.23 150.23
   1050.53 150.23 150.23
   1150.58 150.23 150.23
   1250.63 150.23 150.23
   1350.68 150.23 150.23
   1450.73 150.23 150.23
   1550.78 150.23 150.23
   1650.83 150.23 150.23
   1750.88 150.24 150.24
   1850.93 150.24 150.24
   1950.98 150.24 150.24
   2051.03 150.24 150.24
   2151.08 150.24 150.24
   2251.13 150.24 150.24
   2351.18 150.24 150.24
   2451.23 150.24 150.24
   2551.28 150.24 150.24
   2651.33 150.24 150.24
   2751.38 150.24 150.24
   2851.43 150.24 150.24
   2951.48 150.24 150.24
   3051.53 150.24 150.24
   3151.58 150.24 150.24
   3251.63 150.24 150.24
   3351.68 150.25 150.25
   3451.73 150.25 150.25
   3551.78 150.25 150.25
   3651.83 150.25 150.25
   3751.88 150.25 150.25
   3851.93 150.25 150.25
   3951.98 150.25 150.25
   4052.03 150.25 150.25
   4152.08 150.25 150.25
   4252.13 150.25 150.25
   4352.18 150.26 150.26
   4452.23 150.26 150.26
   4552.28 150.26 150.26
   4652.33 150.26 150.26
   4752.38 150.26 150.26
   4852.43 150.26 150.26
   4952.48 150.26 150.26
   5052.53 150.26 150.26
   5152.58 150.27 150.27
   5252.63 150.27 150.27
   5352.68 150.27 150.27
   5452.73 150.27 150.27
   5552.78 150.27 150.27
   5652.83 150.27 150.27
   5752.88 150.28 150.28
   5852.93 150.28 150.28
   5952.98 150.28 150.28
   6053.03 150.28 150.28
   6153.08 150.28 150.28
   6253.13 150.28 150.28
   6353.18 150.29 150.29
   6453.23 150.29 150.29
   6553.28 150.29 150.29
   6653.33 150.29 150.29
   6753.38 150.29 150.29
   6853.43 150.29 150.29
   6953.48 150.30 150.30
   7053.53 150.30 150.30
   7153.58 150.30 150.30
   7253.63 150.30 150.30
   7353.68 150.31 150.31
   7453.73 150.31 150.31
   7553.78 150.31 150.31
   7653.83 150.31 150.31
   7753.88 150.31 150.31
   7853.93 150.32 150.32
   7953.98 150.32 150.32
   8054.03 150.32 150.32
   8154.08 150.32 150.32
   8254.13 150.33 150.33
   8354.18 150.33 150.33
   8454.23 150.33 150.33
   8554.28 150.33 150.33
   8654.33 150.34 150.34
   8754.38 150.34 150.34
   8854.43 150.34 150.34
   8954.48 150.34 150.34
   9054.53 150.35 150.35
   9154.58 150.35 150.35
   9254.63 150.35 150.35
   9354.68 150.36 150.36
   9454.73 150.36 150.36
   9554.78 150.36 150.36
   9654.83 150.36 150.36
   9754.88 150.37 150.37
   9854.93 150.37 150.37
   9954.98 150.37 150.37
  10055.03 150.38 150.38
  10155.08 150.38 150.38
  10255.13 150.38 150.38
  10355.18 150.39 150.39
  10455.23 150.39 150.39
  10555.28 150.39 150.39
  10655.33 150.40 150.40
  10755.38 150.40 150.40
  10855.43 150.40 150.40
  10955.48 150.41 150.41
  11055.53 150.41 150.41
  11155.58 150.42 150.42
  11255.63 150.42 150.42
  11355.68 150.42 150.42
  11455.73 150.43 150.43
  11555.78 150.43 150.43
  11655.83 150.44 150.44
  11755.88 150.44 150.44
  11855.93 150.44 150.44
  11955.98 150.45 150.45
  12056.03 150.45 150.45
  12156.08 150.46 150.46
  12256.13 150.46 150.46
  12356.18 150.46 150.46
  12456.23 150.47 150.47
  12556.28 150.47 150.47
  12656.33 150.48 150.48
  12756.38 150.48 150.48
  12856.43 150.49 150.49
  12956.48 150.49 150.49
  13056.53 150.50 150.50
  13156.58 150.50 150.50
  13256.63 150.51 150.51
  13356.68 150.51 150.51
  13456.73 150.52 150.52
  13556.78 150.52 150.52
  13656.83 150.53 150.53
  13756.88 150.53 150.53
  13856.93 150.54 150.54
  13956.98 150.54 150.54
  14057.03 150.55 150.55
  14157.08 150.55 150.55
  14257.13 150.56 150.56
  14357.18 150.57 150.57
  14457.23 150.57 150.57
  14557.28 150.58 150.58
  14657.33 150.58 150.58
  14757.38 150.59 150.59
  14857.43 150.59 150.59
  14957.48 150.60 150.60
  15057.53 150.61 150.61
  15157.58 150.61 150.61
  15257.63 150.62 150.62
  15357.68 150.63 150.63
  15457.73 150.63 150.63
  15557.78 150.64 150.64
  15657.83 150.65 150.65
  15757.88 150.65 150.65
  15857.93 150.66 150.66
  15957.98 150.67 150.67
  16058.03 150.67 150.67
  16158.08 150.68 150.68
  16258.13 150.69 150.69
  16358.18 150.69 150.69
  16458.23 150.70 150.70
  16558.28 150.71 150.71
  16658.33 150.72 150.72
  16758.38 150.72 150.72
  16858.43 150.73 150.73
  16958.48 150.74 150.74
  17058.53 150.75 150.75
  17158.58 150.76 150.76
  17258.63 150.76 150.76
  17358.68 150.77 150.77
  17458.73 150.78 150.78
  17558.78 150.79 150.79
  17658.83 150.80 150.80
  17758.88 150.80 150.80
  17858.93 150.81 150.81
  17958.98 150.82 150.82
  18059.03 150.83 150.83
  18159.08 150.84 150.84
  18259.13 150.85 150.85
  18359.18 150.86 150.86
  18459.23 150.87 150.87
  18559.28 150.88 150.88
  18659.33 150.89 150.89
  18759.38 150.89 150.89
  18859.43 150.90 150.90
  18959.48 150.91 150.91
  19059.53 150.92 150.92
  19159.58 150.93 150.93
  19259.63 150.94 150.94
  19359.68 150.95 150.95
  19459.73 150.96 150.96
  19559.78 150.97 150.97
  19659.83 150.99 150.99
  19759.88 151.00 151.00
  19859.93 151.01 151.01
  19959.98 151.02 151.02
  20060.03 151.03 151.03
  20160.08 151.04 151.04
  20260.13 151.05 151.05
  20360.18 151.06 151.06
  20460.23 151.07 151.07
  20560.28 151.09 151.09
  20660.33 151.10 151.10
  20760.38 151.11 151.11
  20860.43 151.12 151.12
  20960.48 151.13 151.13
  21060.53 151.14 151.14
  21160.58 151.16 151.16
  21260.63 151.17 151.17
  21360.68 151.18 151.18
  21460.73 151.20 151.20
  21560.78 151.21 151.21
  21660.83 151.22 151.22
  21760.88 151.23 151.23
  21860.93 151.25 151.25
  21960.98 151.26 151.26
  22061.03 151.28 151.28
  22161.08 151.29 151.29
  22261.13 151.30 151.30
  22361.18 151.32 151.32
  22461.23 151.33 151.33
  22561.28 151.35 151.35
  22661.33 151.36 151.36
  22761.38 151.37 151.37
  22861.43 151.39 151.39
  22961.48 151.40 151.40
  23061.53 151.42 151.42
  23161.58 151.44 151.44
  23261.63 151.45 151.45
  23361.68 151.47 151.47
  23461.73 151.48 151.48
  23561.78 151.50 151.50
  23661.83 151.51 151.51
  23761.88 151.53 151.53
  23861.93 151.55 151.55
  23961.98 151.56 151.56
  24062.03 151.58 151.58
  24162.08 151.60 151.60
  24262.13 151.61 151.61
  24362.18 151.63 151.63
  24462.23 151.65 151.65
  24562.28 151.67 151.67
  24662.33 151.69 151.69
  24762.38 151.70 151.70
  24862.43 151.72 151.72
  24962.48 151.74 151.74
  25062.53 151.76 151.76
  25162.58 151.78 151.78
  25262.63 151.80 151.80
  25362.68 151.82 151.82
  25462.73 151.84 151.84
  25562.78 151.86 151.86
  25662.83 151.88 151.88
  25762.88 151.90 151.90
  25862.93 151.92 151.92
  25962.98 151.94 151.94
  26063.03 151.96 151.96
  26163.08 151.98 151.98
  26263.13 152.00 152.00
  26363.18 152.02 152.02
  26463.23 152.04 152.04
  26563.28 152.06 152.06
  26663.33 152.08 152.08
  26763.38 152.11 152.11
  26863.43 152.13 152.13
  26963.48 152.15 152.15
  27063.53 152.17 152.17
  27163.58 152.20 152.20
  27263.63 152.22 152.22
  27363.68 152.24 152.24
  27463.73 152.27 152.27
  27563.78 152.29 152.29
  27663.83 152.32 152.32
  27763.88 152.34 152.34
  27863.93 152.37 152.37
  27963.98 152.39 152.39
  28064.03 152.42 152.42
  28164.08 152.44 152.44
  28264.13 152.47 152.47
  28364.18 152.49 152.49
  28464.23 152.52 152.52
  28564.28 152.54 152.54
  28664.33 152.57 152.57
  28764.38 152.60 152.60
  28864.43 152.63 152.63
  28964.48 152.65 152.65
  29064.53 152.68 152.68
  29164.58 152.71 152.71
  29264.63 152.74 152.74
  29364.68 152.77 152.77
  29464.73 152.79 152.79
  29564.78 152.82 152.82
  29664.83 152.85 152.85
  29764.88 152.88 152.88
  29864.93 152.91 152.91
  29964.98 152.94 152.94
  30065.03 152.97 152.97
  30165.08 153.00 153.00
  30265.13 153.03 153.03
  30365.18 153.06 153.06
  30465.23 153.10 153.10
  30565.28 153.13 153.13
  30665.33 153.16 153.16
  30765.38 153.19 153.19
  30865.43 153.23 153.23
  30965.48 153.26 153.26
  31065.53 153.29 153.29
  31165.58 153.33 153.33
  31265.63 153.36 153.36
  31365.68 153.39 153.39
  31465.73 153.43 153.43
  31565.78 153.46 153.46
  31665.83 153.50 153.50
  31765.88 153.53 153.53
  31865.93 153.57 153.57
  31965.98 153.61 153.61
  32066.03 153.64 153.64
  32166.08 153.68 153.68
  32266.13 153.72 153.72
  32366.18 153.75 153.75
  32466.23 153.79 153.79
  32566.28 153.83 153.83
  32666.33 153.87 153.87
  32766.38 153.91 153.91
  32866.43 153.95 153.95
  32966.48 153.98 153.98
  33066.53 154.02 154.02
  33166.58 154.06 154.06
  33266.63 154.11 154.11
  33366.68 154.15 154.15
  33466.73 154.19 154.19
  33566.78 154.23 154.23
  33666.83 154.27 154.27
  33766.88 154.31 154.31
  33866.93 154.36 154.36
  33966.98 154.40 154.40
  34067.03 154.44 154.44
  34167.08 154.49 154.49
  34267.13 154.53 154.53
  34367.18 154.57 154.57
  34467.23 154.62 154.62
  34567.28 154.66 154.66
  34667.33 154.71 154.71
  34767.38 154.76 154.76
  34867.43 154.80 154.80
  34967.48 154.85 154.85
  35067.53 154.90 154.90
  35167.58 154.94 154.94
  35267.63 154.99 154.99
  35367.68 155.04 155.04
  35467.73 155.09 155.09
  35567.78 155.14 155.14
  35667.83 155.19 155.19
  35767.88 155.24 155.24
  35867.93 155.29 155.29
  35967.98 155.34 155.34
  36068.03 155.39 155.39
  36168.08 155.44 155.44
  36268.13 155.49 155.49
  36368.18 155.55 155.55
  36468.23 155.60 155.60
  36568.28 155.65 155.65
  36668.33 155.71 155.71
  36768.38 155.76 155.76
  36868.43 155.82 155.82
  36968.48 155.87 155.87
  37068.53 155.93 155.93
  37168.58 155.98 155.98
  37268.63 156.04 156.04
  37368.68 156.10 156.10
  37468.73 156.15 156.15
  37568.78 156.21 156.21
  37668.83 156.27 156.27
  37768.88 156.33 156.33
  37868.93 156.39 156.39
  37968.98 156.45 156.45
  38069.03 156.51 156.51
  38169.08 156.57 156.57
  38269.13 156.63 156.63
  38369.18 156.69 156.69
  38469.23 156.75 156.75
  38569.28 156.81 156.81
  38669.33 156.88 156.88
  38769.38 156.94 156.94
  38869.43 157.00 157.00
  38969.48 157.07 157.07
  39069.53 157.13 157.13
  39169.58 157.20 157.20
  39269.63 157.26 157.26
  39369.68 157.33 157.33
  39469.73 157.40 157.40
  39569.78 157.46 157.46
  39669.83 157.53 157.53
  39769.88 157.60 157.60
  39869.93 157.67 157.67
  39969.98 157.74 157.74
  40070.04 157.81 157.81
  40170.09 157.88 157.88
  40270.14 157.95 157.95
  40370.19 158.02 158.02
  40470.24 158.09 158.09
  40570.29 158.16 158.16
  40670.34 158.24 158.24
  40770.39 158.31 158.31
  40870.44 158.38 158.38
  40970.49 158.46 158.46
  41070.54 158.53 158.53
  41170.59 158.61 158.61
  41270.64 158.68 158.68
  41370.69 158.76 158.76
  41470.74 158.84 158.84
  41570.79 158.91 158.91
  41670.84 158.99 158.99
  41770.89 159.07 159.07
  41870.94 159.15 159.15
  41970.99 159.23 159.23
  42071.04 159.31 159.31
  42171.09 159.39 159.39
  42271.14 159.47 159.47
  42371.19 159.55 159.55
  42471.24 159.64 159.64
  42571.29 159.72 159.72
  42671.34 159.80 159.80
  42771.39 159.89 159.89
  42871.44 159.97 159.97
  42971.49 160.06 160.06
  43071.54 160.14 160.14
  43171.59 160.23 160.23
  43271.64 160.31 160.31
  43371.69 160.40 160.40
  43471.74 160.49 160.49
  43571.79 160.58 160.58
  43671.84 160.67 160.67
  43771.89 160.76 160.76
  43871.94 160.85 160.85
  43971.99 160.94 160.94
  44072.04 161.03 161.03
  44172.09 161.12 161.12
  44272.14 161.21 161.21
  44372.19 161.31 161.31
  44472.24 161.40 161.40
  44572.29 161.50 161.50
  44672.34 161.59 161.59
  44772.39 161.69 161.69
  44872.44 161.78 161.78
  44972.49 161.88 161.88
  45072.54 161.98 161.98
  45172.59 162.07 162.07
  45272.64 162.17 162.17
  45372.69 162.27 162.27
  45472.74 162.37 162.37
  45572.79 162.47 162.47
  45672.84 162.57 162.57
  45772.89 162.67 162.67
  45872.94 162.77 162.77
  45972.99 162.88 162.88
  46073.04 162.98 162.98
  46173.09 163.08 163.08
  46273.14 163.19 163.19
  46373.19 163.29 163.29
  46473.24 163.40 163.40
  46573.29 163.50 163.50
  46673.34 163.61 163.61
  46773.39 163.72 163.72
  46873.44 163.83 163.83
  46973.49 163.94 163.94
  47073.54 164.04 164.04
  47173.59 164.15 164.15
  47273.64 164.26 164.26
  47373.69 164.38 164.38
  47473.74 164.49 164.49
  47573.79 164.60 164.60
  47673.84 164.71 164.71
  47773.89 164.83 164.83
  47873.94 164.94 164.94
  47973.99 165.05 165.05
  48074.04 165.17 165.17
  48174.09 165.28 165.28
  48274.14 165.40 165.40
  48374.19 165.52 165.52
  48474.24 165.64 165.64
  48574.29 165.75 165.75
  48674.34 165.87 165.87
  48774.39 165.99 165.99
  48874.44 166.11 166.11
  48974.49 166.23 166.23
  49074.54 166.35 166.35
  49174.59 166.48 166.48
  49274.64 166.60 166.60
  49374.69 166.72 166.72
  49474.74 166.85 166.85
  49574.79 166.97 166.97
  49674.84 167.09 167.09
  49774.89 167.22 167.22
  49874.94 167.35 167.35
  49974.99 167.47 167.47
  50075.04 167.60 167.60
  50175.09 167.73 167.73
  50275.14 167.86 167.86
  50375.19 167.99 167.99
  50475.24 168.12 168.12
  50575.29 168.25 168.25
  50675.34 168.38 168.38
  50775.39 168.51 168.51
  50875.44 168.64 168.64
  50975.49 168.77 168.77
  51075.54 168.91 168.91
  51175.59 169.04 169.04
  51275.64 169.17 169.17
  51375.69 169.31 169.31
  51475.74 169.44 169.44
  51575.79 169.58 169.58
  51675.84 169.72 169.72
  51775.89 169.85 169.85
  51875.94 169.99 169.99
  51975.99 170.13 170.13
  52076.04 170.27 170.27
  52176.09 170.41 170.41
  52276.14 170.55 170.55
  52376.19 170.69 170.69
  52476.24 170.83 170.83
  52576.29 170.97 170.97
  52676.34 171.12 171.12
  52776.39 171.26 171.26
  52876.44 171.40 171.40
  52976.49 171.55 171.55
  53076.54 171.69 171.69
  53176.59 171.84 171.84
  53276.64 171.98 171.98
  53376.69 172.13 172.13
  53476.74 172.27 172.27
  53576.79 172.42 172.42
  53676.84 172.57 172.57
  53776.89 172.72 172.72
  53876.94 172.87 172.87
  53976.99 173.02 173.02
  54077.04 173.17 173.17
  54177.09 173.32 173.32
  54277.14 173.47 173.47
  54377.19 173.62 173.62
  54477.24 173.77 173.77
  54577.29 173.92 173.92
  54677.34 174.08 174.08
  54777.39 174.23 174.23
  54877.44 174.38 174.38
  54977.49 174.54 174.54
  55077.54 174.69 174.69
  55177.59 174.85 174.85
  55277.64 175.00 175.00
  55377.69 175.16 175.16
  55477.74 175.32 175.32
  55577.79 175.47 175.47
  55677.84 175.63 175.63
  55777.89 175.79 175.79
  55877.94 175.95 175.95
  55977.99 176.11 176.11
  56078.04 176.27 176.27
  56178.09 176.43 176.43
  56278.14 176.59 176.59
  56378.19 176.75 176.75
  56478.24 176.91 176.91
  56578.29 177.07 177.07
  56678.34 177.23 177.23
  56778.39 177.39 177.39
  56878.44 177.56 177.56
  56978.49 177.72 177.72
  57078.54 177.88 177.88
  57178.59 178.05 178.05
  57278.64 178.21 178.21
  57378.69 178.38 178.38
  57478.74 178.54 178.54
  57578.79 178.71 178.71
  57678.84 178.87 178.87
  57778.89 179.04 179.04
  57878.94 179.21 179.21
  57978.99 179.37 179.37
  58079.04 179.54 179.54
  58179.09 179.71 179.71
  58279.14 179.88 179.88
  58379.19 180.04 180.04
  58479.24 180.21 180.21
  58579.29 180.38 180.38
  58679.34 180.55 180.55
  58779.39 180.72 180.72
  58879.44 180.89 180.89
  58979.49 181.06 181.06
  59079.54 181.23 181.23
  59179.59 181.40 181.40
  59279.64 181.57 181.57
  59379.69 181.74 181.74
  59479.74 181.91 181.91
  59579.79 182.08 182.08
  59679.84 182.26 182.26
  59779.89 182.43 182.43
  59879.94 182.60 182.60
  59979.99 182.77 182.77
  60080.04 182.95 182.95
  60180.09 183.12 183.12
  60280.14 183.29 183.29
  60380.19 183.46 183.46
  60480.24 183.64 183.64
  60580.29 183.81 183.81
  60680.34 183.98 183.98
  60780.39 184.16 184.16
  60880.44 184.33 184.33
  60980.49 184.50 184.50
  61080.54 184.68 184.68
  61180.59 184.85 184.85
  61280.64 185.03 185.03
  61380.69 185.20 185.20
  61480.74 185.38 185.38
  61580.79 185.55 185.55
  61680.84 185.72 185.72
  61780.89 185.90 185.90
  61880.94 186.07 186.07
  61980.99 186.25 186.25
  62081.04 186.42 186.42
  62181.09 186.60 186.60
  62281.14 186.77 186.77
  62381.19 186.95 186.95
  62481.24 187.12 187.12
  62581.29 187.30 187.30
  62681.34 187.47 187.47
  62781.39 187.65 187.65
  62881.44 187.82 187.82
  62981.49 187.99 187.99
  63081.54 188.17 188.17
  63181.59 188.34 188.34
  63281.64 188.52 188.52
  63381.69 188.69 188.69
  63481.74 188.87 188.87
  63581.79 189.04 189.04
  63681.84 189.21 189.21
  63781.89 189.39 189.39
  63881.94 189.56 189.56
  63981.99 189.73 189.73
  64082.04 189.91 189.91
  64182.09 190.08 190.08
  64282.14 190.25 190.25
  64382.19 190.42 190.42
  64482.24 190.60 190.60
  64582.29 190.77 190.77
  64682.34 190.94 190.94
  64782.39 191.11 191.11
  64882.44 191.28 191.28
  64982.49 191.45 191.45
  65082.54 191.62 191.62
  65182.59 191.79 191.79
  65282.64 191.96 191.96
  65382.69 192.13 192.13
  65482.74 192.30 192.30
  65582.79 192.47 192.47
  65682.84 192.64 192.64
  65782.89 192.81 192.81
  65882.94 192.98 192.98
  65982.99 193.15 193.15
  66083.04 193.31 193.31
  66183.09 193.48 193.48
  66283.14 193.65 193.65
  66383.19 193.81 193.81
  66483.24 193.98 193.98
  66583.29 194.14 194.14
  66683.34 194.31 194.31
  66783.39 194.47 194.47
  66883.44 194.63 194.64
  66983.49 194.80 194.81
  67083.54 194.96 194.97
  67183.59 195.12 195.14
  67283.64 195.28 195.31
  67383.69 195.44 195.49
  67483.74 195.60 195.66
  67583.79 195.76 195.83
  67683.84 195.92 196.01
  67783.89 196.08 196.19
  67883.94 196.24 196.36
  67983.99 196.39 196.54
  68084.04 196.55 196.72
  68184.09 196.71 196.90
  68284.14 196.86 197.09
  68384.19 197.01 197.27
  68484.24 197.17 197.46
  68584.29 197.32 197.64
  68684.34 197.47 197.83
  68784.39 197.62 198.02
  68884.44 197.77 198.21
  68984.49 197.92 198.40
  69084.54 198.07 198.60
  69184.59 198.22 198.79
  69284.64 198.37 198.99
  69384.69 198.51 199.19
  69484.74 198.66 199.38
  69584.79 198.80 199.58
  69684.84 198.95 199.79
  69784.89 199.09 199.99
  69884.94 199.23 200.19
  69984.99 199.37 200.40
  70085.04 199.51 200.61
  70185.09 199.65 200.82
  70285.14 199.79 201.03
  70385.19 199.93 201.24
  70485.24 200.06 201.45
  70585.29 200.20 201.67
  70685.34 200.33 201.89
  70785.39 200.47 202.10
  70885.44 200.60 202.32
  70985.49 200.73 202.55
  71085.54 200.86 202.77
  71185.59 200.99 203.00
  71285.64 201.11 203.22
  71385.69 201.24 203.45
  71485.74 201.36 203.68
  71585.79 201.49 203.91
  71685.84 201.61 204.15
  71785.89 201.73 204.38
  71885.94 201.85 204.62
  71985.99 201.97 204.86
  72086.04 202.09 205.10
  72186.09 202.21 205.34
  72286.14 202.32 205.59
  72386.19 202.44 205.83
  72486.24 202.55 206.08
  72586.29 202.66 206.33
  72686.34 202.77 206.59
  72786.39 202.88 206.84
  72886.44 202.99 207.10
  72986.49 203.09 207.35
  73086.54 203.20 207.62
  73186.59 203.30 207.88
  73286.64 203.40 208.14
  73386.69 203.50 208.41
  73486.74 203.60 208.68
  73586.79 203.70 208.95
  73686.84 203.79 209.22
  73786.89 203.89 209.50
  73886.94 203.98 209.78
  73986.99 204.07 210.06
  74087.04 204.16 210.34
  74187.09 204.25 210.62
  74287.14 204.34 210.91
  74387.19 204.42 211.20
  74487.24 204.50 211.49
  74587.29 204.59 211.79
  74687.34 204.67 212.09
  74787.39 204.74 212.38
  74887.44 204.82 212.69
  74987.49 204.90 212.99
  75087.54 204.97 213.30
  75187.59 205.04 213.61
  75287.64 205.11 213.92
  75387.69 205.18 214.24
  75487.74 205.24 214.56
  75587.79 205.31 214.88
  75687.84 205.37 215.20
  75787.89 205.43 215.53
  75887.94 205.49 215.86
  75987.99 205.55 216.19
  76088.04 205.60 216.53
  76188.09 205.66 216.86
  76288.14 205.71 217.21
  76388.19 205.76 217.55
  76488.24 205.81 217.90
  76588.29 205.85 218.25
  76688.34 205.90 218.60
  76788.39 205.94 218.96
  76888.44 205.98 219.32
  76988.49 206.02 219.69
  77088.54 206.05 220.06
  77188.59 206.09 220.43
  77288.64 206.12 220.80
  77388.69 206.15 221.18
  77488.74 206.17 221.56
  77588.79 206.20 221.95
  77688.84 206.22 222.34
  77788.89 206.24 222.73
  77888.94 206.26 223.13
  77988.99 206.28 223.53
  78089.04 206.30 223.94
  78189.09 206.31 224.35
  78289.14 206.32 224.76
  78389.19 206.33 225.18
  78489.24 206.33 225.60
  78589.29 206.34 226.03
  78689.34 206.34 226.46
  78789.39 206.34 226.89
  78889.44 206.33 227.33
  78989.49 206.33 227.78
  79089.54 206.32 228.22
  79189.59 206.31 228.68
  79289.64 206.30 229.14
  79389.69 206.28 229.60
  79489.74 206.27 230.07
  79589.79 206.25 230.54
  79689.84 206.23 231.02
  79789.89 206.20 231.51
  79889.94 206.18 232.00
  79989.99 206.15 232.49
  80090.05 206.11 232.99
  80190.10 206.08 233.50
  80290.15 206.04 234.01
  80390.20 206.01 234.53
  80490.25 205.96 235.05
  80590.30 205.92 235.58
  80690.35 205.87 236.12
  80790.40 205.82 236.66
  80890.45 205.77 237.21
  80990.50 205.72 237.77
  81090.55 205.66 238.33
  81190.60 205.60 238.90
  81290.65 205.54 239.47
  81390.70 205.48 240.06
  81490.75 205.41 240.65
  81590.80 205.34 241.25
  81690.85 205.27 241.85
  81790.90 205.19 242.46
  81890.95 205.12 243.09
  81991.00 205.03 243.71
  82091.05 204.95 244.35
  82191.10 204.87 245.00
  82291.15 204.78 245.65
  82391.20 204.69 246.32
  82491.25 204.59 246.99
  82591.30 204.50 247.67
  82691.35 204.40 248.36
  82791.40 204.29 249.06
  82891.45 204.19 249.77
  82991.50 204.08 250.49
  83091.55 203.97 251.22
  83191.60 203.86 251.96
  83291.65 203.74 252.71
  83391.70 203.62 253.47
  83491.75 203.50 254.24
  83591.80 203.37 255.03
  83691.85 203.25 255.82
  83791.90 203.11 256.63
  83891.95 202.98 257.45
  83992.00 202.84 258.29
  84092.05 202.71 259.13
  84192.10 202.56 259.99
  84292.15 202.42 260.86
  84392.20 202.27 261.75
  84492.25 202.12 262.65
  84592.30 201.96 263.56
  84692.35 201.81 264.49
  84792.40 201.65 265.44
  84892.45 201.48 266.40
  84992.50 201.32 267.38
  85092.55 201.15 268.37
  85192.60 200.98 269.38
  85292.65 200.80 270.41
  85392.70 200.62 271.45
  85492.75 200.44 272.52
  85592.80 200.26 273.60
  85692.85 200.07 274.70
  85792.90 199.88 275.82
  85892.95 199.69 276.96
  85993.00 199.49 278.13
  86093.05 199.29 279.31
  86193.10 199.09 280.52
  86293.15 198.89 281.75
  86393.20 198.68 283.00
  86493.25 198.46 284.27
  86593.30 198.25 285.57
  86693.35 198.03 286.90
  86793.40 197.81 288.25
  86893.45 197.59 289.63
  86993.50 197.36 291.03
  87093.55 197.13 292.47
  87193.60 196.90 293.93
  87293.65 196.66 295.42
  87393.70 196.42 296.95
  87493.75 196.18 298.50
  87593.80 195.93 300.09
  87693.85 195.68 301.70
  87793.90 195.43 303.36
  87893.95 195.17 305.05
  87994.00 194.91 306.77
  88094.05 194.65 308.53
  88194.10 194.39 310.33
  88294.15 194.12 312.17
  88394.20 193.85 314.05
  88494.25 193.57 315.97
  88594.30 193.29 317.93
  88694.35 193.01 319.94
  88794.40 192.73 321.99
  88894.45 192.44 324.09
  88994.50 192.15 326.24
  89094.55 191.86 328.43
  89194.60 191.56 330.68
  89294.65 191.26 332.97
  89394.70 190.95 335.33
  89494.75 190.65 337.73
  89594.80 190.34 340.19
  89694.85 190.02 342.72
  89794.90 189.71 345.30
  89894.95 189.39 347.94
  89995.00 189.07 350.65
  90095.05 188.74 353.42
  90195.10 188.41 356.26
  90295.15 188.08 359.17
  90395.20 187.74 362.15
  90495.25 187.40 365.21
  90595.30 187.06 368.34
  90695.35 186.72 371.55
  90795.40 186.37 374.84
  90895.45 186.02 378.22
  90995.50 185.66 381.68
  91095.55 185.30 385.23
  91195.60 184.94 388.87
  91295.65 184.58 392.61
  91395.70 184.21 396.44
  91495.75 183.84 400.38
  91595.80 183.46 404.42
  91695.85 183.09 408.57
  91795.90 182.71 412.82
  91895.95 182.32 417.20
  91996.00 181.94 421.69
  92096.05 181.55 426.30
  92196.10 181.15 431.04
  92296.15 180.76 435.91
  92396.20 180.36 440.92
  92496.25 179.96 446.06
  92596.30 179.55 451.35
  92696.35 179.14 456.79
  92796.40 178.73 462.38
  92896.45 178.31 468.13
  92996.50 177.90 474.05
  93096.55 177.47 480.13
  93196.60 177.05 486.39
  93296.65 176.62 492.84
  93396.70 176.19 499.47
  93496.75 175.76 506.29
  93596.80 175.32 513.31
  93696.85 174.88 520.55
  93796.90 174.44 527.99
  93896.95 173.99 535.66
  93997.00 173.54 543.55
  94097.05 173.09 551.69
  94197.10 172.64 560.06
  94297.15 172.18 568.69
  94397.20 171.72 577.58
  94497.25 171.25 586.73
  94597.30 170.78 596.17
  94697.35 170.31 605.88
  94797.40 169.84 615.90
  94897.45 169.36 626.21
  94997.50 168.89 636.83
  95097.55 168.40 647.78
  95197.60 167.92 659.06
  95297.65 167.43 670.67
  95397.70 166.94 682.63
  95497.75 166.45 694.96
  95597.80 165.95 707.64
  95697.85 165.45 720.71
  95797.90 164.95 734.16
  95897.95 164.44 748.00
  95998.00 163.93 762.24
  96098.05 163.42 776.89
  96198.10 162.91 791.96
  96298.15 162.39 807.46
  96398.20 161.87 823.38
  96498.25 161.35 839.75
  96598.30 160.82 856.56
  96698.35 160.29 873.82
  96798.40 159.76 891.53
  96898.45 159.23 909.69
  96998.50 158.69 928.32
  97098.55 158.15 947.40
  97198.60 157.61 966.94
  97298.65 157.07 986.94
  97398.70 156.52 1007.39
  97498.75 155.97 1028.30
  97598.80 155.42 1049.66
  97698.85 154.86 1071.47
  97798.90 154.30 1093.72
  97898.95 153.74 1116.41
  97999.00 153.18 1139.52
  98099.05 152.61 1163.04
  98199.10 152.05 1186.96
  98299.15 151.47 1211.28
  98399.20 150.90 1235.96
  98499.25 150.32 1261.00
  98599.30 149.75 1286.37
  98699.35 149.16 1312.07
  98799.40 148.58 1338.16
  98899.45 147.99 1364.72
  98999.50 147.41 1391.73
  99099.55 146.81 1419.18
  99199.60 146.22 1447.04
  99299.65 145.63 1475.29
  99399.70 145.03 1503.89
  99499.75 144.43 1532.82
  99599.80 143.82 1562.05
  99699.85 143.22 1591.53
  99799.90 142.61 1621.23
  99899.95 142.00 1651.14
 100000.00 141.39 1681.20
