-100000.00 223.50 1681.20
 -99899.95 224.33 1651.14
 -99799.90 225.16 1621.23
 -99699.85 225.98 1591.53
 -99599.80 226.79 1562.05
 -99499.75 227.60 1532.82
 -99399.70 228.39 1503.89
 -99299.65 229.18 1475.29
 -99199.60 229.96 1447.04
 -99099.55 230.73 1419.18
 -98999.50 231.49 1391.73
 -98899.45 232.25 1364.72
 -98799.40 232.99 1338.16
 -98699.35 233.73 1312.07
 -98599.30 234.46 1286.37
 -98499.25 235.18 1261.00
 -98399.20 235.90 1235.96
 -98299.15 236.60 1211.28
 -98199.10 237.30 1186.96
 -98099.05 237.98 1163.04
 -97999.00 238.66 1139.52
 -97898.95 239.33 1116.41
 -97798.90 239.99 1093.72
 -97698.85 240.65 1071.47
 -97598.80 241.29 1049.66
 -97498.75 241.93 1028.30
 -97398.70 242.55 1007.39
 -97298.65 243.17 986.94
 -97198.60 243.78 966.94
 -97098.55 244.38 947.40
 -96998.50 244.97 928.32
 -96898.45 245.55 909.69
 -96798.40 246.13 891.53
 -96698.35 246.69 873.82
 -96598.30 247.25 856.56
 -96498.25 247.79 839.75
 -96398.20 248.33 823.38
 -96298.15 248.86 807.46
 -96198.10 249.38 791.96
 -96098.05 249.89 776.89
 -95998.00 250.39 762.24
 -95897.95 250.88 748.00
 -95797.90 251.37 734.16
 -95697.85 251.84 720.71
 -95597.80 252.31 707.64
 -95497.75 252.76 694.96
 -95397.70 253.21 682.63
 -95297.65 253.65 670.67
 -95197.60 254.08 659.06
 -95097.55 254.50 647.78
 -94997.50 254.91 636.83
 -94897.45 255.31 626.21
 -94797.40 255.70 615.90
 -94697.35 256.09 605.88
 -94597.30 256.46 596.17
 -94497.25 256.83 586.73
 -94397.20 257.18 577.58
 -94297.15 257.53 568.69
 -94197.10 257.87 560.06
 -94097.05 258.20 551.69
 -93997.00 258.52 543.55
 -93896.95 258.83 535.66
 -93796.90 259.13 527.99
 -93696.85 259.42 520.55
 -93596.80 259.71 513.31
 -93496.75 259.98 506.29
 -93396.70 260.25 499.47
 -93296.65 260.51 492.84
 -93196.60 260.76 486.39
 -93096.55 261.00 480.13
 -92996.50 261.23 474.05
 -92896.45 261.45 468.13
 -92796.40 261.66 462.38
 -92696.35 261.87 456.79
 -92596.30 262.06 451.35
 -92496.25 262.25 446.06
 -92396.20 262.42 440.92
 -92296.15 262.59 435.91
 -92196.10 262.75 431.04
 -92096.05 262.91 426.30
 -91996.00 263.05 421.69
 -91895.95 263.18 417.20
 -91795.90 263.31 412.82
 -91695.85 263.43 408.57
 -91595.80 263.54 404.42
 -91495.75 263.64 400.38
 -91395.70 263.73 396.44
 -91295.65 263.81 392.61
 -91195.60 263.89 388.87
 -91095.55 263.95 385.23
 -90995.50 264.01 381.68
 -90895.45 264.06 378.22
 -90795.40 264.10 374.84
 -90695.35 264.14 371.55
 -90595.30 264.16 368.34
 -90495.25 264.18 365.21
 -90395.20 264.19 362.15
 -90295.15 264.19 359.17
 -90195.10 264.19 356.26
 -90095.05 264.17 353.42
 -89995.00 264.15 350.65
 -89894.95 264.12 347.94
 -89794.90 264.08 345.30
 -89694.85 264.04 342.72
 -89594.80 263.98 340.19
 -89494.75 263.92 337.73
 -89394.70 263.86 335.33
 -89294.65 263.78 332.97
 -89194.60 263.70 330.68
 -89094.55 263.61 328.43
 -88994.50 263.51 326.24
 -88894.45 263.40 324.09
 -88794.40 263.29 321.99
 -88694.35 263.17 319.94
 -88594.30 263.04 317.93
 -88494.25 262.91 315.97
 -88394.20 262.77 314.05
 -88294.15 262.62 312.17
 -88194.10 262.46 310.33
 -88094.05 262.30 308.53
 -87994.00 262.13 306.77
 -87893.95 261.96 305.05
 -87793.90 261.78 303.36
 -87693.85 261.59 301.70
 -87593.80 261.39 300.09
 -87493.75 261.19 298.50
 -87393.70 260.98 296.95
 -87293.65 260.77 295.42
 -87193.60 260.55 293.93
 -87093.55 260.32 292.47
 -86993.50 260.08 291.03
 -86893.45 259.85 289.63
 -86793.40 259.60 288.25
 -86693.35 259.35 286.90
 -86593.30 259.09 285.57
 -86493.25 258.83 284.27
 -86393.20 258.56 283.00
 -86293.15 258.28 281.75
 -86193.10 258.00 280.52
 -86093.05 257.72 279.31
 -85993.00 257.43 278.13
 -85892.95 257.13 276.96
 -85792.90 256.83 275.82
 -85692.85 256.52 274.70
 -85592.80 256.21 273.60
 -85492.75 255.89 272.52
 -85392.70 255.56 271.45
 -85292.65 255.24 270.41
 -85192.60 254.90 269.38
 -85092.55 254.56 268.37
 -84992.50 254.22 267.38
 -84892.45 253.87 266.40
 -84792.40 253.52 265.44
 -84692.35 253.16 264.49
 -84592.30 252.80 263.56
 -84492.25 252.44 262.65
 -84392.20 252.07 261.75
 -84292.15 251.69 260.86
 -84192.10 251.31 259.99
 -84092.05 250.93 259.13
 -83992.00 250.54 258.29
 -83891.95 250.15 257.45
 -83791.90 249.76 256.63
 -83691.85 249.36 255.82
 -83591.80 248.95 255.03
 -83491.75 248.55 254.24
 -83391.70 248.14 253.47
 -83291.65 247.72 252.71
 -83191.60 247.30 251.96
 -83091.55 246.88 251.22
 -82991.50 246.46 250.49
 -82891.45 246.03 249.77
 -82791.40 245.60 249.06
 -82691.35 245.16 248.36
 -82591.30 244.73 247.67
 -82491.25 244.29 246.99
 -82391.20 243.84 246.32
 -82291.15 243.40 245.65
 -82191.10 242.95 245.00
 -82091.05 242.50 244.35
 -81991.00 242.04 243.71
 -81890.95 241.58 243.09
 -81790.90 241.12 242.46
 -81690.85 240.66 241.85
 -81590.80 240.20 241.25
 -81490.75 239.73 240.65
 -81390.70 239.26 240.06
 -81290.65 238.79 239.47
 -81190.60 238.32 238.90
 -81090.55 237.84 238.33
 -80990.50 237.36 237.77
 -80890.45 236.88 237.21
 -80790.40 236.40 236.66
 -80690.35 235.92 236.12
 -80590.30 235.43 235.58
 -80490.25 234.95 235.05
 -80390.20 234.46 234.53
 -80290.15 233.97 234.01
 -80190.10 233.48 233.50
 -80090.05 232.98 232.99
 -79989.99 232.49 232.49
 -79889.94 232.00 232.00
 -79789.89 231.50 231.50
 -79689.84 231.00 231.00
 -79589.79 230.50 230.50
 -79489.74 230.00 230.00
 -79389.69 229.50 229.50
 -79289.64 229.00 229.00
 -79189.59 228.50 228.50
 -79089.54 227.99 227.99
 -78989.49 227.49 227.49
 -78889.44 226.99 226.99
 -78789.39 226.48 226.48
 -78689.34 225.98 225.98
 -78589.29 225.47 225.47
 -78489.24 224.96 224.96
 -78389.19 224.46 224.46
 -78289.14 223.95 223.95
 -78189.09 223.44 223.44
 -78089.04 222.93 222.93
 -77988.99 222.43 222.43
 -77888.94 221.92 221.92
 -77788.89 221.41 221.41
 -77688.84 220.90 220.90
 -77588.79 220.40 220.40
 -77488.74 219.89 219.89
 -77388.69 219.38 219.38
 -77288.64 218.87 218.87
 -77188.59 218.37 218.37
 -77088.54 217.86 217.86
 -76988.49 217.35 217.35
 -76888.44 216.85 216.85
 -76788.39 216.34 216.34
 -76688.34 215.84 215.84
 -76588.29 215.34 215.34
 -76488.24 214.83 214.83
 -76388.19 214.33 214.33
 -76288.14 213.83 213.83
 -76188.09 213.33 213.33
 -76088.04 212.83 212.83
 -75987.99 212.33 212.33
 -75887.94 211.83 211.83
 -75787.89 211.33 211.33
 -75687.84 210.84 210.84
 -75587.79 210.34 210.34
 -75487.74 209.85 209.85
 -75387.69 209.35 209.35
 -75287.64 208.86 208.86
 -75187.59 208.37 208.37
 -75087.54 207.88 207.88
 -74987.49 207.40 207.40
 -74887.44 206.91 206.91
 -74787.39 206.42 206.42
 -74687.34 205.94 205.94
 -74587.29 205.46 205.46
 -74487.24 204.98 204.98
 -74387.19 204.50 204.50
 -74287.14 204.02 204.02
 -74187.09 203.54 203.54
 -74087.04 203.07 203.07
 -73986.99 202.60 202.60
 -73886.94 202.12 202.12
 -73786.89 201.66 201.66
 -73686.84 201.19 201.19
 -73586.79 200.72 200.72
 -73486.74 200.26 200.26
 -73386.69 199.80 199.80
 -73286.64 199.33 199.33
 -73186.59 198.88 198.88
 -73086.54 198.42 198.42
 -72986.49 197.97 197.97
 -72886.44 197.51 197.51
 -72786.39 197.06 197.06
 -72686.34 196.61 196.61
 -72586.29 196.17 196.17
 -72486.24 195.72 195.72
 -72386.19 195.28 195.28
 -72286.14 194.84 194.84
 -72186.09 194.40 194.40
 -72086.04 193.97 193.97
 -71985.99 193.53 193.53
 -71885.94 193.10 193.10
 -71785.89 192.67 192.67
 -71685.84 192.25 192.25
 -71585.79 191.82 191.82
 -71485.74 191.40 191.40
 -71385.69 190.98 190.98
 -71285.64 190.56 190.56
 -71185.59 190.15 190.15
 -71085.54 189.73 189.73
 -70985.49 189.32 189.32
 -70885.44 188.92 188.92
 -70785.39 188.51 188.51
 -70685.34 188.11 188.11
 -70585.29 187.71 187.71
 -70485.24 187.31 187.31
 -70385.19 186.91 186.91
 -70285.14 186.52 186.52
 -70185.09 186.13 186.13
 -70085.04 185.74 185.74
 -69984.99 185.35 185.35
 -69884.94 184.97 184.97
 -69784.89 184.59 184.59
 -69684.84 184.21 184.21
 -69584.79 183.83 183.83
 -69484.74 183.46 183.46
 -69384.69 183.09 183.09
 -69284.64 182.72 182.72
 -69184.59 182.36 182.36
 -69084.54 181.99 181.99
 -68984.49 181.63 181.63
 -68884.44 181.28 181.28
 -68784.39 180.92 180.92
 -68684.34 180.57 180.57
 -68584.29 180.22 180.22
 -68484.24 179.87 179.87
 -68384.19 179.53 179.53
 -68284.14 179.19 179.19
 -68184.09 178.85 178.85
 -68084.04 178.51 178.51
 -67983.99 178.17 178.17
 -67883.94 177.84 177.84
 -67783.89 177.51 177.51
 -67683.84 177.19 177.19
 -67583.79 176.86 176.86
 -67483.74 176.54 176.54
 -67383.69 176.22 176.22
 -67283.64 175.91 175.91
 -67183.59 175.60 175.60
 -67083.54 175.29 175.29
 -66983.49 174.98 174.98
 -66883.44 174.67 174.67
 -66783.39 174.37 174.37
 -66683.34 174.07 174.07
 -66583.29 173.77 173.77
 -66483.24 173.48 173.48
 -66383.19 173.18 173.18
 -66283.14 172.89 172.89
 -66183.09 172.61 172.61
 -66083.04 172.32 172.32
 -65982.99 172.04 172.04
 -65882.94 171.76 171.76
 -65782.89 171.48 171.48
 -65682.84 171.21 171.21
 -65582.79 170.94 170.94
 -65482.74 170.67 170.67
 -65382.69 170.40 170.40
 -65282.64 170.14 170.14
 -65182.59 169.87 169.87
 -65082.54 169.62 169.62
 -64982.49 169.36 169.36
 -64882.44 169.10 169.10
 -64782.39 168.85 168.85
 -64682.34 168.60 168.60
 -64582.29 168.36 168.36
 -64482.24 168.11 168.11
 -64382.19 167.87 167.87
 -64282.14 167.63 167.63
 -64182.09 167.39 167.39
 -64082.04 167.16 167.16
 -63981.99 166.93 166.93
 -63881.94 166.70 166.70
 -63781.89 166.47 166.47
 -63681.84 166.24 166.24
 -63581.79 166.02 166.02
 -63481.74 165.80 165.80
 -63381.69 165.58 165.58
 -63281.64 165.37 165.37
 -63181.59 165.15 165.15
 -63081.54 164.94 164.94
 -62981.49 164.73 164.73
 -62881.44 164.53 164.53
 -62781.39 164.32 164.32
 -62681.34 164.12 164.12
 -62581.29 163.92 163.92
 -62481.24 163.72 163.72
 -62381.19 163.52 163.52
 -62281.14 163.33 163.33
 -62181.09 163.14 163.14
 -62081.04 162.95 162.95
 -61980.99 162.76 162.76
 -61880.94 162.58 162.58
 -61780.89 162.40 162.40
 -61680.84 162.22 162.22
 -61580.79 162.04 162.04
 -61480.74 161.86 161.86
 -61380.69 161.69 161.69
 -61280.64 161.51 161.51
 -61180.59 161.34 161.34
 -61080.54 161.18 161.18
 -60980.49 161.01 161.01
 -60880.44 160.84 160.84
 -60780.39 160.68 160.68
 -60680.34 160.52 160.52
 -60580.29 160.36 160.36
 -60480.24 160.21 160.21
 -60380.19 160.05 160.05
 -60280.14 159.90 159.90
 -60180.09 159.75 159.75
 -60080.04 159.60 159.60
 -59979.99 159.45 159.45
 -59879.94 159.31 159.31
 -59779.89 159.16 159.16
 -59679.84 159.02 159.02
 -59579.79 158.88 158.88
 -59479.74 158.74 158.74
 -59379.69 158.61 158.61
 -59279.64 158.47 158.47
 -59179.59 158.34 158.34
 -59079.54 158.21 158.21
 -58979.49 158.08 158.08
 -58879.44 157.95 157.95
 -58779.39 157.83 157.83
 -58679.34 157.70 157.70
 -58579.29 157.58 157.58
 -58479.24 157.46 157.46
 -58379.19 157.34 157.34
 -58279.14 157.22 157.22
 -58179.09 157.10 157.10
 -58079.04 156.99 156.99
 -57978.99 156.88 156.88
 -57878.94 156.76 156.76
 -57778.89 156.65 156.65
 -57678.84 156.55 156.55
 -57578.79 156.44 156.44
 -57478.74 156.33 156.33
 -57378.69 156.23 156.23
 -57278.64 156.13 156.13
 -57178.59 156.02 156.02
 -57078.54 155.92 155.92
 -56978.49 155.83 155.83
 -56878.44 155.73 155.73
 -56778.39 155.63 155.63
 -56678.34 155.54 155.54
 -56578.29 155.44 155.44
 -56478.24 155.35 155.35
 -56378.19 155.26 155.26
 -56278.14 155.17 155.17
 -56178.09 155.09 155.09
 -56078.04 155.00 155.00
 -55977.99 154.91 154.91
 -55877.94 154.83 154.83
 -55777.89 154.75 154.75
 -55677.84 154.66 154.66
 -55577.79 154.58 154.58
 -55477.74 154.50 154.50
 -55377.69 154.43 154.43
 -55277.64 154.35 154.35
 -55177.59 154.27 154.27
 -55077.54 154.20 154.20
 -54977.49 154.13 154.13
 -54877.44 154.05 154.05
 -54777.39 153.98 153.98
 -54677.34 153.91 153.91
 -54577.29 153.84 153.84
 -54477.24 153.77 153.77
 -54377.19 153.71 153.71
 -54277.14 153.64 153.64
 -54177.09 153.58 153.58
 -54077.04 153.51 153.51
 -53976.99 153.45 153.45
 -53876.94 153.39 153.39
 -53776.89 153.33 153.33
 -53676.84 153.27 153.27
 -53576.79 153.21 153.21
 -53476.74 153.15 153.15
 -53376.69 153.09 153.09
 -53276.64 153.04 153.04
 -53176.59 152.98 152.98
 -53076.54 152.93 152.93
 -52976.49 152.87 152.87
 -52876.44 152.82 152.82
 -52776.39 152.77 152.77
 -52676.34 152.72 152.72
 -52576.29 152.67 152.67
 -52476.24 152.62 152.62
 -52376.19 152.57 152.57
 -52276.14 152.52 152.52
 -52176.09 152.47 152.47
 -52076.04 152.43 152.43
 -51975.99 152.38 152.38
 -51875.94 152.34 152.34
 -51775.89 152.29 152.29
 -51675.84 152.25 152.25
 -51575.79 152.21 152.21
 -51475.74 152.16 152.16
 -51375.69 152.12 152.12
 -51275.64 152.08 152.08
 -51175.59 152.04 152.04
 -51075.54 152.00 152.00
 -50975.49 151.96 151.96
 -50875.44 151.93 151.93
 -50775.39 151.89 151.89
 -50675.34 151.85 151.85
 -50575.29 151.82 151.82
 -50475.24 151.78 151.78
 -50375.19 151.75 151.75
 -50275.14 151.71 151.71
 -50175.09 151.68 151.68
 -50075.04 151.65 151.65
 -49974.99 151.61 151.61
 -49874.94 151.58 151.58
 -49774.89 151.55 151.55
 -49674.84 151.52 151.52
 -49574.79 151.49 151.49
 -49474.74 151.46 151.46
 -49374.69 151.43 151.43
 -49274.64 151.40 151.40
 -49174.59 151.38 151.38
 -49074.54 151.35 151.35
 -48974.49 151.32 151.32
 -48874.44 151.29 151.29
 -48774.39 151.27 151.27
 -48674.34 151.24 151.24
 -48574.29 151.22 151.22
 -48474.24 151.19 151.19
 -48374.19 151.17 151.17
 -48274.14 151.14 151.14
 -48174.09 151.12 151.12
 -48074.04 151.10 151.10
 -47973.99 151.08 151.08
 -47873.94 151.05 151.05
 -47773.89 151.03 151.03
 -47673.84 151.01 151.01
 -47573.79 150.99 150.99
 -47473.74 150.97 150.97
 -47373.69 150.95 150.95
 -47273.64 150.93 150.93
 -47173.59 150.91 150.91
 -47073.54 150.89 150.89
 -46973.49 150.87 150.87
 -46873.44 150.85 150.85
 -46773.39 150.84 150.84
 -46673.34 150.82 150.82
 -46573.29 150.80 150.80
 -46473.24 150.79 150.79
 -46373.19 150.77 150.77
 -46273.14 150.75 150.75
 -46173.09 150.74 150.74
 -46073.04 150.72 150.72
 -45972.99 150.71 150.71
 -45872.94 150.69 150.69
 -45772.89 150.68 150.68
 -45672.84 150.66 150.66
 -45572.79 150.65 150.65
 -45472.74 150.63 150.63
 -45372.69 150.62 150.62
 -45272.64 150.61 150.61
 -45172.59 150.59 150.59
 -45072.54 150.58 150.58
 -44972.49 150.57 150.57
 -44872.44 150.56 150.56
 -44772.39 150.54 150.54
 -44672.34 150.53 150.53
 -44572.29 150.52 150.52
 -44472.24 150.51 150.51
 -44372.19 150.50 150.50
 -44272.14 150.49 150.49
 -44172.09 150.48 150.48
 -44072.04 150.46 150.46
 -43971.99 150.45 150.45
 -43871.94 150.44 150.44
 -43771.89 150.43 150.43
 -43671.84 150.43 150.43
 -43571.79 150.42 150.42
 -43471.74 150.41 150.41
 -43371.69 150.40 150.40
 -43271.64 150.39 150.39
 -43171.59 150.38 150.38
 -43071.54 150.37 150.37
 -42971.49 150.36 150.36
 -42871.44 150.35 150.35
 -42771.39 150.35 150.35
 -42671.34 150.34 150.34
 -42571.29 150.33 150.33
 -42471.24 150.32 150.32
 -42371.19 150.32 150.32
 -42271.14 150.31 150.31
 -42171.09 150.30 150.30
 -42071.04 150.30 150.30
 -41970.99 150.29 150.29
 -41870.94 150.28 150.28
 -41770.89 150.28 150.28
 -41670.84 150.27 150.27
 -41570.79 150.26 150.26
 -41470.74 150.26 150.26
 -41370.69 150.25 150.25
 -41270.64 150.24 150.24
 -41170.59 150.24 150.24
 -41070.54 150.23 150.23
 -40970.49 150.23 150.23
 -40870.44 150.22 150.22
 -40770.39 150.22 150.22
 -40670.34 150.21 150.21
 -40570.29 150.21 150.21
 -40470.24 150.20 150.20
 -40370.19 150.20 150.20
 -40270.14 150.19 150.19
 -40170.09 150.19 150.19
 -40070.04 150.18 150.18
 -39969.98 150.18 150.18
 -39869.93 150.18 150.18
 -39769.88 150.17 150.17
 -39669.83 150.17 150.17
 -39569.78 150.16 150.16
 -39469.73 150.16 150.16
 -39369.68 150.16 150.16
 -39269.63 150.15 150.15
 -39169.58 150.15 150.15
 -39069.53 150.14 150.14
 -38969.48 150.14 150.14
 -38869.43 150.14 150.14
 -38769.38 150.13 150.13
 -38669.33 150.13 150.13
 -38569.28 150.13 150.13
 -38469.23 150.12 150.12
 -38369.18 150.12 150.12
 -38269.13 150.12 150.12
 -38169.08 150.12 150.12
 -38069.03 150.11 150.11
 -37968.98 150.11 150.11
 -37868.93 150.11 150.11
 -37768.88 150.11 150.11
 -37668.83 150.10 150.10
 -37568.78 150.10 150.10
 -37468.73 150.10 150.10
 -37368.68 150.10 150.10
 -37268.63 150.09 150.09
 -37168.58 150.09 150.09
 -37068.53 150.09 150.09
 -36968.48 150.09 150.09
 -36868.43 150.08 150.08
 -36768.38 150.08 150.08
 -36668.33 150.08 150.08
 -36568.28 150.08 150.08
 -36468.23 150.08 150.08
 -36368.18 150.07 150.07
 -36268.13 150.07 150.07
 -36168.08 150.07 150.07
 -36068.03 150.07 150.07
 -35967.98 150.07 150.07
 -35867.93 150.07 150.07
 -35767.88 150.06 150.06
 -35667.83 150.06 150.06
 -35567.78 150.06 150.06
 -35467.73 150.06 150.06
 -35367.68 150.06 150.06
 -35267.63 150.06 150.06
 -35167.58 150.05 150.05
 -35067.53 150.05 150.05
 -34967.48 150.05 150.05
 -34867.43 150.05 150.05
 -34767.38 150.05 150.05
 -34667.33 150.05 150.05
 -34567.28 150.05 150.05
 -34467.23 150.05 150.05
 -34367.18 150.04 150.04
 -34267.13 150.04 150.04
 -34167.08 150.04 150.04
 -34067.03 150.04 150.04
 -33966.98 150.04 150.04
 -33866.93 150.04 150.04
 -33766.88 150.04 150.04
 -33666.83 150.04 150.04
 -33566.78 150.04 150.04
 -33466.73 150.03 150.03
 -33366.68 150.03 150.03
 -33266.63 150.03 150.03
 -33166.58 150.03 150.03
 -33066.53 150.03 150.03
 -32966.48 150.03 150.03
 -32866.43 150.03 150.03
 -32766.38 150.03 150.03
 -32666.33 150.03 150.03
 -32566.28 150.03 150.03
 -32466.23 150.03 150.03
 -32366.18 150.03 150.03
 -32266.13 150.03 150.03
 -32166.08 150.02 150.02
 -32066.03 150.02 150.02
 -31965.98 150.02 150.02
 -31865.93 150.02 150.02
 -31765.88 150.02 150.02
 -31665.83 150.02 150.02
 -31565.78 150.02 150.02
 -31465.73 150.02 150.02
 -31365.68 150.02 150.02
 -31265.63 150.02 150.02
 -31165.58 150.02 150.02
 -31065.53 150.02 150.02
 -30965.48 150.02 150.02
 -30865.43 150.02 150.02
 -30765.38 150.02 150.02
 -30665.33 150.02 150.02
 -30565.28 150.02 150.02
 -30465.23 150.02 150.02
 -30365.18 150.02 150.02
 -30265.13 150.01 150.01
 -30165.08 150.01 150.01
 -30065.03 150.01 150.01
 -29964.98 150.01 150.01
 -29864.93 150.01 150.01
 -29764.88 150.01 150.01
 -29664.83 150.01 150.01
 -29564.78 150.01 150.01
 -29464.73 150.01 150.01
 -29364.68 150.01 150.01
 -29264.63 150.01 150.01
 -29164.58 150.01 150.01
 -29064.53 150.01 150.01
 -28964.48 150.01 150.01
 -28864.43 150.01 150.01
 -28764.38 150.01 150.01
 -28664.33 150.01 150.01
 -28564.28 150.01 150.01
 -28464.23 150.01 150.01
 -28364.18 150.01 150.01
 -28264.13 150.01 150.01
 -28164.08 150.01 150.01
 -28064.03 150.01 150.01
 -27963.98 150.01 150.01
 -27863.93 150.01 150.01
 -27763.88 150.01 150.01
 -27663.83 150.01 150.01
 -27563.78 150.01 150.01
 -27463.73 150.01 150.01
 -27363.68 150.01 150.01
 -27263.63 150.01 150.01
 -27163.58 150.01 150.01
 -27063.53 150.01 150.01
 -26963.48 150.01 150.01
 -26863.43 150.01 150.01
 -26763.38 150.01 150.01
 -26663.33 150.01 150.01
 -26563.28 150.01 150.01
 -26463.23 150.01 150.01
 -26363.18 150.00 150.00
 -26263.13 150.00 150.00
 -26163.08 150.00 150.00
 -26063.03 150.00 150.00
 -25962.98 150.00 150.00
 -25862.93 150.00 150.00
 -25762.88 150.00 150.00
 -25662.83 150.00 150.00
 -25562.78 150.00 150.00
 -25462.73 150.00 150.00
 -25362.68 150.00 150.00
 -25262.63 150.00 150.00
 -25162.58 150.00 150.00
 -25062.53 150.00 150.00
 -24962.48 150.00 150.00
 -24862.43 150.00 150.00
 -24762.38 150.00 150.00
 -24662.33 150.00 150.00
 -24562.28 150.00 150.00
 -24462.23 150.00 150.00
 -24362.18 150.00 150.00
 -24262.13 150.00 150.00
 -24162.08 150.00 150.00
 -24062.03 150.00 150.00
 -23961.98 150.00 150.00
 -23861.93 150.00 150.00
 -23761.88 150.00 150.00
 -23661.83 150.00 150.00
 -23561.78 150.00 150.00
 -23461.73 150.00 150.00
 -23361.68 150.00 150.00
 -23261.63 150.00 150.00
 -23161.58 150.00 150.00
 -23061.53 150.00 150.00
 -22961.48 150.00 150.00
 -22861.43 150.00 150.00
 -22761.38 150.00 150.00
 -22661.33 150.00 150.00
 -22561.28 150.00 150.00
 -22461.23 150.00 150.00
 -22361.18 150.00 150.00
 -22261.13 150.00 150.00
 -22161.08 150.00 150.00
 -22061.03 150.00 150.00
 -21960.98 150.00 150.00
 -21860.93 150.00 150.00
 -21760.88 150.00 150.00
 -21660.83 150.00 150.00
 -21560.78 150.00 150.00
 -21460.73 150.00 150.00
 -21360.68 150.00 150.00
 -21260.63 150.00 150.00
 -21160.58 150.00 150.00
 -21060.53 150.00 150.00
 -20960.48 150.00 150.00
 -20860.43 150.00 150.00
 -20760.38 150.00 150.00
 -20660.33 150.00 150.00
 -20560.28 150.00 150.00
 -20460.23 150.00 150.00
 -20360.18 150.00 150.00
 -20260.13 150.00 150.00
 -20160.08 150.00 150.00
 -20060.03 150.00 150.00
 -19959.98 150.00 150.00
 -19859.93 150.00 150.00
 -19759.88 150.00 150.00
 -19659.83 150.00 150.00
 -19559.78 150.00 150.00
 -19459.73 150.00 150.00
 -19359.68 150.00 150.00
 -19259.63 150.00 150.00
 -19159.58 150.00 150.00
 -19059.53 150.00 150.00
 -18959.48 150.00 150.00
 -18859.43 150.00 150.00
 -18759.38 150.00 150.00
 -18659.33 150.00 150.00
 -18559.28 150.00 150.00
 -18459.23 150.00 150.00
 -18359.18 150.00 150.00
 -18259.13 150.00 150.00
 -18159.08 150.00 150.00
 -18059.03 150.00 150.00
 -17958.98 150.00 150.00
 -17858.93 150.00 150.00
 -17758.88 150.00 150.00
 -17658.83 150.00 150.00
 -17558.78 150.00 150.00
 -17458.73 150.00 150.00
 -17358.68 150.00 150.00
 -17258.63 150.00 150.00
 -17158.58 150.00 150.00
 -17058.53 150.00 150.00
 -16958.48 150.00 150.00
 -16858.43 150.00 150.00
 -16758.38 150.00 150.00
 -16658.33 150.00 150.00
 -16558.28 150.00 150.00
 -16458.23 150.00 150.00
 -16358.18 150.00 150.00
 -16258.13 150.00 150.00
 -16158.08 150.00 150.00
 -16058.03 150.00 150.00
 -15957.98 150.00 150.00
 -15857.93 150.00 150.00
 -15757.88 150.00 150.00
 -15657.83 150.00 150.00
 -15557.78 150.00 150.00
 -15457.73 150.00 150.00
 -15357.68 150.00 150.00
 -15257.63 150.00 150.00
 -15157.58 150.00 150.00
 -15057.53 150.00 150.00
 -14957.48 150.00 150.00
 -14857.43 150.00 150.00
 -14757.38 150.00 150.00
 -14657.33 150.00 150.00
 -14557.28 150.00 150.00
 -14457.23 150.00 150.00
 -14357.18 150.00 150.00
 -14257.13 150.00 150.00
 -14157.08 150.00 150.00
 -14057.03 150.00 150.00
 -13956.98 150.00 150.00
 -13856.93 150.00 150.00
 -13756.88 150.00 150.00
 -13656.83 150.00 150.00
 -13556.78 150.00 150.00
 -13456.73 150.00 150.00
 -13356.68 150.00 150.00
 -13256.63 150.00 150.00
 -13156.58 150.00 150.00
 -13056.53 150.00 150.00
 -12956.48 150.00 150.00
 -12856.43 150.00 150.00
 -12756.38 150.00 150.00
 -12656.33 150.00 150.00
 -12556.28 150.00 150.00
 -12456.23 150.00 150.00
 -12356.18 150.00 150.00
 -12256.13 150.00 150.00
 -12156.08 150.00 150.00
 -12056.03 150.00 150.00
 -11955.98 150.00 150.00
 -11855.93 150.00 150.00
 -11755.88 150.00 150.00
 -11655.83 150.00 150.00
 -11555.78 150.00 150.00
 -11455.73 150.00 150.00
 -11355.68 150.00 150.00
 -11255.63 150.00 150.00
 -11155.58 150.00 150.00
 -11055.53 150.00 150.00
 -10955.48 150.00 150.00
 -10855.43 150.00 150.00
 -10755.38 150.00 150.00
 -10655.33 150.00 150.00
 -10555.28 150.00 150.00
 -10455.23 150.00 150.00
 -10355.18 150.00 150.00
 -10255.13 150.00 150.00
 -10155.08 150.00 150.00
 -10055.03 150.00 150.00
  -9954.98 150.00 150.00
  -9854.93 150.00 150.00
  -9754.88 150.00 150.00
  -9654.83 150.00 150.00
  -9554.78 150.00 150.00
  -9454.73 150.00 150.00
  -9354.68 150.00 150.00
  -9254.63 150.00 150.00
  -9154.58 150.00 150.00
  -9054.53 150.00 150.00
  -8954.48 150.00 150.00
  -8854.43 150.00 150.00
  -8754.38 150.00 150.00
  -8654.33 150.00 150.00
  -8554.28 150.00 150.00
  -8454.23 150.00 150.00
  -8354.18 150.00 150.00
  -8254.13 150.00 150.00
  -8154.08 150.00 150.00
  -8054.03 150.00 150.00
  -7953.98 150.00 150.00
  -7853.93 150.00 150.00
  -7753.88 150.00 150.00
  -7653.83 150.00 150.00
  -7553.78 150.00 150.00
  -7453.73 150.00 150.00
  -7353.68 150.00 150.00
  -7253.63 150.00 150.00
  -7153.58 150.00 150.00
  -7053.53 150.00 150.00
  -6953.48 150.00 150.00
  -6853.43 150.00 150.00
  -6753.38 150.00 150.00
  -6653.33 150.00 150.00
  -6553.28 150.00 150.00
  -6453.23 150.00 150.00
  -6353.18 150.00 150.00
  -6253.13 150.00 150.00
  -6153.08 150.00 150.00
  -6053.03 150.00 150.00
  -5952.98 150.00 150.00
  -5852.93 150.00 150.00
  -5752.88 150.00 150.00
  -5652.83 150.00 150.00
  -5552.78 150.00 150.00
  -5452.73 150.00 150.00
  -5352.68 150.00 150.00
  -5252.63 150.00 150.00
  -5152.58 150.00 150.00
  -5052.53 150.00 150.00
  -4952.48 150.00 150.00
  -4852.43 150.00 150.00
  -4752.38 150.00 150.00
  -4652.33 150.00 150.00
  -4552.28 150.00 150.00
  -4452.23 150.00 150.00
  -4352.18 150.00 150.00
  -4252.13 150.00 150.00
  -4152.08 150.00 150.00
  -4052.03 150.00 150.00
  -3951.98 150.00 150.00
  -3851.93 150.00 150.00
  -3751.88 150.00 150.00
  -3651.83 150.00 150.00
  -3551.78 150.00 150.00
  -3451.73 150.00 150.00
  -3351.68 150.00 150.00
  -3251.63 150.00 150.00
  -3151.58 150.00 150.00
  -3051.53 150.00 150.00
  -2951.48 150.00 150.00
  -2851.43 150.00 150.00
  -2751.38 150.00 150.00
  -2651.33 150.00 150.00
  -2551.28 150.00 150.00
  -2451.23 150.00 150.00
  -2351.18 150.00 150.00
  -2251.13 150.00 150.00
  -2151.08 150.00 150.00
  -2051.03 150.00 150.00
  -1950.98 150.00 150.00
  -1850.93 150.00 150.00
  -1750.88 150.00 150.00
  -1650.83 150.00 150.00
  -1550.78 150.00 150.00
  -1450.73 150.00 150.00
  -1350.68 150.00 150.00
  -1250.63 150.00 150.00
  -1150.58 150.00 150.00
  -1050.53 150.00 150.00
   -950.48 150.00 150.00
   -850.43 150.00 150.00
   -750.38 150.00 150.00
   -650.33 150.00 150.00
   -550.28 150.00 150.00
   -450.23 150.00 150.00
   -350.18 150.00 150.00
   -250.13 150.00 150.00
   -150.08 150.00 150.00
    -50.03 150.00 150.00
     50.03 150.00 150.00
    150.08 150.00 150.00
    250.13 150.00 150.00
    350.18 150.00 150.00
    450.23 150.00 150.00
    550.28 150.00 150.00
    650.33 150.00 150.00
    750.38 150.00 150.00
    850.43 150.00 150.00
    950.48 150.00 150.00
   1050.53 150.00 150.00
   1150.58 150.00 150.00
   1250.63 150.00 150.00
   1350.68 150.00 150.00
   1450.73 150.00 150.00
   1550.78 150.00 150.00
   1650.83 150.00 150.00
   1750.88 150.00 150.00
   1850.93 150.00 150.00
   1950.98 150.00 150.00
   2051.03 150.00 150.00
   2151.08 150.00 150.00
   2251.13 150.00 150.00
   2351.18 150.00 150.00
   2451.23 150.00 150.00
   2551.28 150.00 150.00
   2651.33 150.00 150.00
   2751.38 150.00 150.00
   2851.43 150.00 150.00
   2951.48 150.00 150.00
   3051.53 150.00 150.00
   3151.58 150.00 150.00
   3251.63 150.00 150.00
   3351.68 150.00 150.00
   3451.73 150.00 150.00
   3551.78 150.00 150.00
   3651.83 150.00 150.00
   3751.88 150.00 150.00
   3851.93 150.00 150.00
   3951.98 150.00 150.00
   4052.03 150.00 150.00
   4152.08 150.00 150.00
   4252.13 150.00 150.00
   4352.18 150.00 150.00
   4452.23 150.00 150.00
   4552.28 150.00 150.00
   4652.33 150.00 150.00
   4752.38 150.00 150.00
   4852.43 150.00 150.00
   4952.48 150.00 150.00
   5052.53 150.00 150.00
   5152.58 150.00 150.00
   5252.63 150.00 150.00
   5352.68 150.00 150.00
   5452.73 150.00 150.00
   5552.78 150.00 150.00
   5652.83 150.00 150.00
   5752.88 150.00 150.00
   5852.93 150.00 150.00
   5952.98 150.00 150.00
   6053.03 150.00 150.00
   6153.08 150.00 150.00
   6253.13 150.00 150.00
   6353.18 150.00 150.00
   6453.23 150.00 150.00
   6553.28 150.00 150.00
   6653.33 150.00 150.00
   6753.38 150.00 150.00
   6853.43 150.00 150.00
   6953.48 150.00 150.00
   7053.53 150.00 150.00
   7153.58 150.00 150.00
   7253.63 150.00 150.00
   7353.68 150.00 150.00
   7453.73 150.00 150.00
   7553.78 150.00 150.00
   7653.83 150.00 150.00
   7753.88 150.00 150.00
   7853.93 150.00 150.00
   7953.98 150.00 150.00
   8054.03 150.00 150.00
   8154.08 150.00 150.00
   8254.13 150.00 150.00
   8354.18 150.00 150.00
   8454.23 150.00 150.00
   8554.28 150.00 150.00
   8654.33 150.00 150.00
   8754.38 150.00 150.00
   8854.43 150.00 150.00
   8954.48 150.00 150.00
   9054.53 150.00 150.00
   9154.58 150.00 150.00
   9254.63 150.00 150.00
   9354.68 150.00 150.00
   9454.73 150.00 150.00
   9554.78 150.00 150.00
   9654.83 150.00 150.00
   9754.88 150.00 150.00
   9854.93 150.00 150.00
   9954.98 150.00 150.00
  10055.03 150.00 150.00
  10155.08 150.00 150.00
  10255.13 150.00 150.00
  10355.18 150.00 150.00
  10455.23 150.00 150.00
  10555.28 150.00 150.00
  10655.33 150.00 150.00
  10755.38 150.00 150.00
  10855.43 150.00 150.00
  10955.48 150.00 150.00
  11055.53 150.00 150.00
  11155.58 150.00 150.00
  11255.63 150.00 150.00
  11355.68 150.00 150.00
  11455.73 150.00 150.00
  11555.78 150.00 150.00
  11655.83 150.00 150.00
  11755.88 150.00 150.00
  11855.93 150.00 150.00
  11955.98 150.00 150.00
  12056.03 150.00 150.00
  12156.08 150.00 150.00
  12256.13 150.00 150.00
  12356.18 150.00 150.00
  12456.23 150.00 150.00
  12556.28 150.00 150.00
  12656.33 150.00 150.00
  12756.38 150.00 150.00
  12856.43 150.00 150.00
  12956.48 150.00 150.00
  13056.53 150.00 150.00
  13156.58 150.00 150.00
  13256.63 150.00 150.00
  13356.68 150.00 150.00
  13456.73 150.00 150.00
  13556.78 150.00 150.00
  13656.83 150.00 150.00
  13756.88 150.00 150.00
  13856.93 150.00 150.00
  13956.98 150.00 150.00
  14057.03 150.00 150.00
  14157.08 150.00 150.00
  14257.13 150.00 150.00
  14357.18 150.00 150.00
  14457.23 150.00 150.00
  14557.28 150.00 150.00
  14657.33 150.00 150.00
  14757.38 150.00 150.00
  14857.43 150.00 150.00
  14957.48 150.00 150.00
  15057.53 150.00 150.00
  15157.58 150.00 150.00
  15257.63 150.00 150.00
  15357.68 150.00 150.00
  15457.73 150.00 150.00
  15557.78 150.00 150.00
  15657.83 150.00 150.00
  15757.88 150.00 150.00
  15857.93 150.00 150.00
  15957.98 150.00 150.00
  16058.03 150.00 150.00
  16158.08 150.00 150.00
  16258.13 150.00 150.00
  16358.18 150.00 150.00
  16458.23 150.00 150.00
  16558.28 150.00 150.00
  16658.33 150.00 150.00
  16758.38 150.00 150.00
  16858.43 150.00 150.00
  16958.48 150.00 150.00
  17058.53 150.00 150.00
  17158.58 150.00 150.00
  17258.63 150.00 150.00
  17358.68 150.00 150.00
  17458.73 150.00 150.00
  17558.78 150.00 150.00
  17658.83 150.00 150.00
  17758.88 150.00 150.00
  17858.93 150.00 150.00
  17958.98 150.00 150.00
  18059.03 150.00 150.00
  18159.08 150.00 150.00
  18259.13 150.00 150.00
  18359.18 150.00 150.00
  18459.23 150.00 150.00
  18559.28 150.00 150.00
  18659.33 150.00 150.00
  18759.38 150.00 150.00
  18859.43 150.00 150.00
  18959.48 150.00 150.00
  19059.53 150.00 150.00
  19159.58 150.00 150.00
  19259.63 150.00 150.00
  19359.68 150.00 150.00
  19459.73 150.00 150.00
  19559.78 150.00 150.00
  19659.83 150.00 150.00
  19759.88 150.00 150.00
  19859.93 150.00 150.00
  19959.98 150.00 150.00
  20060.03 150.00 150.00
  20160.08 150.00 150.00
  20260.13 150.00 150.00
  20360.18 150.00 150.00
  20460.23 150.00 150.00
  20560.28 150.00 150.00
  20660.33 150.00 150.00
  20760.38 150.00 150.00
  20860.43 150.00 150.00
  20960.48 150.00 150.00
  21060.53 150.00 150.00
  21160.58 150.00 150.00
  21260.63 150.00 150.00
  21360.68 150.00 150.00
  21460.73 150.00 150.00
  21560.78 150.00 150.00
  21660.83 150.00 150.00
  21760.88 150.00 150.00
  21860.93 150.00 150.00
  21960.98 150.00 150.00
  22061.03 150.00 150.00
  22161.08 150.00 150.00
  22261.13 150.00 150.00
  22361.18 150.00 150.00
  22461.23 150.00 150.00
  22561.28 150.00 150.00
  22661.33 150.00 150.00
  22761.38 150.00 150.00
  22861.43 150.00 150.00
  22961.48 150.00 150.00
  23061.53 150.00 150.00
  23161.58 150.00 150.00
  23261.63 150.00 150.00
  23361.68 150.00 150.00
  23461.73 150.00 150.00
  23561.78 150.00 150.00
  23661.83 150.00 150.00
  23761.88 150.00 150.00
  23861.93 150.00 150.00
  23961.98 150.00 150.00
  24062.03 150.00 150.00
  24162.08 150.00 150.00
  24262.13 150.00 150.00
  24362.18 150.00 150.00
  24462.23 150.00 150.00
  24562.28 150.00 150.00
  24662.33 150.00 150.00
  24762.38 150.00 150.00
  24862.43 150.00 150.00
  24962.48 150.00 150.00
  25062.53 150.00 150.00
  25162.58 150.00 150.00
  25262.63 150.00 150.00
  25362.68 150.00 150.00
  25462.73 150.00 150.00
  25562.78 150.00 150.00
  25662.83 150.00 150.00
  25762.88 150.00 150.00
  25862.93 150.00 150.00
  25962.98 150.00 150.00
  26063.03 150.00 150.00
  26163.08 150.00 150.00
  26263.13 150.00 150.00
  26363.18 150.00 150.00
  26463.23 150.01 150.01
  26563.28 150.01 150.01
  26663.33 150.01 150.01
  26763.38 150.01 150.01
  26863.43 150.01 150.01
  26963.48 150.01 150.01
  27063.53 150.01 150.01
  27163.58 150.01 150.01
  27263.63 150.01 150.01
  27363.68 150.01 150.01
  27463.73 150.01 150.01
  27563.78 150.01 150.01
  27663.83 150.01 150.01
  27763.88 150.01 150.01
  27863.93 150.01 150.01
  27963.98 150.01 150.01
  28064.03 150.01 150.01
  28164.08 150.01 150.01
  28264.13 150.01 150.01
  28364.18 150.01 150.01
  28464.23 150.01 150.01
  28564.28 150.01 150.01
  28664.33 150.01 150.01
  28764.38 150.01 150.01
  28864.43 150.01 150.01
  28964.48 150.01 150.01
  29064.53 150.01 150.01
  29164.58 150.01 150.01
  29264.63 150.01 150.01
  29364.68 150.01 150.01
  29464.73 150.01 150.01
  29564.78 150.01 150.01
  29664.83 150.01 150.01
  29764.88 150.01 150.01
  29864.93 150.01 150.01
  29964.98 150.01 150.01
  30065.03 150.01 150.01
  30165.08 150.01 150.01
  30265.13 150.01 150.01
  30365.18 150.02 150.02
  30465.23 150.02 150.02
  30565.28 150.02 150.02
  30665.33 150.02 150.02
  30765.38 150.02 150.02
  30865.43 150.02 150.02
  30965.48 150.02 150.02
  31065.53 150.02 150.02
  31165.58 150.02 150.02
  31265.63 150.02 150.02
  31365.68 150.02 150.02
  31465.73 150.02 150.02
  31565.78 150.02 150.02
  31665.83 150.02 150.02
  31765.88 150.02 150.02
  31865.93 150.02 150.02
  31965.98 150.02 150.02
  32066.03 150.02 150.02
  32166.08 150.02 150.02
  32266.13 150.03 150.03
  32366.18 150.03 150.03
  32466.23 150.03 150.03
  32566.28 150.03 150.03
  32666.33 150.03 150.03
  32766.38 150.03 150.03
  32866.43 150.03 150.03
  32966.48 150.03 150.03
  33066.53 150.03 150.03
  33166.58 150.03 150.03
  33266.63 150.03 150.03
  33366.68 150.03 150.03
  33466.73 150.03 150.03
  33566.78 150.04 150.04
  33666.83 150.04 150.04
  33766.88 150.04 150.04
  33866.93 150.04 150.04
  33966.98 150.04 150.04
  34067.03 150.04 150.04
  34167.08 150.04 150.04
  34267.13 150.04 150.04
  34367.18 150.04 150.04
  34467.23 150.05 150.05
  34567.28 150.05 150.05
  34667.33 150.05 150.05
  34767.38 150.05 150.05
  34867.43 150.05 150.05
  34967.48 150.05 150.05
  35067.53 150.05 150.05
  35167.58 150.05 150.05
  35267.63 150.06 150.06
  35367.68 150.06 150.06
  35467.73 150.06 150.06
  35567.78 150.06 150.06
  35667.83 150.06 150.06
  35767.88 150.06 150.06
  35867.93 150.07 150.07
  35967.98 150.07 150.07
  36068.03 150.07 150.07
  36168.08 150.07 150.07
  36268.13 150.07 150.07
  36368.18 150.07 150.07
  36468.23 150.08 150.08
  36568.28 150.08 150.08
  36668.33 150.08 150.08
  36768.38 150.08 150.08
  36868.43 150.08 150.08
  36968.48 150.09 150.09
  37068.53 150.09 150.09
  37168.58 150.09 150.09
  37268.63 150.09 150.09
  37368.68 150.10 150.10
  37468.73 150.10 150.10
  37568.78 150.10 150.10
  37668.83 150.10 150.10
  37768.88 150.11 150.11
  37868.93 150.11 150.11
  37968.98 150.11 150.11
  38069.03 150.11 150.11
  38169.08 150.12 150.12
  38269.13 150.12 150.12
  38369.18 150.12 150.12
  38469.23 150.12 150.12
  38569.28 150.13 150.13
  38669.33 150.13 150.13
  38769.38 150.13 150.13
  38869.43 150.14 150.14
  38969.48 150.14 150.14
  39069.53 150.14 150.14
  39169.58 150.15 150.15
  39269.63 150.15 150.15
  39369.68 150.16 150.16
  39469.73 150.16 150.16
  39569.78 150.16 150.16
  39669.83 150.17 150.17
  39769.88 150.17 150.17
  39869.93 150.18 150.18
  39969.98 150.18 150.18
  40070.04 150.18 150.18
  40170.09 150.19 150.19
  40270.14 150.19 150.19
  40370.19 150.20 150.20
  40470.24 150.20 150.20
  40570.29 150.21 150.21
  40670.34 150.21 150.21
  40770.39 150.22 150.22
  40870.44 150.22 150.22
  40970.49 150.23 150.23
  41070.54 150.23 150.23
  41170.59 150.24 150.24
  41270.64 150.24 150.24
  41370.69 150.25 150.25
  41470.74 150.26 150.26
  41570.79 150.26 150.26
  41670.84 150.27 150.27
  41770.89 150.28 150.28
  41870.94 150.28 150.28
  41970.99 150.29 150.29
  42071.04 150.30 150.30
  42171.09 150.30 150.30
  42271.14 150.31 150.31
  42371.19 150.32 150.32
  42471.24 150.32 150.32
  42571.29 150.33 150.33
  42671.34 150.34 150.34
  42771.39 150.35 150.35
  42871.44 150.35 150.35
  42971.49 150.36 150.36
  43071.54 150.37 150.37
  43171.59 150.38 150.38
  43271.64 150.39 150.39
  43371.69 150.40 150.40
  43471.74 150.41 150.41
  43571.79 150.42 150.42
  43671.84 150.43 150.43
  43771.89 150.43 150.43
  43871.94 150.44 150.44
  43971.99 150.45 150.45
  44072.04 150.46 150.46
  44172.09 150.48 150.48
  44272.14 150.49 150.49
  44372.19 150.50 150.50
  44472.24 150.51 150.51
  44572.29 150.52 150.52
  44672.34 150.53 150.53
  44772.39 150.54 150.54
  44872.44 150.56 150.56
  44972.49 150.57 150.57
  45072.54 150.58 150.58
  45172.59 150.59 150.59
  45272.64 150.61 150.61
  45372.69 150.62 150.62
  45472.74 150.63 150.63
  45572.79 150.65 150.65
  45672.84 150.66 150.66
  45772.89 150.68 150.68
  45872.94 150.69 150.69
  45972.99 150.71 150.71
  46073.04 150.72 150.72
  46173.09 150.74 150.74
  46273.14 150.75 150.75
  46373.19 150.77 150.77
  46473.24 150.79 150.79
  46573.29 150.80 150.80
  46673.34 150.82 150.82
  46773.39 150.84 150.84
  46873.44 150.85 150.85
  46973.49 150.87 150.87
  47073.54 150.89 150.89
  47173.59 150.91 150.91
  47273.64 150.93 150.93
  47373.69 150.95 150.95
  47473.74 150.97 150.97
  47573.79 150.99 150.99
  47673.84 151.01 151.01
  47773.89 151.03 151.03
  47873.94 151.05 151.05
  47973.99 151.08 151.08
  48074.04 151.10 151.10
  48174.09 151.12 151.12
  48274.14 151.14 151.14
  48374.19 151.17 151.17
  48474.24 151.19 151.19
  48574.29 151.22 151.22
  48674.34 151.24 151.24
  48774.39 151.27 151.27
  48874.44 151.29 151.29
  48974.49 151.32 151.32
  49074.54 151.35 151.35
  49174.59 151.38 151.38
  49274.64 151.40 151.40
  49374.69 151.43 151.43
  49474.74 151.46 151.46
  49574.79 151.49 151.49
  49674.84 151.52 151.52
  49774.89 151.55 151.55
  49874.94 151.58 151.58
  49974.99 151.61 151.61
  50075.04 151.65 151.65
  50175.09 151.68 151.68
  50275.14 151.71 151.71
  50375.19 151.75 151.75
  50475.24 151.78 151.78
  50575.29 151.82 151.82
  50675.34 151.85 151.85
  50775.39 151.89 151.89
  50875.44 151.93 151.93
  50975.49 151.96 151.96
  51075.54 152.00 152.00
  51175.59 152.04 152.04
  51275.64 152.08 152.08
  51375.69 152.12 152.12
  51475.74 152.16 152.16
  51575.79 152.21 152.21
  51675.84 152.25 152.25
  51775.89 152.29 152.29
  51875.94 152.34 152.34
  51975.99 152.38 152.38
  52076.04 152.43 152.43
  52176.09 152.47 152.47
  52276.14 152.52 152.52
  52376.19 152.57 152.57
  52476.24 152.62 152.62
  52576.29 152.67 152.67
  52676.34 152.72 152.72
  52776.39 152.77 152.77
  52876.44 152.82 152.82
  52976.49 152.87 152.87
  53076.54 152.93 152.93
  53176.59 152.98 152.98
  53276.64 153.04 153.04
  53376.69 153.09 153.09
  53476.74 153.15 153.15
  53576.79 153.21 153.21
  53676.84 153.27 153.27
  53776.89 153.33 153.33
  53876.94 153.39 153.39
  53976.99 153.45 153.45
  54077.04 153.51 153.51
  54177.09 153.58 153.58
  54277.14 153.64 153.64
  54377.19 153.71 153.71
  54477.24 153.77 153.77
  54577.29 153.84 153.84
  54677.34 153.91 153.91
  54777.39 153.98 153.98
  54877.44 154.05 154.05
  54977.49 154.13 154.13
  55077.54 154.20 154.20
  55177.59 154.27 154.27
  55277.64 154.35 154.35
  55377.69 154.43 154.43
  55477.74 154.50 154.50
  55577.79 154.58 154.58
  55677.84 154.66 154.66
  55777.89 154.75 154.75
  55877.94 154.83 154.83
  55977.99 154.91 154.91
  56078.04 155.00 155.00
  56178.09 155.09 155.09
  56278.14 155.17 155.17
  56378.19 155.26 155.26
  56478.24 155.35 155.35
  56578.29 155.44 155.44
  56678.34 155.54 155.54
  56778.39 155.63 155.63
  56878.44 155.73 155.73
  56978.49 155.83 155.83
  57078.54 155.92 155.92
  57178.59 156.02 156.02
  57278.64 156.13 156.13
  57378.69 156.23 156.23
  57478.74 156.33 156.33
  57578.79 156.44 156.44
  57678.84 156.55 156.55
  57778.89 156.65 156.65
  57878.94 156.76 156.76
  57978.99 156.88 156.88
  58079.04 156.99 156.99
  58179.09 157.10 157.10
  58279.14 157.22 157.22
  58379.19 157.34 157.34
  58479.24 157.46 157.46
  58579.29 157.58 157.58
  58679.34 157.70 157.70
  58779.39 157.83 157.83
  58879.44 157.95 157.95
  58979.49 158.08 158.08
  59079.54 158.21 158.21
  59179.59 158.34 158.34
  59279.64 158.47 158.47
  59379.69 158.61 158.61
  59479.74 158.74 158.74
  59579.79 158.88 158.88
  59679.84 159.02 159.02
  59779.89 159.16 159.16
  59879.94 159.31 159.31
  59979.99 159.45 159.45
  60080.04 159.60 159.60
  60180.09 159.75 159.75
  60280.14 159.90 159.90
  60380.19 160.05 160.05
  60480.24 160.21 160.21
  60580.29 160.36 160.36
  60680.34 160.52 160.52
  60780.39 160.68 160.68
  60880.44 160.84 160.84
  60980.49 161.01 161.01
  61080.54 161.18 161.18
  61180.59 161.34 161.34
  61280.64 161.51 161.51
  61380.69 161.69 161.69
  61480.74 161.86 161.86
  61580.79 162.04 162.04
  61680.84 162.22 162.22
  61780.89 162.40 162.40
  61880.94 162.58 162.58
  61980.99 162.76 162.76
  62081.04 162.95 162.95
  62181.09 163.14 163.14
  62281.14 163.33 163.33
  62381.19 163.52 163.52
  62481.24 163.72 163.72
  62581.29 163.92 163.92
  62681.34 164.12 164.12
  62781.39 164.32 164.32
  62881.44 164.53 164.53
  62981.49 164.73 164.73
  63081.54 164.94 164.94
  63181.59 165.15 165.15
  63281.64 165.37 165.37
  63381.69 165.58 165.58
  63481.74 165.80 165.80
  63581.79 166.02 166.02
  63681.84 166.24 166.24
  63781.89 166.47 166.47
  63881.94 166.70 166.70
  63981.99 166.93 166.93
  64082.04 167.16 167.16
  64182.09 167.39 167.39
  64282.14 167.63 167.63
  64382.19 167.87 167.87
  64482.24 168.11 168.11
  64582.29 168.36 168.36
  64682.34 168.60 168.60
  64782.39 168.85 168.85
  64882.44 169.10 169.10
  64982.49 169.36 169.36
  65082.54 169.62 169.62
  65182.59 169.87 169.87
  65282.64 170.14 170.14
  65382.69 170.40 170.40
  65482.74 170.67 170.67
  65582.79 170.94 170.94
  65682.84 171.21 171.21
  65782.89 171.48 171.48
  65882.94 171.76 171.76
  65982.99 172.04 172.04
  66083.04 172.32 172.32
  66183.09 172.61 172.61
  66283.14 172.89 172.89
  66383.19 173.18 173.18
  66483.24 173.48 173.48
  66583.29 173.77 173.77
  66683.34 174.07 174.07
  66783.39 174.37 174.37
  66883.44 174.67 174.67
  66983.49 174.98 174.98
  67083.54 175.29 175.29
  67183.59 175.60 175.60
  67283.64 175.91 175.91
  67383.69 176.22 176.22
  67483.74 176.54 176.54
  67583.79 176.86 176.86
  67683.84 177.19 177.19
  67783.89 177.51 177.51
  67883.94 177.84 177.84
  67983.99 178.17 178.17
  68084.04 178.51 178.51
  68184.09 178.85 178.85
  68284.14 179.19 179.19
  68384.19 179.53 179.53
  68484.24 179.87 179.87
  68584.29 180.22 180.22
  68684.34 180.57 180.57
  68784.39 180.92 180.92
  68884.44 181.28 181.28
  68984.49 181.63 181.63
  69084.54 181.99 181.99
  69184.59 182.36 182.36
  69284.64 182.72 182.72
  69384.69 183.09 183.09
  69484.74 183.46 183.46
  69584.79 183.83 183.83
  69684.84 184.21 184.21
  69784.89 184.59 184.59
  69884.94 184.97 184.97
  69984.99 185.35 185.35
  70085.04 185.74 185.74
  70185.09 186.13 186.13
  70285.14 186.52 186.52
  70385.19 186.91 186.91
  70485.24 187.31 187.31
  70585.29 187.71 187.71
  70685.34 188.11 188.11
  70785.39 188.51 188.51
  70885.44 188.92 188.92
  70985.49 189.32 189.32
  71085.54 189.73 189.73
  71185.59 190.15 190.15
  71285.64 190.56 190.56
  71385.69 190.98 190.98
  71485.74 191.40 191.40
  71585.79 191.82 191.82
  71685.84 192.25 192.25
  71785.89 192.67 192.67
  71885.94 193.10 193.10
  71985.99 193.53 193.53
  72086.04 193.97 193.97
  72186.09 194.40 194.40
  72286.14 194.84 194.84
  72386.19 195.28 195.28
  72486.24 195.72 195.72
  72586.29 196.17 196.17
  72686.34 196.61 196.61
  72786.39 197.06 197.06
  72886.44 197.51 197.51
  72986.49 197.97 197.97
  73086.54 198.42 198.42
  73186.59 198.88 198.88
  73286.64 199.33 199.33
  73386.69 199.80 199.80
  73486.74 200.26 200.26
  73586.79 200.72 200.72
  73686.84 201.19 201.19
  73786.89 201.66 201.66
  73886.94 202.12 202.12
  73986.99 202.60 202.60
  74087.04 203.07 203.07
  74187.09 203.54 203.54
  74287.14 204.02 204.02
  74387.19 204.50 204.50
  74487.24 204.98 204.98
  74587.29 205.46 205.46
  74687.34 205.94 205.94
  74787.39 206.42 206.42
  74887.44 206.91 206.91
  74987.49 207.40 207.40
  75087.54 207.88 207.88
  75187.59 208.37 208.37
  75287.64 208.86 208.86
  75387.69 209.35 209.35
  75487.74 209.85 209.85
  75587.79 210.34 210.34
  75687.84 210.84 210.84
  75787.89 211.33 211.33
  75887.94 211.83 211.83
  75987.99 212.33 212.33
  76088.04 212.83 212.83
  76188.09 213.33 213.33
  76288.14 213.83 213.83
  76388.19 214.33 214.33
  76488.24 214.83 214.83
  76588.29 215.34 215.34
  76688.34 215.84 215.84
  76788.39 216.34 216.34
  76888.44 216.85 216.85
  76988.49 217.35 217.35
  77088.54 217.86 217.86
  77188.59 218.37 218.37
  77288.64 218.87 218.87
  77388.69 219.38 219.38
  77488.74 219.89 219.89
  77588.79 220.40 220.40
  77688.84 220.90 220.90
  77788.89 221.41 221.41
  77888.94 221.92 221.92
  77988.99 222.43 222.43
  78089.04 222.93 222.93
  78189.09 223.44 223.44
  78289.14 223.95 223.95
  78389.19 224.46 224.46
  78489.24 224.96 224.96
  78589.29 225.47 225.47
  78689.34 225.98 225.98
  78789.39 226.48 226.48
  78889.44 226.99 226.99
  78989.49 227.49 227.49
  79089.54 227.99 227.99
  79189.59 228.50 228.50
  79289.64 229.00 229.00
  79389.69 229.50 229.50
  79489.74 230.00 230.00
  79589.79 230.50 230.50
  79689.84 231.00 231.00
  79789.89 231.50 231.50
  79889.94 232.00 232.00
  79989.99 232.49 232.49
  80090.05 232.98 232.99
  80190.10 233.48 233.50
  80290.15 233.97 234.01
  80390.20 234.46 234.53
  80490.25 234.95 235.05
  80590.30 235.43 235.58
  80690.35 235.92 236.12
  80790.40 236.40 236.66
  80890.45 236.88 237.21
  80990.50 237.36 237.77
  81090.55 237.84 238.33
  81190.60 238.32 238.90
  81290.65 238.79 239.47
  81390.70 239.26 240.06
  81490.75 239.73 240.65
  81590.80 240.20 241.25
  81690.85 240.66 241.85
  81790.90 241.12 242.46
  81890.95 241.58 243.09
  81991.00 242.04 243.71
  82091.05 242.50 244.35
  82191.10 242.95 245.00
  82291.15 243.40 245.65
  82391.20 243.84 246.32
  82491.25 244.29 246.99
  82591.30 244.73 247.67
  82691.35 245.16 248.36
  82791.40 245.60 249.06
  82891.45 246.03 249.77
  82991.50 246.46 250.49
  83091.55 246.88 251.22
  83191.60 247.30 251.96
  83291.65 247.72 252.71
  83391.70 248.14 253.47
  83491.75 248.55 254.24
  83591.80 248.95 255.03
  83691.85 249.36 255.82
  83791.90 249.76 256.63
  83891.95 250.15 257.45
  83992.00 250.54 258.29
  84092.05 250.93 259.13
  84192.10 251.31 259.99
  84292.15 251.69 260.86
  84392.20 252.07 261.75
  84492.25 252.44 262.65
  84592.30 252.80 263.56
  84692.35 253.16 264.49
  84792.40 253.52 265.44
  84892.45 253.87 266.40
  84992.50 254.22 267.38
  85092.55 254.56 268.37
  85192.60 254.90 269.38
  85292.65 255.24 270.41
  85392.70 255.56 271.45
  85492.75 255.89 272.52
  85592.80 256.21 273.60
  85692.85 256.52 274.70
  85792.90 256.83 275.82
  85892.95 257.13 276.96
  85993.00 257.43 278.13
  86093.05 257.72 279.31
  86193.10 258.00 280.52
  86293.15 258.28 281.75
  86393.20 258.56 283.00
  86493.25 258.83 284.27
  86593.30 259.09 285.57
  86693.35 259.35 286.90
  86793.40 259.60 288.25
  86893.45 259.85 289.63
  86993.50 260.08 291.03
  87093.55 260.32 292.47
  87193.60 260.55 293.93
  87293.65 260.77 295.42
  87393.70 260.98 296.95
  87493.75 261.19 298.50
  87593.80 261.39 300.09
  87693.85 261.59 301.70
  87793.90 261.78 303.36
  87893.95 261.96 305.05
  87994.00 262.13 306.77
  88094.05 262.30 308.53
  88194.10 262.46 310.33
  88294.15 262.62 312.17
  88394.20 262.77 314.05
  88494.25 262.91 315.97
  88594.30 263.04 317.93
  88694.35 263.17 319.94
  88794.40 263.29 321.99
  88894.45 263.40 324.09
  88994.50 263.51 326.24
  89094.55 263.61 328.43
  89194.60 263.70 330.68
  89294.65 263.78 332.97
  89394.70 263.86 335.33
  89494.75 263.92 337.73
  89594.80 263.98 340.19
  89694.85 264.04 342.72
  89794.90 264.08 345.30
  89894.95 264.12 347.94
  89995.00 264.15 350.65
  90095.05 264.17 353.42
  90195.10 264.19 356.26
  90295.15 264.19 359.17
  90395.20 264.19 362.15
  90495.25 264.18 365.21
  90595.30 264.16 368.34
  90695.35 264.14 371.55
  90795.40 264.10 374.84
  90895.45 264.06 378.22
  90995.50 264.01 381.68
  91095.55 263.95 385.23
  91195.60 263.89 388.87
  91295.65 263.81 392.61
  91395.70 263.73 396.44
  91495.75 263.64 400.38
  91595.80 263.54 404.42
  91695.85 263.43 408.57
  91795.90 263.31 412.82
  91895.95 263.18 417.20
  91996.00 263.05 421.69
  92096.05 262.91 426.30
  92196.10 262.75 431.04
  92296.15 262.59 435.91
  92396.20 262.42 440.92
  92496.25 262.25 446.06
  92596.30 262.06 451.35
  92696.35 261.87 456.79
  92796.40 261.66 462.38
  92896.45 261.45 468.13
  92996.50 261.23 474.05
  93096.55 261.00 480.13
  93196.60 260.76 486.39
  93296.65 260.51 492.84
  93396.70 260.25 499.47
  93496.75 259.98 506.29
  93596.80 259.71 513.31
  93696.85 259.42 520.55
  93796.90 259.13 527.99
  93896.95 258.83 535.66
  93997.00 258.52 543.55
  94097.05 258.20 551.69
  94197.10 257.87 560.06
  94297.15 257.53 568.69
  94397.20 257.18 577.58
  94497.25 256.83 586.73
  94597.30 256.46 596.17
  94697.35 256.09 605.88
  94797.40 255.70 615.90
  94897.45 255.31 626.21
  94997.50 254.91 636.83
  95097.55 254.50 647.78
  95197.60 254.08 659.06
  95297.65 253.65 670.67
  95397.70 253.21 682.63
  95497.75 252.76 694.96
  95597.80 252.31 707.64
  95697.85 251.84 720.71
  95797.90 251.37 734.16
  95897.95 250.88 748.00
  95998.00 250.39 762.24
  96098.05 249.89 776.89
  96198.10 249.38 791.96
  96298.15 248.86 807.46
  96398.20 248.33 823.38
  96498.25 247.79 839.75
  96598.30 247.25 856.56
  96698.35 246.69 873.82
  96798.40 246.13 891.53
  96898.45 245.55 909.69
  96998.50 244.97 928.32
  97098.55 244.38 947.40
  97198.60 243.78 966.94
  97298.65 243.17 986.94
  97398.70 242.55 1007.39
  97498.75 241.93 1028.30
  97598.80 241.29 1049.66
  97698.85 240.65 1071.47
  97798.90 239.99 1093.72
  97898.95 239.33 1116.41
  97999.00 238.66 1139.52
  98099.05 237.98 1163.04
  98199.10 237.30 1186.96
  98299.15 236.60 1211.28
  98399.20 235.90 1235.96
  98499.25 235.18 1261.00
  98599.30 234.46 1286.37
  98699.35 233.73 1312.07
  98799.40 232.99 1338.16
  98899.45 232.25 1364.72
  98999.50 231.49 1391.73
  99099.55 230.73 1419.18
  99199.60 229.96 1447.04
  99299.65 229.18 1475.29
  99399.70 228.39 1503.89
  99499.75 227.60 1532.82
  99599.80 226.79 1562.05
  99699.85 225.98 1591.53
  99799.90 225.16 1621.23
  99899.95 224.33 1651.14
 100000.00 223.50 1681.20
