-100000.00 179.54 1681.20
 -99899.95 180.28 1651.14
 -99799.90 181.02 1621.23
 -99699.85 181.75 1591.53
 -99599.80 182.48 1562.05
 -99499.75 183.20 1532.82
 -99399.70 183.91 1503.89
 -99299.65 184.62 1475.29
 -99199.60 185.33 1447.04
 -99099.55 186.03 1419.18
 -98999.50 186.72 1391.73
 -98899.45 187.42 1364.72
 -98799.40 188.10 1338.16
 -98699.35 188.78 1312.07
 -98599.30 189.46 1286.37
 -98499.25 190.13 1261.00
 -98399.20 190.79 1235.96
 -98299.15 191.45 1211.28
 -98199.10 192.11 1186.96
 -98099.05 192.76 1163.04
 -97999.00 193.40 1139.52
 -97898.95 194.04 1116.41
 -97798.90 194.68 1093.72
 -97698.85 195.30 1071.47
 -97598.80 195.93 1049.66
 -97498.75 196.55 1028.30
 -97398.70 197.16 1007.39
 -97298.65 197.77 986.94
 -97198.60 198.37 966.94
 -97098.55 198.97 947.40
 -96998.50 199.56 928.32
 -96898.45 200.15 909.69
 -96798.40 200.73 891.53
 -96698.35 201.30 873.82
 -96598.30 201.87 856.56
 -96498.25 202.44 839.75
 -96398.20 203.00 823.38
 -96298.15 203.55 807.46
 -96198.10 204.10 791.96
 -96098.05 204.64 776.89
 -95998.00 205.18 762.24
 -95897.95 205.72 748.00
 -95797.90 206.24 734.16
 -95697.85 206.76 720.71
 -95597.80 207.28 707.64
 -95497.75 207.79 694.96
 -95397.70 208.30 682.63
 -95297.65 208.80 670.67
 -95197.60 209.29 659.06
 -95097.55 209.78 647.78
 -94997.50 210.26 636.83
 -94897.45 210.74 626.21
 -94797.40 211.21 615.90
 -94697.35 211.68 605.88
 -94597.30 212.14 596.17
 -94497.25 212.59 586.73
 -94397.20 213.04 577.58
 -94297.15 213.49 568.69
 -94197.10 213.93 560.06
 -94097.05 214.36 551.69
 -93997.00 214.79 543.55
 -93896.95 215.21 535.66
 -93796.90 215.63 527.99
 -93696.85 216.04 520.55
 -93596.80 216.44 513.31
 -93496.75 216.84 506.29
 -93396.70 217.24 499.47
 -93296.65 217.63 492.84
 -93196.60 218.01 486.39
 -93096.55 218.39 480.13
 -92996.50 218.76 474.05
 -92896.45 219.13 468.13
 -92796.40 219.49 462.38
 -92696.35 219.84 456.79
 -92596.30 220.19 451.35
 -92496.25 220.54 446.06
 -92396.20 220.88 440.92
 -92296.15 221.21 435.91
 -92196.10 221.54 431.04
 -92096.05 221.86 426.30
 -91996.00 222.18 421.69
 -91895.95 222.49 417.20
 -91795.90 222.80 412.82
 -91695.85 223.10 408.57
 -91595.80 223.39 404.42
 -91495.75 223.68 400.38
 -91395.70 223.96 396.44
 -91295.65 224.24 392.61
 -91195.60 224.52 388.87
 -91095.55 224.78 385.23
 -90995.50 225.05 381.68
 -90895.45 225.30 378.22
 -90795.40 225.56 374.84
 -90695.35 225.80 371.55
 -90595.30 226.04 368.34
 -90495.25 226.28 365.21
 -90395.20 226.51 362.15
 -90295.15 226.73 359.17
 -90195.10 226.95 356.26
 -90095.05 227.17 353.42
 -89995.00 227.38 350.65
 -89894.95 227.58 347.94
 -89794.90 227.78 345.30
 -89694.85 227.97 342.72
 -89594.80 228.16 340.19
 -89494.75 228.34 337.73
 -89394.70 228.52 335.33
 -89294.65 228.69 332.97
 -89194.60 228.86 330.68
 -89094.55 229.02 328.43
 -88994.50 229.18 326.24
 -88894.45 229.33 324.09
 -88794.40 229.48 321.99
 -88694.35 229.62 319.94
 -88594.30 229.76 317.93
 -88494.25 229.89 315.97
 -88394.20 230.02 314.05
 -88294.15 230.14 312.17
 -88194.10 230.26 310.33
 -88094.05 230.37 308.53
 -87994.00 230.48 306.77
 -87893.95 230.58 305.05
 -87793.90 230.67 303.36
 -87693.85 230.77 301.70
 -87593.80 230.86 300.09
 -87493.75 230.94 298.50
 -87393.70 231.02 296.95
 -87293.65 231.09 295.42
 -87193.60 231.16 293.93
 -87093.55 231.22 292.47
 -86993.50 231.28 291.03
 -86893.45 231.34 289.63
 -86793.40 231.39 288.25
 -86693.35 231.43 286.90
 -86593.30 231.47 285.57
 -86493.25 231.51 284.27
 -86393.20 231.54 283.00
 -86293.15 231.57 281.75
 -86193.10 231.59 280.52
 -86093.05 231.61 279.31
 -85993.00 231.62 278.13
 -85892.95 231.63 276.96
 -85792.90 231.63 275.82
 -85692.85 231.63 274.70
 -85592.80 231.63 273.60
 -85492.75 231.62 272.52
 -85392.70 231.61 271.45
 -85292.65 231.59 270.41
 -85192.60 231.57 269.38
 -85092.55 231.55 268.37
 -84992.50 231.52 267.38
 -84892.45 231.48 266.40
 -84792.40 231.45 265.44
 -84692.35 231.41 264.49
 -84592.30 231.36 263.56
 -84492.25 231.31 262.65
 -84392.20 231.26 261.75
 -84292.15 231.20 260.86
 -84192.10 231.14 259.99
 -84092.05 231.07 259.13
 -83992.00 231.00 258.29
 -83891.95 230.93 257.45
 -83791.90 230.85 256.63
 -83691.85 230.77 255.82
 -83591.80 230.69 255.03
 -83491.75 230.60 254.24
 -83391.70 230.51 253.47
 -83291.65 230.41 252.71
 -83191.60 230.31 251.96
 -83091.55 230.21 251.22
 -82991.50 230.10 250.49
 -82891.45 229.99 249.77
 -82791.40 229.88 249.06
 -82691.35 229.76 248.36
 -82591.30 229.64 247.67
 -82491.25 229.52 246.99
 -82391.20 229.39 246.32
 -82291.15 229.26 245.65
 -82191.10 229.13 245.00
 -82091.05 228.99 244.35
 -81991.00 228.85 243.71
 -81890.95 228.71 243.09
 -81790.90 228.56 242.46
 -81690.85 228.41 241.85
 -81590.80 228.26 241.25
 -81490.75 228.10 240.65
 -81390.70 227.94 240.06
 -81290.65 227.78 239.47
 -81190.60 227.62 238.90
 -81090.55 227.45 238.33
 -80990.50 227.28 237.77
 -80890.45 227.10 237.21
 -80790.40 226.93 236.66
 -80690.35 226.75 236.12
 -80590.30 226.56 235.58
 -80490.25 226.38 235.05
 -80390.20 226.19 234.53
 -80290.15 226.00 234.01
 -80190.10 225.81 233.50
 -80090.05 225.61 232.99
 -79989.99 225.41 232.49
 -79889.94 225.21 232.00
 -79789.89 225.01 231.51
 -79689.84 224.80 231.02
 -79589.79 224.60 230.54
 -79489.74 224.39 230.07
 -79389.69 224.17 229.60
 -79289.64 223.96 229.14
 -79189.59 223.74 228.68
 -79089.54 223.52 228.22
 -78989.49 223.30 227.78
 -78889.44 223.07 227.33
 -78789.39 222.85 226.89
 -78689.34 222.62 226.46
 -78589.29 222.39 226.03
 -78489.24 222.15 225.60
 -78389.19 221.92 225.18
 -78289.14 221.68 224.76
 -78189.09 221.44 224.35
 -78089.04 221.20 223.94
 -77988.99 220.96 223.53
 -77888.94 220.71 223.13
 -77788.89 220.47 222.73
 -77688.84 220.22 222.34
 -77588.79 219.97 221.95
 -77488.74 219.72 221.56
 -77388.69 219.46 221.18
 -77288.64 219.21 220.80
 -77188.59 218.95 220.43
 -77088.54 218.69 220.06
 -76988.49 218.43 219.69
 -76888.44 218.17 219.32
 -76788.39 217.90 218.96
 -76688.34 217.64 218.60
 -76588.29 217.37 218.25
 -76488.24 217.11 217.90
 -76388.19 216.84 217.55
 -76288.14 216.57 217.21
 -76188.09 216.29 216.86
 -76088.04 216.02 216.53
 -75987.99 215.75 216.19
 -75887.94 215.47 215.86
 -75787.89 215.19 215.53
 -75687.84 214.91 215.20
 -75587.79 214.63 214.88
 -75487.74 214.35 214.56
 -75387.69 214.07 214.24
 -75287.64 213.79 213.92
 -75187.59 213.51 213.61
 -75087.54 213.22 213.30
 -74987.49 212.94 212.99
 -74887.44 212.65 212.69
 -74787.39 212.36 212.38
 -74687.34 212.07 212.09
 -74587.29 211.78 211.79
 -74487.24 211.49 211.49
 -74387.19 211.20 211.20
 -74287.14 210.91 210.91
 -74187.09 210.62 210.62
 -74087.04 210.32 210.32
 -73986.99 210.03 210.03
 -73886.94 209.74 209.74
 -73786.89 209.44 209.44
 -73686.84 209.14 209.14
 -73586.79 208.85 208.85
 -73486.74 208.55 208.55
 -73386.69 208.25 208.25
 -73286.64 207.95 207.95
 -73186.59 207.66 207.66
 -73086.54 207.36 207.36
 -72986.49 207.06 207.06
 -72886.44 206.76 206.76
 -72786.39 206.46 206.46
 -72686.34 206.16 206.16
 -72586.29 205.86 205.86
 -72486.24 205.55 205.55
 -72386.19 205.25 205.25
 -72286.14 204.95 204.95
 -72186.09 204.65 204.65
 -72086.04 204.35 204.35
 -71985.99 204.05 204.05
 -71885.94 203.74 203.74
 -71785.89 203.44 203.44
 -71685.84 203.14 203.14
 -71585.79 202.84 202.84
 -71485.74 202.53 202.53
 -71385.69 202.23 202.23
 -71285.64 201.93 201.93
 -71185.59 201.62 201.62
 -71085.54 201.32 201.32
 -70985.49 201.02 201.02
 -70885.44 200.72 200.72
 -70785.39 200.41 200.41
 -70685.34 200.11 200.11
 -70585.29 199.81 199.81
 -70485.24 199.51 199.51
 -70385.19 199.21 199.21
 -70285.14 198.90 198.90
 -70185.09 198.60 198.60
 -70085.04 198.30 198.30
 -69984.99 198.00 198.00
 -69884.94 197.70 197.70
 -69784.89 197.40 197.40
 -69684.84 197.10 197.10
 -69584.79 196.80 196.80
 -69484.74 196.50 196.50
 -69384.69 196.20 196.20
 -69284.64 195.91 195.91
 -69184.59 195.61 195.61
 -69084.54 195.31 195.31
 -68984.49 195.01 195.01
 -68884.44 194.72 194.72
 -68784.39 194.42 194.42
 -68684.34 194.13 194.13
 -68584.29 193.83 193.83
 -68484.24 193.54 193.54
 -68384.19 193.24 193.24
 -68284.14 192.95 192.95
 -68184.09 192.66 192.66
 -68084.04 192.36 192.36
 -67983.99 192.07 192.07
 -67883.94 191.78 191.78
 -67783.89 191.49 191.49
 -67683.84 191.20 191.20
 -67583.79 190.92 190.92
 -67483.74 190.63 190.63
 -67383.69 190.34 190.34
 -67283.64 190.05 190.05
 -67183.59 189.77 189.77
 -67083.54 189.48 189.48
 -66983.49 189.20 189.20
 -66883.44 188.92 188.92
 -66783.39 188.63 188.63
 -66683.34 188.35 188.35
 -66583.29 188.07 188.07
 -66483.24 187.79 187.79
 -66383.19 187.51 187.51
 -66283.14 187.23 187.23
 -66183.09 186.96 186.96
 -66083.04 186.68 186.68
 -65982.99 186.41 186.41
 -65882.94 186.13 186.13
 -65782.89 185.86 185.86
 -65682.84 185.59 185.59
 -65582.79 185.31 185.31
 -65482.74 185.04 185.04
 -65382.69 184.77 184.77
 -65282.64 184.50 184.50
 -65182.59 184.24 184.24
 -65082.54 183.97 183.97
 -64982.49 183.70 183.70
 -64882.44 183.44 183.44
 -64782.39 183.18 183.18
 -64682.34 182.91 182.91
 -64582.29 182.65 182.65
 -64482.24 182.39 182.39
 -64382.19 182.13 182.13
 -64282.14 181.88 181.88
 -64182.09 181.62 181.62
 -64082.04 181.36 181.36
 -63981.99 181.11 181.11
 -63881.94 180.85 180.85
 -63781.89 180.60 180.60
 -63681.84 180.35 180.35
 -63581.79 180.10 180.10
 -63481.74 179.85 179.85
 -63381.69 179.60 179.60
 -63281.64 179.35 179.35
 -63181.59 179.11 179.11
 -63081.54 178.86 178.86
 -62981.49 178.62 178.62
 -62881.44 178.38 178.38
 -62781.39 178.14 178.14
 -62681.34 177.90 177.90
 -62581.29 177.66 177.66
 -62481.24 177.42 177.42
 -62381.19 177.19 177.19
 -62281.14 176.95 176.95
 -62181.09 176.72 176.72
 -62081.04 176.48 176.48
 -61980.99 176.25 176.25
 -61880.94 176.02 176.02
 -61780.89 175.79 175.79
 -61680.84 175.57 175.57
 -61580.79 175.34 175.34
 -61480.74 175.11 175.11
 -61380.69 174.89 174.89
 -61280.64 174.67 174.67
 -61180.59 174.45 174.45
 -61080.54 174.23 174.23
 -60980.49 174.01 174.01
 -60880.44 173.79 173.79
 -60780.39 173.57 173.57
 -60680.34 173.36 173.36
 -60580.29 173.14 173.14
 -60480.24 172.93 172.93
 -60380.19 172.72 172.72
 -60280.14 172.51 172.51
 -60180.09 172.30 172.30
 -60080.04 172.09 172.09
 -59979.99 171.89 171.89
 -59879.94 171.68 171.68
 -59779.89 171.48 171.48
 -59679.84 171.28 171.28
 -59579.79 171.08 171.08
 -59479.74 170.88 170.88
 -59379.69 170.68 170.68
 -59279.64 170.48 170.48
 -59179.59 170.28 170.28
 -59079.54 170.09 170.09
 -58979.49 169.90 169.90
 -58879.44 169.70 169.70
 -58779.39 169.51 169.51
 -58679.34 169.32 169.32
 -58579.29 169.14 169.14
 -58479.24 168.95 168.95
 -58379.19 168.76 168.76
 -58279.14 168.58 168.58
 -58179.09 168.40 168.40
 -58079.04 168.21 168.21
 -57978.99 168.03 168.03
 -57878.94 167.85 167.85
 -57778.89 167.68 167.68
 -57678.84 167.50 167.50
 -57578.79 167.32 167.32
 -57478.74 167.15 167.15
 -57378.69 166.98 166.98
 -57278.64 166.80 166.80
 -57178.59 166.63 166.63
 -57078.54 166.46 166.46
 -56978.49 166.30 166.30
 -56878.44 166.13 166.13
 -56778.39 165.96 165.96
 -56678.34 165.80 165.80
 -56578.29 165.64 165.64
 -56478.24 165.47 165.47
 -56378.19 165.31 165.31
 -56278.14 165.15 165.15
 -56178.09 164.99 164.99
 -56078.04 164.84 164.84
 -55977.99 164.68 164.68
 -55877.94 164.53 164.53
 -55777.89 164.37 164.37
 -55677.84 164.22 164.22
 -55577.79 164.07 164.07
 -55477.74 163.92 163.92
 -55377.69 163.77 163.77
 -55277.64 163.63 163.63
 -55177.59 163.48 163.48
 -55077.54 163.33 163.33
 -54977.49 163.19 163.19
 -54877.44 163.05 163.05
 -54777.39 162.91 162.91
 -54677.34 162.77 162.77
 -54577.29 162.63 162.63
 -54477.24 162.49 162.49
 -54377.19 162.35 162.35
 -54277.14 162.22 162.22
 -54177.09 162.08 162.08
 -54077.04 161.95 161.95
 -53976.99 161.82 161.82
 -53876.94 161.69 161.69
 -53776.89 161.56 161.56
 -53676.84 161.43 161.43
 -53576.79 161.30 161.30
 -53476.74 161.17 161.17
 -53376.69 161.05 161.05
 -53276.64 160.92 160.92
 -53176.59 160.80 160.80
 -53076.54 160.68 160.68
 -52976.49 160.55 160.55
 -52876.44 160.43 160.43
 -52776.39 160.32 160.32
 -52676.34 160.20 160.20
 -52576.29 160.08 160.08
 -52476.24 159.97 159.97
 -52376.19 159.85 159.85
 -52276.14 159.74 159.74
 -52176.09 159.62 159.62
 -52076.04 159.51 159.51
 -51975.99 159.40 159.40
 -51875.94 159.29 159.29
 -51775.89 159.18 159.18
 -51675.84 159.08 159.08
 -51575.79 158.97 158.97
 -51475.74 158.86 158.86
 -51375.69 158.76 158.76
 -51275.64 158.66 158.66
 -51175.59 158.55 158.55
 -51075.54 158.45 158.45
 -50975.49 158.35 158.35
 -50875.44 158.25 158.25
 -50775.39 158.15 158.15
 -50675.34 158.05 158.05
 -50575.29 157.96 157.96
 -50475.24 157.86 157.86
 -50375.19 157.77 157.77
 -50275.14 157.67 157.67
 -50175.09 157.58 157.58
 -50075.04 157.49 157.49
 -49974.99 157.40 157.40
 -49874.94 157.31 157.31
 -49774.89 157.22 157.22
 -49674.84 157.13 157.13
 -49574.79 157.04 157.04
 -49474.74 156.95 156.95
 -49374.69 156.87 156.87
 -49274.64 156.78 156.78
 -49174.59 156.70 156.70
 -49074.54 156.62 156.62
 -48974.49 156.53 156.53
 -48874.44 156.45 156.45
 -48774.39 156.37 156.37
 -48674.34 156.29 156.29
 -48574.29 156.21 156.21
 -48474.24 156.13 156.13
 -48374.19 156.06 156.06
 -48274.14 155.98 155.98
 -48174.09 155.90 155.90
 -48074.04 155.83 155.83
 -47973.99 155.76 155.76
 -47873.94 155.68 155.68
 -47773.89 155.61 155.61
 -47673.84 155.54 155.54
 -47573.79 155.47 155.47
 -47473.74 155.40 155.40
 -47373.69 155.33 155.33
 -47273.64 155.26 155.26
 -47173.59 155.19 155.19
 -47073.54 155.12 155.12
 -46973.49 155.06 155.06
 -46873.44 154.99 154.99
 -46773.39 154.92 154.92
 -46673.34 154.86 154.86
 -46573.29 154.80 154.80
 -46473.24 154.73 154.73
 -46373.19 154.67 154.67
 -46273.14 154.61 154.61
 -46173.09 154.55 154.55
 -46073.04 154.49 154.49
 -45972.99 154.43 154.43
 -45872.94 154.37 154.37
 -45772.89 154.31 154.31
 -45672.84 154.25 154.25
 -45572.79 154.20 154.20
 -45472.74 154.14 154.14
 -45372.69 154.09 154.09
 -45272.64 154.03 154.03
 -45172.59 153.98 153.98
 -45072.54 153.92 153.92
 -44972.49 153.87 153.87
 -44872.44 153.82 153.82
 -44772.39 153.77 153.77
 -44672.34 153.71 153.71
 -44572.29 153.66 153.66
 -44472.24 153.61 153.61
 -44372.19 153.56 153.56
 -44272.14 153.52 153.52
 -44172.09 153.47 153.47
 -44072.04 153.42 153.42
 -43971.99 153.37 153.37
 -43871.94 153.33 153.33
 -43771.89 153.28 153.28
 -43671.84 153.23 153.23
 -43571.79 153.19 153.19
 -43471.74 153.15 153.15
 -43371.69 153.10 153.10
 -43271.64 153.06 153.06
 -43171.59 153.02 153.02
 -43071.54 152.97 152.97
 -42971.49 152.93 152.93
 -42871.44 152.89 152.89
 -42771.39 152.85 152.85
 -42671.34 152.81 152.81
 -42571.29 152.77 152.77
 -42471.24 152.73 152.73
 -42371.19 152.69 152.69
 -42271.14 152.65 152.65
 -42171.09 152.62 152.62
 -42071.04 152.58 152.58
 -41970.99 152.54 152.54
 -41870.94 152.50 152.50
 -41770.89 152.47 152.47
 -41670.84 152.43 152.43
 -41570.79 152.40 152.40
 -41470.74 152.36 152.36
 -41370.69 152.33 152.33
 -41270.64 152.30 152.30
 -41170.59 152.26 152.26
 -41070.54 152.23 152.23
 -40970.49 152.20 152.20
 -40870.44 152.17 152.17
 -40770.39 152.13 152.13
 -40670.34 152.10 152.10
 -40570.29 152.07 152.07
 -40470.24 152.04 152.04
 -40370.19 152.01 152.01
 -40270.14 151.98 151.98
 -40170.09 151.95 151.95
 -40070.04 151.92 151.92
 -39969.98 151.90 151.90
 -39869.93 151.87 151.87
 -39769.88 151.84 151.84
 -39669.83 151.81 151.81
 -39569.78 151.79 151.79
 -39469.73 151.76 151.76
 -39369.68 151.73 151.73
 -39269.63 151.71 151.71
 -39169.58 151.68 151.68
 -39069.53 151.66 151.66
 -38969.48 151.63 151.63
 -38869.43 151.61 151.61
 -38769.38 151.58 151.58
 -38669.33 151.56 151.56
 -38569.28 151.53 151.53
 -38469.23 151.51 151.51
 -38369.18 151.49 151.49
 -38269.13 151.47 151.47
 -38169.08 151.44 151.44
 -38069.03 151.42 151.42
 -37968.98 151.40 151.40
 -37868.93 151.38 151.38
 -37768.88 151.36 151.36
 -37668.83 151.34 151.34
 -37568.78 151.32 151.32
 -37468.73 151.30 151.30
 -37368.68 151.28 151.28
 -37268.63 151.26 151.26
 -37168.58 151.24 151.24
 -37068.53 151.22 151.22
 -36968.48 151.20 151.20
 -36868.43 151.18 151.18
 -36768.38 151.16 151.16
 -36668.33 151.14 151.14
 -36568.28 151.13 151.13
 -36468.23 151.11 151.11
 -36368.18 151.09 151.09
 -36268.13 151.07 151.07
 -36168.08 151.06 151.06
 -36068.03 151.04 151.04
 -35967.98 151.02 151.02
 -35867.93 151.01 151.01
 -35767.88 150.99 150.99
 -35667.83 150.98 150.98
 -35567.78 150.96 150.96
 -35467.73 150.95 150.95
 -35367.68 150.93 150.93
 -35267.63 150.92 150.92
 -35167.58 150.90 150.90
 -35067.53 150.89 150.89
 -34967.48 150.87 150.87
 -34867.43 150.86 150.86
 -34767.38 150.84 150.84
 -34667.33 150.83 150.83
 -34567.28 150.82 150.82
 -34467.23 150.80 150.80
 -34367.18 150.79 150.79
 -34267.13 150.78 150.78
 -34167.08 150.77 150.77
 -34067.03 150.75 150.75
 -33966.98 150.74 150.74
 -33866.93 150.73 150.73
 -33766.88 150.72 150.72
 -33666.83 150.71 150.71
 -33566.78 150.69 150.69
 -33466.73 150.68 150.68
 -33366.68 150.67 150.67
 -33266.63 150.66 150.66
 -33166.58 150.65 150.65
 -33066.53 150.64 150.64
 -32966.48 150.63 150.63
 -32866.43 150.62 150.62
 -32766.38 150.61 150.61
 -32666.33 150.60 150.60
 -32566.28 150.59 150.59
 -32466.23 150.58 150.58
 -32366.18 150.57 150.57
 -32266.13 150.56 150.56
 -32166.08 150.55 150.55
 -32066.03 150.54 150.54
 -31965.98 150.53 150.53
 -31865.93 150.52 150.52
 -31765.88 150.51 150.51
 -31665.83 150.51 150.51
 -31565.78 150.50 150.50
 -31465.73 150.49 150.49
 -31365.68 150.48 150.48
 -31265.63 150.47 150.47
 -31165.58 150.47 150.47
 -31065.53 150.46 150.46
 -30965.48 150.45 150.45
 -30865.43 150.44 150.44
 -30765.38 150.43 150.43
 -30665.33 150.43 150.43
 -30565.28 150.42 150.42
 -30465.23 150.41 150.41
 -30365.18 150.41 150.41
 -30265.13 150.40 150.40
 -30165.08 150.39 150.39
 -30065.03 150.39 150.39
 -29964.98 150.38 150.38
 -29864.93 150.37 150.37
 -29764.88 150.37 150.37
 -29664.83 150.36 150.36
 -29564.78 150.35 150.35
 -29464.73 150.35 150.35
 -29364.68 150.34 150.34
 -29264.63 150.34 150.34
 -29164.58 150.33 150.33
 -29064.53 150.32 150.32
 -28964.48 150.32 150.32
 -28864.43 150.31 150.31
 -28764.38 150.31 150.31
 -28664.33 150.30 150.30
 -28564.28 150.30 150.30
 -28464.23 150.29 150.29
 -28364.18 150.29 150.29
 -28264.13 150.28 150.28
 -28164.08 150.28 150.28
 -28064.03 150.27 150.27
 -27963.98 150.27 150.27
 -27863.93 150.26 150.26
 -27763.88 150.26 150.26
 -27663.83 150.25 150.25
 -27563.78 150.25 150.25
 -27463.73 150.25 150.25
 -27363.68 150.24 150.24
 -27263.63 150.24 150.24
 -27163.58 150.23 150.23
 -27063.53 150.23 150.23
 -26963.48 150.22 150.22
 -26863.43 150.22 150.22
 -26763.38 150.22 150.22
 -26663.33 150.21 150.21
 -26563.28 150.21 150.21
 -26463.23 150.21 150.21
 -26363.18 150.20 150.20
 -26263.13 150.20 150.20
 -26163.08 150.19 150.19
 -26063.03 150.19 150.19
 -25962.98 150.19 150.19
 -25862.93 150.18 150.18
 -25762.88 150.18 150.18
 -25662.83 150.18 150.18
 -25562.78 150.17 150.17
 -25462.73 150.17 150.17
 -25362.68 150.17 150.17
 -25262.63 150.17 150.17
 -25162.58 150.16 150.16
 -25062.53 150.16 150.16
 -24962.48 150.16 150.16
 -24862.43 150.15 150.15
 -24762.38 150.15 150.15
 -24662.33 150.15 150.15
 -24562.28 150.15 150.15
 -24462.23 150.14 150.14
 -24362.18 150.14 150.14
 -24262.13 150.14 150.14
 -24162.08 150.14 150.14
 -24062.03 150.13 150.13
 -23961.98 150.13 150.13
 -23861.93 150.13 150.13
 -23761.88 150.13 150.13
 -23661.83 150.12 150.12
 -23561.78 150.12 150.12
 -23461.73 150.12 150.12
 -23361.68 150.12 150.12
 -23261.63 150.12 150.12
 -23161.58 150.11 150.11
 -23061.53 150.11 150.11
 -22961.48 150.11 150.11
 -22861.43 150.11 150.11
 -22761.38 150.11 150.11
 -22661.33 150.10 150.10
 -22561.28 150.10 150.10
 -22461.23 150.10 150.10
 -22361.18 150.10 150.10
 -22261.13 150.10 150.10
 -22161.08 150.09 150.09
 -22061.03 150.09 150.09
 -21960.98 150.09 150.09
 -21860.93 150.09 150.09
 -21760.88 150.09 150.09
 -21660.83 150.09 150.09
 -21560.78 150.08 150.08
 -21460.73 150.08 150.08
 -21360.68 150.08 150.08
 -21260.63 150.08 150.08
 -21160.58 150.08 150.08
 -21060.53 150.08 150.08
 -20960.48 150.08 150.08
 -20860.43 150.07 150.07
 -20760.38 150.07 150.07
 -20660.33 150.07 150.07
 -20560.28 150.07 150.07
 -20460.23 150.07 150.07
 -20360.18 150.07 150.07
 -20260.13 150.07 150.07
 -20160.08 150.07 150.07
 -20060.03 150.06 150.06
 -19959.98 150.06 150.06
 -19859.93 150.06 150.06
 -19759.88 150.06 150.06
 -19659.83 150.06 150.06
 -19559.78 150.06 150.06
 -19459.73 150.06 150.06
 -19359.68 150.06 150.06
 -19259.63 150.05 150.05
 -19159.58 150.05 150.05
 -19059.53 150.05 150.05
 -18959.48 150.05 150.05
 -18859.43 150.05 150.05
 -18759.38 150.05 150.05
 -18659.33 150.05 150.05
 -18559.28 150.05 150.05
 -18459.23 150.05 150.05
 -18359.18 150.05 150.05
 -18259.13 150.05 150.05
 -18159.08 150.04 150.04
 -18059.03 150.04 150.04
 -17958.98 150.04 150.04
 -17858.93 150.04 150.04
 -17758.88 150.04 150.04
 -17658.83 150.04 150.04
 -17558.78 150.04 150.04
 -17458.73 150.04 150.04
 -17358.68 150.04 150.04
 -17258.63 150.04 150.04
 -17158.58 150.04 150.04
 -17058.53 150.04 150.04
 -16958.48 150.04 150.04
 -16858.43 150.04 150.04
 -16758.38 150.03 150.03
 -16658.33 150.03 150.03
 -16558.28 150.03 150.03
 -16458.23 150.03 150.03
 -16358.18 150.03 150.03
 -16258.13 150.03 150.03
 -16158.08 150.03 150.03
 -16058.03 150.03 150.03
 -15957.98 150.03 150.03
 -15857.93 150.03 150.03
 -15757.88 150.03 150.03
 -15657.83 150.03 150.03
 -15557.78 150.03 150.03
 -15457.73 150.03 150.03
 -15357.68 150.03 150.03
 -15257.63 150.03 150.03
 -15157.58 150.03 150.03
 -15057.53 150.03 150.03
 -14957.48 150.02 150.02
 -14857.43 150.02 150.02
 -14757.38 150.02 150.02
 -14657.33 150.02 150.02
 -14557.28 150.02 150.02
 -14457.23 150.02 150.02
 -14357.18 150.02 150.02
 -14257.13 150.02 150.02
 -14157.08 150.02 150.02
 -14057.03 150.02 150.02
 -13956.98 150.02 150.02
 -13856.93 150.02 150.02
 -13756.88 150.02 150.02
 -13656.83 150.02 150.02
 -13556.78 150.02 150.02
 -13456.73 150.02 150.02
 -13356.68 150.02 150.02
 -13256.63 150.02 150.02
 -13156.58 150.02 150.02
 -13056.53 150.02 150.02
 -12956.48 150.02 150.02
 -12856.43 150.02 150.02
 -12756.38 150.02 150.02
 -12656.33 150.02 150.02
 -12556.28 150.02 150.02
 -12456.23 150.02 150.02
 -12356.18 150.02 150.02
 -12256.13 150.02 150.02
 -12156.08 150.01 150.01
 -12056.03 150.01 150.01
 -11955.98 150.01 150.01
 -11855.93 150.01 150.01
 -11755.88 150.01 150.01
 -11655.83 150.01 150.01
 -11555.78 150.01 150.01
 -11455.73 150.01 150.01
 -11355.68 150.01 150.01
 -11255.63 150.01 150.01
 -11155.58 150.01 150.01
 -11055.53 150.01 150.01
 -10955.48 150.01 150.01
 -10855.43 150.01 150.01
 -10755.38 150.01 150.01
 -10655.33 150.01 150.01
 -10555.28 150.01 150.01
 -10455.23 150.01 150.01
 -10355.18 150.01 150.01
 -10255.13 150.01 150.01
 -10155.08 150.01 150.01
 -10055.03 150.01 150.01
  -9954.98 150.01 150.01
  -9854.93 150.01 150.01
  -9754.88 150.01 150.01
  -9654.83 150.01 150.01
  -9554.78 150.01 150.01
  -9454.73 150.01 150.01
  -9354.68 150.01 150.01
  -9254.63 150.01 150.01
  -9154.58 150.01 150.01
  -9054.53 150.01 150.01
  -8954.48 150.01 150.01
  -8854.43 150.01 150.01
  -8754.38 150.01 150.01
  -8654.33 150.01 150.01
  -8554.28 150.01 150.01
  -8454.23 150.01 150.01
  -8354.18 150.01 150.01
  -8254.13 150.01 150.01
  -8154.08 150.01 150.01
  -8054.03 150.01 150.01
  -7953.98 150.01 150.01
  -7853.93 150.01 150.01
  -7753.88 150.01 150.01
  -7653.83 150.01 150.01
  -7553.78 150.01 150.01
  -7453.73 150.01 150.01
  -7353.68 150.01 150.01
  -7253.63 150.01 150.01
  -7153.58 150.01 150.01
  -7053.53 150.01 150.01
  -6953.48 150.01 150.01
  -6853.43 150.01 150.01
  -6753.38 150.01 150.01
  -6653.33 150.01 150.01
  -6553.28 150.01 150.01
  -6453.23 150.01 150.01
  -6353.18 150.01 150.01
  -6253.13 150.01 150.01
  -6153.08 150.01 150.01
  -6053.03 150.01 150.01
  -5952.98 150.01 150.01
  -5852.93 150.01 150.01
  -5752.88 150.01 150.01
  -5652.83 150.01 150.01
  -5552.78 150.01 150.01
  -5452.73 150.01 150.01
  -5352.68 150.01 150.01
  -5252.63 150.01 150.01
  -5152.58 150.01 150.01
  -5052.53 150.00 150.00
  -4952.48 150.00 150.00
  -4852.43 150.00 150.00
  -4752.38 150.00 150.00
  -4652.33 150.00 150.00
  -4552.28 150.00 150.00
  -4452.23 150.00 150.00
  -4352.18 150.00 150.00
  -4252.13 150.00 150.00
  -4152.08 150.00 150.00
  -4052.03 150.00 150.00
  -3951.98 150.00 150.00
  -3851.93 150.00 150.00
  -3751.88 150.00 150.00
  -3651.83 150.00 150.00
  -3551.78 150.00 150.00
  -3451.73 150.00 150.00
  -3351.68 150.00 150.00
  -3251.63 150.00 150.00
  -3151.58 150.00 150.00
  -3051.53 150.00 150.00
  -2951.48 150.00 150.00
  -2851.43 150.00 150.00
  -2751.38 150.00 150.00
  -2651.33 150.00 150.00
  -2551.28 150.00 150.00
  -2451.23 150.00 150.00
  -2351.18 150.00 150.00
  -2251.13 150.00 150.00
  -2151.08 150.00 150.00
  -2051.03 150.00 150.00
  -1950.98 150.00 150.00
  -1850.93 150.00 150.00
  -1750.88 150.00 150.00
  -1650.83 150.00 150.00
  -1550.78 150.00 150.00
  -1450.73 150.00 150.00
  -1350.68 150.00 150.00
  -1250.63 150.00 150.00
  -1150.58 150.00 150.00
  -1050.53 150.00 150.00
   -950.48 150.00 150.00
   -850.43 150.00 150.00
   -750.38 150.00 150.00
   -650.33 150.00 150.00
   -550.28 150.00 150.00
   -450.23 150.00 150.00
   -350.18 150.00 150.00
   -250.13 150.00 150.00
   -150.08 150.00 150.00
    -50.03 150.00 150.00
     50.03 150.00 150.00
    150.08 150.00 150.00
    250.13 150.00 150.00
    350.18 150.00 150.00
    450.23 150.00 150.00
    550.28 150.00 150.00
    650.33 150.00 150.00
    750.38 150.00 150.00
    850.43 150.00 150.00
    950.48 150.00 150.00
   1050.53 150.00 150.00
   1150.58 150.00 150.00
   1250.63 150.00 150.00
   1350.68 150.00 150.00
   1450.73 150.00 150.00
   1550.78 150.00 150.00
   1650.83 150.00 150.00
   1750.88 150.00 150.00
   1850.93 150.00 150.00
   1950.98 150.00 150.00
   2051.03 150.00 150.00
   2151.08 150.00 150.00
   2251.13 150.00 150.00
   2351.18 150.00 150.00
   2451.23 150.00 150.00
   2551.28 150.00 150.00
   2651.33 150.00 150.00
   2751.38 150.00 150.00
   2851.43 150.00 150.00
   2951.48 150.00 150.00
   3051.53 150.00 150.00
   3151.58 150.00 150.00
   3251.63 150.00 150.00
   3351.68 150.00 150.00
   3451.73 150.00 150.00
   3551.78 150.00 150.00
   3651.83 150.00 150.00
   3751.88 150.00 150.00
   3851.93 150.00 150.00
   3951.98 150.00 150.00
   4052.03 150.00 150.00
   4152.08 150.00 150.00
   4252.13 150.00 150.00
   4352.18 150.00 150.00
   4452.23 150.00 150.00
   4552.28 150.00 150.00
   4652.33 150.00 150.00
   4752.38 150.00 150.00
   4852.43 150.00 150.00
   4952.48 150.00 150.00
   5052.53 150.00 150.00
   5152.58 150.01 150.01
   5252.63 150.01 150.01
   5352.68 150.01 150.01
   5452.73 150.01 150.01
   5552.78 150.01 150.01
   5652.83 150.01 150.01
   5752.88 150.01 150.01
   5852.93 150.01 150.01
   5952.98 150.01 150.01
   6053.03 150.01 150.01
   6153.08 150.01 150.01
   6253.13 150.01 150.01
   6353.18 150.01 150.01
   6453.23 150.01 150.01
   6553.28 150.01 150.01
   6653.33 150.01 150.01
   6753.38 150.01 150.01
   6853.43 150.01 150.01
   6953.48 150.01 150.01
   7053.53 150.01 150.01
   7153.58 150.01 150.01
   7253.63 150.01 150.01
   7353.68 150.01 150.01
   7453.73 150.01 150.01
   7553.78 150.01 150.01
   7653.83 150.01 150.01
   7753.88 150.01 150.01
   7853.93 150.01 150.01
   7953.98 150.01 150.01
   8054.03 150.01 150.01
   8154.08 150.01 150.01
   8254.13 150.01 150.01
   8354.18 150.01 150.01
   8454.23 150.01 150.01
   8554.28 150.01 150.01
   8654.33 150.01 150.01
   8754.38 150.01 150.01
   8854.43 150.01 150.01
   8954.48 150.01 150.01
   9054.53 150.01 150.01
   9154.58 150.01 150.01
   9254.63 150.01 150.01
   9354.68 150.01 150.01
   9454.73 150.01 150.01
   9554.78 150.01 150.01
   9654.83 150.01 150.01
   9754.88 150.01 150.01
   9854.93 150.01 150.01
   9954.98 150.01 150.01
  10055.03 150.01 150.01
  10155.08 150.01 150.01
  10255.13 150.01 150.01
  10355.18 150.01 150.01
  10455.23 150.01 150.01
  10555.28 150.01 150.01
  10655.33 150.01 150.01
  10755.38 150.01 150.01
  10855.43 150.01 150.01
  10955.48 150.01 150.01
  11055.53 150.01 150.01
  11155.58 150.01 150.01
  11255.63 150.01 150.01
  11355.68 150.01 150.01
  11455.73 150.01 150.01
  11555.78 150.01 150.01
  11655.83 150.01 150.01
  11755.88 150.01 150.01
  11855.93 150.01 150.01
  11955.98 150.01 150.01
  12056.03 150.01 150.01
  12156.08 150.01 150.01
  12256.13 150.02 150.02
  12356.18 150.02 150.02
  12456.23 150.02 150.02
  12556.28 150.02 150.02
  12656.33 150.02 150.02
  12756.38 150.02 150.02
  12856.43 150.02 150.02
  12956.48 150.02 150.02
  13056.53 150.02 150.02
  13156.58 150.02 150.02
  13256.63 150.02 150.02
  13356.68 150.02 150.02
  13456.73 150.02 150.02
  13556.78 150.02 150.02
  13656.83 150.02 150.02
  13756.88 150.02 150.02
  13856.93 150.02 150.02
  13956.98 150.02 150.02
  14057.03 150.02 150.02
  14157.08 150.02 150.02
  14257.13 150.02 150.02
  14357.18 150.02 150.02
  14457.23 150.02 150.02
  14557.28 150.02 150.02
  14657.33 150.02 150.02
  14757.38 150.02 150.02
  14857.43 150.02 150.02
  14957.48 150.02 150.02
  15057.53 150.03 150.03
  15157.58 150.03 150.03
  15257.63 150.03 150.03
  15357.68 150.03 150.03
  15457.73 150.03 150.03
  15557.78 150.03 150.03
  15657.83 150.03 150.03
  15757.88 150.03 150.03
  15857.93 150.03 150.03
  15957.98 150.03 150.03
  16058.03 150.03 150.03
  16158.08 150.03 150.03
  16258.13 150.03 150.03
  16358.18 150.03 150.03
  16458.23 150.03 150.03
  16558.28 150.03 150.03
  16658.33 150.03 150.03
  16758.38 150.03 150.03
  16858.43 150.04 150.04
  16958.48 150.04 150.04
  17058.53 150.04 150.04
  17158.58 150.04 150.04
  17258.63 150.04 150.04
  17358.68 150.04 150.04
  17458.73 150.04 150.04
  17558.78 150.04 150.04
  17658.83 150.04 150.04
  17758.88 150.04 150.04
  17858.93 150.04 150.04
  17958.98 150.04 150.04
  18059.03 150.04 150.04
  18159.08 150.04 150.04
  18259.13 150.05 150.05
  18359.18 150.05 150.05
  18459.23 150.05 150.05
  18559.28 150.05 150.05
  18659.33 150.05 150.05
  18759.38 150.05 150.05
  18859.43 150.05 150.05
  18959.48 150.05 150.05
  19059.53 150.05 150.05
  19159.58 150.05 150.05
  19259.63 150.05 150.05
  19359.68 150.06 150.06
  19459.73 150.06 150.06
  19559.78 150.06 150.06
  19659.83 150.06 150.06
  19759.88 150.06 150.06
  19859.93 150.06 150.06
  19959.98 150.06 150.06
  20060.03 150.06 150.06
  20160.08 150.07 150.07
  20260.13 150.07 150.07
  20360.18 150.07 150.07
  20460.23 150.07 150.07
  20560.28 150.07 150.07
  20660.33 150.07 150.07
  20760.38 150.07 150.07
  20860.43 150.07 150.07
  20960.48 150.08 150.08
  21060.53 150.08 150.08
  21160.58 150.08 150.08
  21260.63 150.08 150.08
  21360.68 150.08 150.08
  21460.73 150.08 150.08
  21560.78 150.08 150.08
  21660.83 150.09 150.09
  21760.88 150.09 150.09
  21860.93 150.09 150.09
  21960.98 150.09 150.09
  22061.03 150.09 150.09
  22161.08 150.09 150.09
  22261.13 150.10 150.10
  22361.18 150.10 150.10
  22461.23 150.10 150.10
  22561.28 150.10 150.10
  22661.33 150.10 150.10
  22761.38 150.11 150.11
  22861.43 150.11 150.11
  22961.48 150.11 150.11
  23061.53 150.11 150.11
  23161.58 150.11 150.11
  23261.63 150.12 150.12
  23361.68 150.12 150.12
  23461.73 150.12 150.12
  23561.78 150.12 150.12
  23661.83 150.12 150.12
  23761.88 150.13 150.13
  23861.93 150.13 150.13
  23961.98 150.13 150.13
  24062.03 150.13 150.13
  24162.08 150.14 150.14
  24262.13 150.14 150.14
  24362.18 150.14 150.14
  24462.23 150.14 150.14
  24562.28 150.15 150.15
  24662.33 150.15 150.15
  24762.38 150.15 150.15
  24862.43 150.15 150.15
  24962.48 150.16 150.16
  25062.53 150.16 150.16
  25162.58 150.16 150.16
  25262.63 150.17 150.17
  25362.68 150.17 150.17
  25462.73 150.17 150.17
  25562.78 150.17 150.17
  25662.83 150.18 150.18
  25762.88 150.18 150.18
  25862.93 150.18 150.18
  25962.98 150.19 150.19
  26063.03 150.19 150.19
  26163.08 150.19 150.19
  26263.13 150.20 150.20
  26363.18 150.20 150.20
  26463.23 150.21 150.21
  26563.28 150.21 150.21
  26663.33 150.21 150.21
  26763.38 150.22 150.22
  26863.43 150.22 150.22
  26963.48 150.22 150.22
  27063.53 150.23 150.23
  27163.58 150.23 150.23
  27263.63 150.24 150.24
  27363.68 150.24 150.24
  27463.73 150.25 150.25
  27563.78 150.25 150.25
  27663.83 150.25 150.25
  27763.88 150.26 150.26
  27863.93 150.26 150.26
  27963.98 150.27 150.27
  28064.03 150.27 150.27
  28164.08 150.28 150.28
  28264.13 150.28 150.28
  28364.18 150.29 150.29
  28464.23 150.29 150.29
  28564.28 150.30 150.30
  28664.33 150.30 150.30
  28764.38 150.31 150.31
  28864.43 150.31 150.31
  28964.48 150.32 150.32
  29064.53 150.32 150.32
  29164.58 150.33 150.33
  29264.63 150.34 150.34
  29364.68 150.34 150.34
  29464.73 150.35 150.35
  29564.78 150.35 150.35
  29664.83 150.36 150.36
  29764.88 150.37 150.37
  29864.93 150.37 150.37
  29964.98 150.38 150.38
  30065.03 150.39 150.39
  30165.08 150.39 150.39
  30265.13 150.40 150.40
  30365.18 150.41 150.41
  30465.23 150.41 150.41
  30565.28 150.42 150.42
  30665.33 150.43 150.43
  30765.38 150.43 150.43
  30865.43 150.44 150.44
  30965.48 150.45 150.45
  31065.53 150.46 150.46
  31165.58 150.47 150.47
  31265.63 150.47 150.47
  31365.68 150.48 150.48
  31465.73 150.49 150.49
  31565.78 150.50 150.50
  31665.83 150.51 150.51
  31765.88 150.51 150.51
  31865.93 150.52 150.52
  31965.98 150.53 150.53
  32066.03 150.54 150.54
  32166.08 150.55 150.55
  32266.13 150.56 150.56
  32366.18 150.57 150.57
  32466.23 150.58 150.58
  32566.28 150.59 150.59
  32666.33 150.60 150.60
  32766.38 150.61 150.61
  32866.43 150.62 150.62
  32966.48 150.63 150.63
  33066.53 150.64 150.64
  33166.58 150.65 150.65
  33266.63 150.66 150.66
  33366.68 150.67 150.67
  33466.73 150.68 150.68
  33566.78 150.69 150.69
  33666.83 150.71 150.71
  33766.88 150.72 150.72
  33866.93 150.73 150.73
  33966.98 150.74 150.74
  34067.03 150.75 150.75
  34167.08 150.77 150.77
  34267.13 150.78 150.78
  34367.18 150.79 150.79
  34467.23 150.80 150.80
  34567.28 150.82 150.82
  34667.33 150.83 150.83
  34767.38 150.84 150.84
  34867.43 150.86 150.86
  34967.48 150.87 150.87
  35067.53 150.89 150.89
  35167.58 150.90 150.90
  35267.63 150.92 150.92
  35367.68 150.93 150.93
  35467.73 150.95 150.95
  35567.78 150.96 150.96
  35667.83 150.98 150.98
  35767.88 150.99 150.99
  35867.93 151.01 151.01
  35967.98 151.02 151.02
  36068.03 151.04 151.04
  36168.08 151.06 151.06
  36268.13 151.07 151.07
  36368.18 151.09 151.09
  36468.23 151.11 151.11
  36568.28 151.13 151.13
  36668.33 151.14 151.14
  36768.38 151.16 151.16
  36868.43 151.18 151.18
  36968.48 151.20 151.20
  37068.53 151.22 151.22
  37168.58 151.24 151.24
  37268.63 151.26 151.26
  37368.68 151.28 151.28
  37468.73 151.30 151.30
  37568.78 151.32 151.32
  37668.83 151.34 151.34
  37768.88 151.36 151.36
  37868.93 151.38 151.38
  37968.98 151.40 151.40
  38069.03 151.42 151.42
  38169.08 151.44 151.44
  38269.13 151.47 151.47
  38369.18 151.49 151.49
  38469.23 151.51 151.51
  38569.28 151.53 151.53
  38669.33 151.56 151.56
  38769.38 151.58 151.58
  38869.43 151.61 151.61
  38969.48 151.63 151.63
  39069.53 151.66 151.66
  39169.58 151.68 151.68
  39269.63 151.71 151.71
  39369.68 151.73 151.73
  39469.73 151.76 151.76
  39569.78 151.79 151.79
  39669.83 151.81 151.81
  39769.88 151.84 151.84
  39869.93 151.87 151.87
  39969.98 151.90 151.90
  40070.04 151.92 151.92
  40170.09 151.95 151.95
  40270.14 151.98 151.98
  40370.19 152.01 152.01
  40470.24 152.04 152.04
  40570.29 152.07 152.07
  40670.34 152.10 152.10
  40770.39 152.13 152.13
  40870.44 152.17 152.17
  40970.49 152.20 152.20
  41070.54 152.23 152.23
  41170.59 152.26 152.26
  41270.64 152.30 152.30
  41370.69 152.33 152.33
  41470.74 152.36 152.36
  41570.79 152.40 152.40
  41670.84 152.43 152.43
  41770.89 152.47 152.47
  41870.94 152.50 152.50
  41970.99 152.54 152.54
  42071.04 152.58 152.58
  42171.09 152.62 152.62
  42271.14 152.65 152.65
  42371.19 152.69 152.69
  42471.24 152.73 152.73
  42571.29 152.77 152.77
  42671.34 152.81 152.81
  42771.39 152.85 152.85
  42871.44 152.89 152.89
  42971.49 152.93 152.93
  43071.54 152.97 152.97
  43171.59 153.02 153.02
  43271.64 153.06 153.06
  43371.69 153.10 153.10
  43471.74 153.15 153.15
  43571.79 153.19 153.19
  43671.84 153.23 153.23
  43771.89 153.28 153.28
  43871.94 153.33 153.33
  43971.99 153.37 153.37
  44072.04 153.42 153.42
  44172.09 153.47 153.47
  44272.14 153.52 153.52
  44372.19 153.56 153.56
  44472.24 153.61 153.61
  44572.29 153.66 153.66
  44672.34 153.71 153.71
  44772.39 153.77 153.77
  44872.44 153.82 153.82
  44972.49 153.87 153.87
  45072.54 153.92 153.92
  45172.59 153.98 153.98
  45272.64 154.03 154.03
  45372.69 154.09 154.09
  45472.74 154.14 154.14
  45572.79 154.20 154.20
  45672.84 154.25 154.25
  45772.89 154.31 154.31
  45872.94 154.37 154.37
  45972.99 154.43 154.43
  46073.04 154.49 154.49
  46173.09 154.55 154.55
  46273.14 154.61 154.61
  46373.19 154.67 154.67
  46473.24 154.73 154.73
  46573.29 154.80 154.80
  46673.34 154.86 154.86
  46773.39 154.92 154.92
  46873.44 154.99 154.99
  46973.49 155.06 155.06
  47073.54 155.12 155.12
  47173.59 155.19 155.19
  47273.64 155.26 155.26
  47373.69 155.33 155.33
  47473.74 155.40 155.40
  47573.79 155.47 155.47
  47673.84 155.54 155.54
  47773.89 155.61 155.61
  47873.94 155.68 155.68
  47973.99 155.76 155.76
  48074.04 155.83 155.83
  48174.09 155.90 155.90
  48274.14 155.98 155.98
  48374.19 156.06 156.06
  48474.24 156.13 156.13
  48574.29 156.21 156.21
  48674.34 156.29 156.29
  48774.39 156.37 156.37
  48874.44 156.45 156.45
  48974.49 156.53 156.53
  49074.54 156.62 156.62
  49174.59 156.70 156.70
  49274.64 156.78 156.78
  49374.69 156.87 156.87
  49474.74 156.95 156.95
  49574.79 157.04 157.04
  49674.84 157.13 157.13
  49774.89 157.22 157.22
  49874.94 157.31 157.31
  49974.99 157.40 157.40
  50075.04 157.49 157.49
  50175.09 157.58 157.58
  50275.14 157.67 157.67
  50375.19 157.77 157.77
  50475.24 157.86 157.86
  50575.29 157.96 157.96
  50675.34 158.05 158.05
  50775.39 158.15 158.15
  50875.44 158.25 158.25
  50975.49 158.35 158.35
  51075.54 158.45 158.45
  51175.59 158.55 158.55
  51275.64 158.66 158.66
  51375.69 158.76 158.76
  51475.74 158.86 158.86
  51575.79 158.97 158.97
  51675.84 159.08 159.08
  51775.89 159.18 159.18
  51875.94 159.29 159.29
  51975.99 159.40 159.40
  52076.04 159.51 159.51
  52176.09 159.62 159.62
  52276.14 159.74 159.74
  52376.19 159.85 159.85
  52476.24 159.97 159.97
  52576.29 160.08 160.08
  52676.34 160.20 160.20
  52776.39 160.32 160.32
  52876.44 160.43 160.43
  52976.49 160.55 160.55
  53076.54 160.68 160.68
  53176.59 160.80 160.80
  53276.64 160.92 160.92
  53376.69 161.05 161.05
  53476.74 161.17 161.17
  53576.79 161.30 161.30
  53676.84 161.43 161.43
  53776.89 161.56 161.56
  53876.94 161.69 161.69
  53976.99 161.82 161.82
  54077.04 161.95 161.95
  54177.09 162.08 162.08
  54277.14 162.22 162.22
  54377.19 162.35 162.35
  54477.24 162.49 162.49
  54577.29 162.63 162.63
  54677.34 162.77 162.77
  54777.39 162.91 162.91
  54877.44 163.05 163.05
  54977.49 163.19 163.19
  55077.54 163.33 163.33
  55177.59 163.48 163.48
  55277.64 163.63 163.63
  55377.69 163.77 163.77
  55477.74 163.92 163.92
  55577.79 164.07 164.07
  55677.84 164.22 164.22
  55777.89 164.37 164.37
  55877.94 164.53 164.53
  55977.99 164.68 164.68
  56078.04 164.84 164.84
  56178.09 164.99 164.99
  56278.14 165.15 165.15
  56378.19 165.31 165.31
  56478.24 165.47 165.47
  56578.29 165.64 165.64
  56678.34 165.80 165.80
  56778.39 165.96 165.96
  56878.44 166.13 166.13
  56978.49 166.30 166.30
  57078.54 166.46 166.46
  57178.59 166.63 166.63
  57278.64 166.80 166.80
  57378.69 166.98 166.98
  57478.74 167.15 167.15
  57578.79 167.32 167.32
  57678.84 167.50 167.50
  57778.89 167.68 167.68
  57878.94 167.85 167.85
  57978.99 168.03 168.03
  58079.04 168.21 168.21
  58179.09 168.40 168.40
  58279.14 168.58 168.58
  58379.19 168.76 168.76
  58479.24 168.95 168.95
  58579.29 169.14 169.14
  58679.34 169.32 169.32
  58779.39 169.51 169.51
  58879.44 169.70 169.70
  58979.49 169.90 169.90
  59079.54 170.09 170.09
  59179.59 170.28 170.28
  59279.64 170.48 170.48
  59379.69 170.68 170.68
  59479.74 170.88 170.88
  59579.79 171.08 171.08
  59679.84 171.28 171.28
  59779.89 171.48 171.48
  59879.94 171.68 171.68
  59979.99 171.89 171.89
  60080.04 172.09 172.09
  60180.09 172.30 172.30
  60280.14 172.51 172.51
  60380.19 172.72 172.72
  60480.24 172.93 172.93
  60580.29 173.14 173.14
  60680.34 173.36 173.36
  60780.39 173.57 173.57
  60880.44 173.79 173.79
  60980.49 174.01 174.01
  61080.54 174.23 174.23
  61180.59 174.45 174.45
  61280.64 174.67 174.67
  61380.69 174.89 174.89
  61480.74 175.11 175.11
  61580.79 175.34 175.34
  61680.84 175.57 175.57
  61780.89 175.79 175.79
  61880.94 176.02 176.02
  61980.99 176.25 176.25
  62081.04 176.48 176.48
  62181.09 176.72 176.72
  62281.14 176.95 176.95
  62381.19 177.19 177.19
  62481.24 177.42 177.42
  62581.29 177.66 177.66
  62681.34 177.90 177.90
  62781.39 178.14 178.14
  62881.44 178.38 178.38
  62981.49 178.62 178.62
  63081.54 178.86 178.86
  63181.59 179.11 179.11
  63281.64 179.35 179.35
  63381.69 179.60 179.60
  63481.74 179.85 179.85
  63581.79 180.10 180.10
  63681.84 180.35 180.35
  63781.89 180.60 180.60
  63881.94 180.85 180.85
  63981.99 181.11 181.11
  64082.04 181.36 181.36
  64182.09 181.62 181.62
  64282.14 181.88 181.88
  64382.19 182.13 182.13
  64482.24 182.39 182.39
  64582.29 182.65 182.65
  64682.34 182.91 182.91
  64782.39 183.18 183.18
  64882.44 183.44 183.44
  64982.49 183.70 183.70
  65082.54 183.97 183.97
  65182.59 184.24 184.24
  65282.64 184.50 184.50
  65382.69 184.77 184.77
  65482.74 185.04 185.04
  65582.79 185.31 185.31
  65682.84 185.59 185.59
  65782.89 185.86 185.86
  65882.94 186.13 186.13
  65982.99 186.41 186.41
  66083.04 186.68 186.68
  66183.09 186.96 186.96
  66283.14 187.23 187.23
  66383.19 187.51 187.51
  66483.24 187.79 187.79
  66583.29 188.07 188.07
  66683.34 188.35 188.35
  66783.39 188.63 188.63
  66883.44 188.92 188.92
  66983.49 189.20 189.20
  67083.54 189.48 189.48
  67183.59 189.77 189.77
  67283.64 190.05 190.05
  67383.69 190.34 190.34
  67483.74 190.63 190.63
  67583.79 190.92 190.92
  67683.84 191.20 191.20
  67783.89 191.49 191.49
  67883.94 191.78 191.78
  67983.99 192.07 192.07
  68084.04 192.36 192.36
  68184.09 192.66 192.66
  68284.14 192.95 192.95
  68384.19 193.24 193.24
  68484.24 193.54 193.54
  68584.29 193.83 193.83
  68684.34 194.13 194.13
  68784.39 194.42 194.42
  68884.44 194.72 194.72
  68984.49 195.01 195.01
  69084.54 195.31 195.31
  69184.59 195.61 195.61
  69284.64 195.91 195.91
  69384.69 196.20 196.20
  69484.74 196.50 196.50
  69584.79 196.80 196.80
  69684.84 197.10 197.10
  69784.89 197.40 197.40
  69884.94 197.70 197.70
  69984.99 198.00 198.00
  70085.04 198.30 198.30
  70185.09 198.60 198.60
  70285.14 198.90 198.90
  70385.19 199.21 199.21
  70485.24 199.51 199.51
  70585.29 199.81 199.81
  70685.34 200.11 200.11
  70785.39 200.41 200.41
  70885.44 200.72 200.72
  70985.49 201.02 201.02
  71085.54 201.32 201.32
  71185.59 201.62 201.62
  71285.64 201.93 201.93
  71385.69 202.23 202.23
  71485.74 202.53 202.53
  71585.79 202.84 202.84
  71685.84 203.14 203.14
  71785.89 203.44 203.44
  71885.94 203.74 203.74
  71985.99 204.05 204.05
  72086.04 204.35 204.35
  72186.09 204.65 204.65
  72286.14 204.95 204.95
  72386.19 205.25 205.25
  72486.24 205.55 205.55
  72586.29 205.86 205.86
  72686.34 206.16 206.16
  72786.39 206.46 206.46
  72886.44 206.76 206.76
  72986.49 207.06 207.06
  73086.54 207.36 207.36
  73186.59 207.66 207.66
  73286.64 207.95 207.95
  73386.69 208.25 208.25
  73486.74 208.55 208.55
  73586.79 208.85 208.85
  73686.84 209.14 209.14
  73786.89 209.44 209.44
  73886.94 209.74 209.74
  73986.99 210.03 210.03
  74087.04 210.32 210.32
  74187.09 210.62 210.62
  74287.14 210.91 210.91
  74387.19 211.20 211.20
  74487.24 211.49 211.49
  74587.29 211.78 211.79
  74687.34 212.07 212.09
  74787.39 212.36 212.38
  74887.44 212.65 212.69
  74987.49 212.94 212.99
  75087.54 213.22 213.30
  75187.59 213.51 213.61
  75287.64 213.79 213.92
  75387.69 214.07 214.24
  75487.74 214.35 214.56
  75587.79 214.63 214.88
  75687.84 214.91 215.20
  75787.89 215.19 215.53
  75887.94 215.47 215.86
  75987.99 215.75 216.19
  76088.04 216.02 216.53
  76188.09 216.29 216.86
  76288.14 216.57 217.21
  76388.19 216.84 217.55
  76488.24 217.11 217.90
  76588.29 217.37 218.25
  76688.34 217.64 218.60
  76788.39 217.90 218.96
  76888.44 218.17 219.32
  76988.49 218.43 219.69
  77088.54 218.69 220.06
  77188.59 218.95 220.43
  77288.64 219.21 220.80
  77388.69 219.46 221.18
  77488.74 219.72 221.56
  77588.79 219.97 221.95
  77688.84 220.22 222.34
  77788.89 220.47 222.73
  77888.94 220.71 223.13
  77988.99 220.96 223.53
  78089.04 221.20 223.94
  78189.09 221.44 224.35
  78289.14 221.68 224.76
  78389.19 221.92 225.18
  78489.24 222.15 225.60
  78589.29 222.39 226.03
  78689.34 222.62 226.46
  78789.39 222.85 226.89
  78889.44 223.07 227.33
  78989.49 223.30 227.78
  79089.54 223.52 228.22
  79189.59 223.74 228.68
  79289.64 223.96 229.14
  79389.69 224.17 229.60
  79489.74 224.39 230.07
  79589.79 224.60 230.54
  79689.84 224.80 231.02
  79789.89 225.01 231.51
  79889.94 225.21 232.00
  79989.99 225.41 232.49
  80090.05 225.61 232.99
  80190.10 225.81 233.50
  80290.15 226.00 234.01
  80390.20 226.19 234.53
  80490.25 226.38 235.05
  80590.30 226.56 235.58
  80690.35 226.75 236.12
  80790.40 226.93 236.66
  80890.45 227.10 237.21
  80990.50 227.28 237.77
  81090.55 227.45 238.33
  81190.60 227.62 238.90
  81290.65 227.78 239.47
  81390.70 227.94 240.06
  81490.75 228.10 240.65
  81590.80 228.26 241.25
  81690.85 228.41 241.85
  81790.90 228.56 242.46
  81890.95 228.71 243.09
  81991.00 228.85 243.71
  82091.05 228.99 244.35
  82191.10 229.13 245.00
  82291.15 229.26 245.65
  82391.20 229.39 246.32
  82491.25 229.52 246.99
  82591.30 229.64 247.67
  82691.35 229.76 248.36
  82791.40 229.88 249.06
  82891.45 229.99 249.77
  82991.50 230.10 250.49
  83091.55 230.21 251.22
  83191.60 230.31 251.96
  83291.65 230.41 252.71
  83391.70 230.51 253.47
  83491.75 230.60 254.24
  83591.80 230.69 255.03
  83691.85 230.77 255.82
  83791.90 230.85 256.63
  83891.95 230.93 257.45
  83992.00 231.00 258.29
  84092.05 231.07 259.13
  84192.10 231.14 259.99
  84292.15 231.20 260.86
  84392.20 231.26 261.75
  84492.25 231.31 262.65
  84592.30 231.36 263.56
  84692.35 231.41 264.49
  84792.40 231.45 265.44
  84892.45 231.48 266.40
  84992.50 231.52 267.38
  85092.55 231.55 268.37
  85192.60 231.57 269.38
  85292.65 231.59 270.41
  85392.70 231.61 271.45
  85492.75 231.62 272.52
  85592.80 231.63 273.60
  85692.85 231.63 274.70
  85792.90 231.63 275.82
  85892.95 231.63 276.96
  85993.00 231.62 278.13
  86093.05 231.61 279.31
  86193.10 231.59 280.52
  86293.15 231.57 281.75
  86393.20 231.54 283.00
  86493.25 231.51 284.27
  86593.30 231.47 285.57
  86693.35 231.43 286.90
  86793.40 231.39 288.25
  86893.45 231.34 289.63
  86993.50 231.28 291.03
  87093.55 231.22 292.47
  87193.60 231.16 293.93
  87293.65 231.09 295.42
  87393.70 231.02 296.95
  87493.75 230.94 298.50
  87593.80 230.86 300.09
  87693.85 230.77 301.70
  87793.90 230.67 303.36
  87893.95 230.58 305.05
  87994.00 230.48 306.77
  88094.05 230.37 308.53
  88194.10 230.26 310.33
  88294.15 230.14 312.17
  88394.20 230.02 314.05
  88494.25 229.89 315.97
  88594.30 229.76 317.93
  88694.35 229.62 319.94
  88794.40 229.48 321.99
  88894.45 229.33 324.09
  88994.50 229.18 326.24
  89094.55 229.02 328.43
  89194.60 228.86 330.68
  89294.65 228.69 332.97
  89394.70 228.52 335.33
  89494.75 228.34 337.73
  89594.80 228.16 340.19
  89694.85 227.97 342.72
  89794.90 227.78 345.30
  89894.95 227.58 347.94
  89995.00 227.38 350.65
  90095.05 227.17 353.42
  90195.10 226.95 356.26
  90295.15 226.73 359.17
  90395.20 226.51 362.15
  90495.25 226.28 365.21
  90595.30 226.04 368.34
  90695.35 225.80 371.55
  90795.40 225.56 374.84
  90895.45 225.30 378.22
  90995.50 225.05 381.68
  91095.55 224.78 385.23
  91195.60 224.52 388.87
  91295.65 224.24 392.61
  91395.70 223.96 396.44
  91495.75 223.68 400.38
  91595.80 223.39 404.42
  91695.85 223.10 408.57
  91795.90 222.80 412.82
  91895.95 222.49 417.20
  91996.00 222.18 421.69
  92096.05 221.86 426.30
  92196.10 221.54 431.04
  92296.15 221.21 435.91
  92396.20 220.88 440.92
  92496.25 220.54 446.06
  92596.30 220.19 451.35
  92696.35 219.84 456.79
  92796.40 219.49 462.38
  92896.45 219.13 468.13
  92996.50 218.76 474.05
  93096.55 218.39 480.13
  93196.60 218.01 486.39
  93296.65 217.63 492.84
  93396.70 217.24 499.47
  93496.75 216.84 506.29
  93596.80 216.44 513.31
  93696.85 216.04 520.55
  93796.90 215.63 527.99
  93896.95 215.21 535.66
  93997.00 214.79 543.55
  94097.05 214.36 551.69
  94197.10 213.93 560.06
  94297.15 213.49 568.69
  94397.20 213.04 577.58
  94497.25 212.59 586.73
  94597.30 212.14 596.17
  94697.35 211.68 605.88
  94797.40 211.21 615.90
  94897.45 210.74 626.21
  94997.50 210.26 636.83
  95097.55 209.78 647.78
  95197.60 209.29 659.06
  95297.65 208.80 670.67
  95397.70 208.30 682.63
  95497.75 207.79 694.96
  95597.80 207.28 707.64
  95697.85 206.76 720.71
  95797.90 206.24 734.16
  95897.95 205.72 748.00
  95998.00 205.18 762.24
  96098.05 204.64 776.89
  96198.10 204.10 791.96
  96298.15 203.55 807.46
  96398.20 203.00 823.38
  96498.25 202.44 839.75
  96598.30 201.87 856.56
  96698.35 201.30 873.82
  96798.40 200.73 891.53
  96898.45 200.15 909.69
  96998.50 199.56 928.32
  97098.55 198.97 947.40
  97198.60 198.37 966.94
  97298.65 197.77 986.94
  97398.70 197.16 1007.39
  97498.75 196.55 1028.30
  97598.80 195.93 1049.66
  97698.85 195.30 1071.47
  97798.90 194.68 1093.72
  97898.95 194.04 1116.41
  97999.00 193.40 1139.52
  98099.05 192.76 1163.04
  98199.10 192.11 1186.96
  98299.15 191.45 1211.28
  98399.20 190.79 1235.96
  98499.25 190.13 1261.00
  98599.30 189.46 1286.37
  98699.35 188.78 1312.07
  98799.40 188.10 1338.16
  98899.45 187.42 1364.72
  98999.50 186.72 1391.73
  99099.55 186.03 1419.18
  99199.60 185.33 1447.04
  99299.65 184.62 1475.29
  99399.70 183.91 1503.89
  99499.75 183.20 1532.82
  99599.80 182.48 1562.05
  99699.85 181.75 1591.53
  99799.90 181.02 1621.23
  99899.95 180.28 1651.14
 100000.00 179.54 1681.20
