-100000.00 494.20 1681.20
 -99899.95 501.88 1651.14
 -99799.90 509.37 1621.23
 -99699.85 516.66 1591.53
 -99599.80 523.74 1562.05
 -99499.75 530.60 1532.82
 -99399.70 537.25 1503.89
 -99299.65 543.66 1475.29
 -99199.60 549.85 1447.04
 -99099.55 555.78 1419.18
 -98999.50 561.47 1391.73
 -98899.45 566.91 1364.72
 -98799.40 572.09 1338.16
 -98699.35 577.01 1312.07
 -98599.30 581.67 1286.37
 -98499.25 586.05 1261.00
 -98399.20 590.17 1235.96
 -98299.15 594.01 1211.28
 -98199.10 597.58 1186.96
 -98099.05 600.87 1163.04
 -97999.00 603.88 1139.52
 -97898.95 606.62 1116.41
 -97798.90 609.08 1093.72
 -97698.85 611.27 1071.47
 -97598.80 613.18 1049.66
 -97498.75 614.81 1028.30
 -97398.70 616.17 1007.39
 -97298.65 617.26 986.94
 -97198.60 618.08 966.94
 -97098.55 618.64 947.40
 -96998.50 618.93 928.32
 -96898.45 618.96 909.69
 -96798.40 618.73 891.53
 -96698.35 618.25 873.82
 -96598.30 617.53 856.56
 -96498.25 616.55 839.75
 -96398.20 615.34 823.38
 -96298.15 613.89 807.46
 -96198.10 612.21 791.96
 -96098.05 610.31 776.89
 -95998.00 608.18 762.24
 -95897.95 605.84 748.00
 -95797.90 603.30 734.16
 -95697.85 600.55 720.71
 -95597.80 597.60 707.64
 -95497.75 594.47 694.96
 -95397.70 591.15 682.63
 -95297.65 587.65 670.67
 -95197.60 583.98 659.06
 -95097.55 580.15 647.78
 -94997.50 576.17 636.83
 -94897.45 572.03 626.21
 -94797.40 567.75 615.90
 -94697.35 563.33 605.88
 -94597.30 558.78 596.17
 -94497.25 554.11 586.73
 -94397.20 549.32 577.58
 -94297.15 544.42 568.69
 -94197.10 539.43 560.06
 -94097.05 534.33 551.69
 -93997.00 529.15 543.55
 -93896.95 523.88 535.66
 -93796.90 518.54 527.99
 -93696.85 513.13 520.55
 -93596.80 507.66 513.31
 -93496.75 502.13 506.29
 -93396.70 496.55 499.47
 -93296.65 490.92 492.84
 -93196.60 485.26 486.39
 -93096.55 479.57 480.13
 -92996.50 473.85 474.05
 -92896.45 468.11 468.13
 -92796.40 462.36 462.36
 -92696.35 456.59 456.59
 -92596.30 450.83 450.83
 -92496.25 445.06 445.06
 -92396.20 439.30 439.30
 -92296.15 433.54 433.54
 -92196.10 427.81 427.81
 -92096.05 422.09 422.09
 -91996.00 416.40 416.40
 -91895.95 410.73 410.73
 -91795.90 405.10 405.10
 -91695.85 399.50 399.50
 -91595.80 393.94 393.94
 -91495.75 388.42 388.42
 -91395.70 382.95 382.95
 -91295.65 377.53 377.53
 -91195.60 372.16 372.16
 -91095.55 366.84 366.84
 -90995.50 361.58 361.58
 -90895.45 356.38 356.38
 -90795.40 351.25 351.25
 -90695.35 346.17 346.17
 -90595.30 341.17 341.17
 -90495.25 336.23 336.23
 -90395.20 331.36 331.36
 -90295.15 326.57 326.57
 -90195.10 321.84 321.84
 -90095.05 317.19 317.19
 -89995.00 312.62 312.62
 -89894.95 308.12 308.12
 -89794.90 303.70 303.70
 -89694.85 299.36 299.36
 -89594.80 295.09 295.09
 -89494.75 290.91 290.91
 -89394.70 286.80 286.80
 -89294.65 282.78 282.78
 -89194.60 278.83 278.83
 -89094.55 274.97 274.97
 -88994.50 271.19 271.19
 -88894.45 267.48 267.48
 -88794.40 263.86 263.86
 -88694.35 260.32 260.32
 -88594.30 256.85 256.85
 -88494.25 253.47 253.47
 -88394.20 250.16 250.16
 -88294.15 246.93 246.93
 -88194.10 243.78 243.78
 -88094.05 240.71 240.71
 -87994.00 237.71 237.71
 -87893.95 234.79 234.79
 -87793.90 231.94 231.94
 -87693.85 229.17 229.17
 -87593.80 226.47 226.47
 -87493.75 223.84 223.84
 -87393.70 221.28 221.28
 -87293.65 218.80 218.80
 -87193.60 216.38 216.38
 -87093.55 214.03 214.03
 -86993.50 211.75 211.75
 -86893.45 209.53 209.53
 -86793.40 207.37 207.37
 -86693.35 205.28 205.28
 -86593.30 203.26 203.26
 -86493.25 201.29 201.29
 -86393.20 199.38 199.38
 -86293.15 197.53 197.53
 -86193.10 195.74 195.74
 -86093.05 194.01 194.01
 -85993.00 192.33 192.33
 -85892.95 190.70 190.70
 -85792.90 189.13 189.13
 -85692.85 187.60 187.60
 -85592.80 186.13 186.13
 -85492.75 184.71 184.71
 -85392.70 183.33 183.33
 -85292.65 182.00 182.00
 -85192.60 180.72 180.72
 -85092.55 179.48 179.48
 -84992.50 178.28 178.28
 -84892.45 177.12 177.12
 -84792.40 176.01 176.01
 -84692.35 174.94 174.94
 -84592.30 173.90 173.90
 -84492.25 172.90 172.90
 -84392.20 171.94 171.94
 -84292.15 171.01 171.01
 -84192.10 170.12 170.12
 -84092.05 169.26 169.26
 -83992.00 168.43 168.43
 -83891.95 167.63 167.63
 -83791.90 166.87 166.87
 -83691.85 166.13 166.13
 -83591.80 165.42 165.42
 -83491.75 164.74 164.74
 -83391.70 164.09 164.09
 -83291.65 163.46 163.46
 -83191.60 162.86 162.86
 -83091.55 162.28 162.28
 -82991.50 161.72 161.72
 -82891.45 161.19 161.19
 -82791.40 160.67 160.67
 -82691.35 160.18 160.18
 -82591.30 159.71 159.71
 -82491.25 159.26 159.26
 -82391.20 158.83 158.83
 -82291.15 158.41 158.41
 -82191.10 158.02 158.02
 -82091.05 157.64 157.64
 -81991.00 157.27 157.27
 -81890.95 156.93 156.93
 -81790.90 156.59 156.59
 -81690.85 156.27 156.27
 -81590.80 155.97 155.97
 -81490.75 155.68 155.68
 -81390.70 155.40 155.40
 -81290.65 155.13 155.13
 -81190.60 154.88 154.88
 -81090.55 154.64 154.64
 -80990.50 154.41 154.41
 -80890.45 154.19 154.19
 -80790.40 153.97 153.97
 -80690.35 153.77 153.77
 -80590.30 153.58 153.58
 -80490.25 153.40 153.40
 -80390.20 153.22 153.22
 -80290.15 153.06 153.06
 -80190.10 152.90 152.90
 -80090.05 152.75 152.75
 -79989.99 152.61 152.61
 -79889.94 152.47 152.47
 -79789.89 152.34 152.34
 -79689.84 152.21 152.21
 -79589.79 152.10 152.10
 -79489.74 151.98 151.98
 -79389.69 151.88 151.88
 -79289.64 151.78 151.78
 -79189.59 151.68 151.68
 -79089.54 151.59 151.59
 -78989.49 151.50 151.50
 -78889.44 151.42 151.42
 -78789.39 151.34 151.34
 -78689.34 151.27 151.27
 -78589.29 151.20 151.20
 -78489.24 151.13 151.13
 -78389.19 151.07 151.07
 -78289.14 151.01 151.01
 -78189.09 150.95 150.95
 -78089.04 150.90 150.90
 -77988.99 150.84 150.84
 -77888.94 150.80 150.80
 -77788.89 150.75 150.75
 -77688.84 150.71 150.71
 -77588.79 150.67 150.67
 -77488.74 150.63 150.63
 -77388.69 150.59 150.59
 -77288.64 150.56 150.56
 -77188.59 150.52 150.52
 -77088.54 150.49 150.49
 -76988.49 150.46 150.46
 -76888.44 150.43 150.43
 -76788.39 150.41 150.41
 -76688.34 150.38 150.38
 -76588.29 150.36 150.36
 -76488.24 150.34 150.34
 -76388.19 150.32 150.32
 -76288.14 150.30 150.30
 -76188.09 150.28 150.28
 -76088.04 150.26 150.26
 -75987.99 150.25 150.25
 -75887.94 150.23 150.23
 -75787.89 150.22 150.22
 -75687.84 150.20 150.20
 -75587.79 150.19 150.19
 -75487.74 150.18 150.18
 -75387.69 150.17 150.17
 -75287.64 150.16 150.16
 -75187.59 150.15 150.15
 -75087.54 150.14 150.14
 -74987.49 150.13 150.13
 -74887.44 150.12 150.12
 -74787.39 150.11 150.11
 -74687.34 150.10 150.10
 -74587.29 150.10 150.10
 -74487.24 150.09 150.09
 -74387.19 150.08 150.08
 -74287.14 150.08 150.08
 -74187.09 150.07 150.07
 -74087.04 150.07 150.07
 -73986.99 150.06 150.06
 -73886.94 150.06 150.06
 -73786.89 150.06 150.06
 -73686.84 150.05 150.05
 -73586.79 150.05 150.05
 -73486.74 150.04 150.04
 -73386.69 150.04 150.04
 -73286.64 150.04 150.04
 -73186.59 150.04 150.04
 -73086.54 150.03 150.03
 -72986.49 150.03 150.03
 -72886.44 150.03 150.03
 -72786.39 150.03 150.03
 -72686.34 150.02 150.02
 -72586.29 150.02 150.02
 -72486.24 150.02 150.02
 -72386.19 150.02 150.02
 -72286.14 150.02 150.02
 -72186.09 150.02 150.02
 -72086.04 150.02 150.02
 -71985.99 150.01 150.01
 -71885.94 150.01 150.01
 -71785.89 150.01 150.01
 -71685.84 150.01 150.01
 -71585.79 150.01 150.01
 -71485.74 150.01 150.01
 -71385.69 150.01 150.01
 -71285.64 150.01 150.01
 -71185.59 150.01 150.01
 -71085.54 150.01 150.01
 -70985.49 150.01 150.01
 -70885.44 150.01 150.01
 -70785.39 150.01 150.01
 -70685.34 150.00 150.00
 -70585.29 150.00 150.00
 -70485.24 150.00 150.00
 -70385.19 150.00 150.00
 -70285.14 150.00 150.00
 -70185.09 150.00 150.00
 -70085.04 150.00 150.00
 -69984.99 150.00 150.00
 -69884.94 150.00 150.00
 -69784.89 150.00 150.00
 -69684.84 150.00 150.00
 -69584.79 150.00 150.00
 -69484.74 150.00 150.00
 -69384.69 150.00 150.00
 -69284.64 150.00 150.00
 -69184.59 150.00 150.00
 -69084.54 150.00 150.00
 -68984.49 150.00 150.00
 -68884.44 150.00 150.00
 -68784.39 150.00 150.00
 -68684.34 150.00 150.00
 -68584.29 150.00 150.00
 -68484.24 150.00 150.00
 -68384.19 150.00 150.00
 -68284.14 150.00 150.00
 -68184.09 150.00 150.00
 -68084.04 150.00 150.00
 -67983.99 150.00 150.00
 -67883.94 150.00 150.00
 -67783.89 150.00 150.00
 -67683.84 150.00 150.00
 -67583.79 150.00 150.00
 -67483.74 150.00 150.00
 -67383.69 150.00 150.00
 -67283.64 150.00 150.00
 -67183.59 150.00 150.00
 -67083.54 150.00 150.00
 -66983.49 150.00 150.00
 -66883.44 150.00 150.00
 -66783.39 150.00 150.00
 -66683.34 150.00 150.00
 -66583.29 150.00 150.00
 -66483.24 150.00 150.00
 -66383.19 150.00 150.00
 -66283.14 150.00 150.00
 -66183.09 150.00 150.00
 -66083.04 150.00 150.00
 -65982.99 150.00 150.00
 -65882.94 150.00 150.00
 -65782.89 150.00 150.00
 -65682.84 150.00 150.00
 -65582.79 150.00 150.00
 -65482.74 150.00 150.00
 -65382.69 150.00 150.00
 -65282.64 150.00 150.00
 -65182.59 150.00 150.00
 -65082.54 150.00 150.00
 -64982.49 150.00 150.00
 -64882.44 150.00 150.00
 -64782.39 150.00 150.00
 -64682.34 150.00 150.00
 -64582.29 150.00 150.00
 -64482.24 150.00 150.00
 -64382.19 150.00 150.00
 -64282.14 150.00 150.00
 -64182.09 150.00 150.00
 -64082.04 150.00 150.00
 -63981.99 150.00 150.00
 -63881.94 150.00 150.00
 -63781.89 150.00 150.00
 -63681.84 150.00 150.00
 -63581.79 150.00 150.00
 -63481.74 150.00 150.00
 -63381.69 150.00 150.00
 -63281.64 150.00 150.00
 -63181.59 150.00 150.00
 -63081.54 150.00 150.00
 -62981.49 150.00 150.00
 -62881.44 150.00 150.00
 -62781.39 150.00 150.00
 -62681.34 150.00 150.00
 -62581.29 150.00 150.00
 -62481.24 150.00 150.00
 -62381.19 150.00 150.00
 -62281.14 150.00 150.00
 -62181.09 150.00 150.00
 -62081.04 150.00 150.00
 -61980.99 150.00 150.00
 -61880.94 150.00 150.00
 -61780.89 150.00 150.00
 -61680.84 150.00 150.00
 -61580.79 150.00 150.00
 -61480.74 150.00 150.00
 -61380.69 150.00 150.00
 -61280.64 150.00 150.00
 -61180.59 150.00 150.00
 -61080.54 150.00 150.00
 -60980.49 150.00 150.00
 -60880.44 150.00 150.00
 -60780.39 150.00 150.00
 -60680.34 150.00 150.00
 -60580.29 150.00 150.00
 -60480.24 150.00 150.00
 -60380.19 150.00 150.00
 -60280.14 150.00 150.00
 -60180.09 150.00 150.00
 -60080.04 150.00 150.00
 -59979.99 150.00 150.00
 -59879.94 150.00 150.00
 -59779.89 150.00 150.00
 -59679.84 150.00 150.00
 -59579.79 150.00 150.00
 -59479.74 150.00 150.00
 -59379.69 150.00 150.00
 -59279.64 150.00 150.00
 -59179.59 150.00 150.00
 -59079.54 150.00 150.00
 -58979.49 150.00 150.00
 -58879.44 150.00 150.00
 -58779.39 150.00 150.00
 -58679.34 150.00 150.00
 -58579.29 150.00 150.00
 -58479.24 150.00 150.00
 -58379.19 150.00 150.00
 -58279.14 150.00 150.00
 -58179.09 150.00 150.00
 -58079.04 150.00 150.00
 -57978.99 150.00 150.00
 -57878.94 150.00 150.00
 -57778.89 150.00 150.00
 -57678.84 150.00 150.00
 -57578.79 150.00 150.00
 -57478.74 150.00 150.00
 -57378.69 150.00 150.00
 -57278.64 150.00 150.00
 -57178.59 150.00 150.00
 -57078.54 150.00 150.00
 -56978.49 150.00 150.00
 -56878.44 150.00 150.00
 -56778.39 150.00 150.00
 -56678.34 150.00 150.00
 -56578.29 150.00 150.00
 -56478.24 150.00 150.00
 -56378.19 150.00 150.00
 -56278.14 150.00 150.00
 -56178.09 150.00 150.00
 -56078.04 150.00 150.00
 -55977.99 150.00 150.00
 -55877.94 150.00 150.00
 -55777.89 150.00 150.00
 -55677.84 150.00 150.00
 -55577.79 150.00 150.00
 -55477.74 150.00 150.00
 -55377.69 150.00 150.00
 -55277.64 150.00 150.00
 -55177.59 150.00 150.00
 -55077.54 150.00 150.00
 -54977.49 150.00 150.00
 -54877.44 150.00 150.00
 -54777.39 150.00 150.00
 -54677.34 150.00 150.00
 -54577.29 150.00 150.00
 -54477.24 150.00 150.00
 -54377.19 150.00 150.00
 -54277.14 150.00 150.00
 -54177.09 150.00 150.00
 -54077.04 150.00 150.00
 -53976.99 150.00 150.00
 -53876.94 150.00 150.00
 -53776.89 150.00 150.00
 -53676.84 150.00 150.00
 -53576.79 150.00 150.00
 -53476.74 150.00 150.00
 -53376.69 150.00 150.00
 -53276.64 150.00 150.00
 -53176.59 150.00 150.00
 -53076.54 150.00 150.00
 -52976.49 150.00 150.00
 -52876.44 150.00 150.00
 -52776.39 150.00 150.00
 -52676.34 150.00 150.00
 -52576.29 150.00 150.00
 -52476.24 150.00 150.00
 -52376.19 150.00 150.00
 -52276.14 150.00 150.00
 -52176.09 150.00 150.00
 -52076.04 150.00 150.00
 -51975.99 150.00 150.00
 -51875.94 150.00 150.00
 -51775.89 150.00 150.00
 -51675.84 150.00 150.00
 -51575.79 150.00 150.00
 -51475.74 150.00 150.00
 -51375.69 150.00 150.00
 -51275.64 150.00 150.00
 -51175.59 150.00 150.00
 -51075.54 150.00 150.00
 -50975.49 150.00 150.00
 -50875.44 150.00 150.00
 -50775.39 150.00 150.00
 -50675.34 150.00 150.00
 -50575.29 150.00 150.00
 -50475.24 150.00 150.00
 -50375.19 150.00 150.00
 -50275.14 150.00 150.00
 -50175.09 150.00 150.00
 -50075.04 150.00 150.00
 -49974.99 150.00 150.00
 -49874.94 150.00 150.00
 -49774.89 150.00 150.00
 -49674.84 150.00 150.00
 -49574.79 150.00 150.00
 -49474.74 150.00 150.00
 -49374.69 150.00 150.00
 -49274.64 150.00 150.00
 -49174.59 150.00 150.00
 -49074.54 150.00 150.00
 -48974.49 150.00 150.00
 -48874.44 150.00 150.00
 -48774.39 150.00 150.00
 -48674.34 150.00 150.00
 -48574.29 150.00 150.00
 -48474.24 150.00 150.00
 -48374.19 150.00 150.00
 -48274.14 150.00 150.00
 -48174.09 150.00 150.00
 -48074.04 150.00 150.00
 -47973.99 150.00 150.00
 -47873.94 150.00 150.00
 -47773.89 150.00 150.00
 -47673.84 150.00 150.00
 -47573.79 150.00 150.00
 -47473.74 150.00 150.00
 -47373.69 150.00 150.00
 -47273.64 150.00 150.00
 -47173.59 150.00 150.00
 -47073.54 150.00 150.00
 -46973.49 150.00 150.00
 -46873.44 150.00 150.00
 -46773.39 150.00 150.00
 -46673.34 150.00 150.00
 -46573.29 150.00 150.00
 -46473.24 150.00 150.00
 -46373.19 150.00 150.00
 -46273.14 150.00 150.00
 -46173.09 150.00 150.00
 -46073.04 150.00 150.00
 -45972.99 150.00 150.00
 -45872.94 150.00 150.00
 -45772.89 150.00 150.00
 -45672.84 150.00 150.00
 -45572.79 150.00 150.00
 -45472.74 150.00 150.00
 -45372.69 150.00 150.00
 -45272.64 150.00 150.00
 -45172.59 150.00 150.00
 -45072.54 150.00 150.00
 -44972.49 150.00 150.00
 -44872.44 150.00 150.00
 -44772.39 150.00 150.00
 -44672.34 150.00 150.00
 -44572.29 150.00 150.00
 -44472.24 150.00 150.00
 -44372.19 150.00 150.00
 -44272.14 150.00 150.00
 -44172.09 150.00 150.00
 -44072.04 150.00 150.00
 -43971.99 150.00 150.00
 -43871.94 150.00 150.00
 -43771.89 150.00 150.00
 -43671.84 150.00 150.00
 -43571.79 150.00 150.00
 -43471.74 150.00 150.00
 -43371.69 150.00 150.00
 -43271.64 150.00 150.00
 -43171.59 150.00 150.00
 -43071.54 150.00 150.00
 -42971.49 150.00 150.00
 -42871.44 150.00 150.00
 -42771.39 150.00 150.00
 -42671.34 150.00 150.00
 -42571.29 150.00 150.00
 -42471.24 150.00 150.00
 -42371.19 150.00 150.00
 -42271.14 150.00 150.00
 -42171.09 150.00 150.00
 -42071.04 150.00 150.00
 -41970.99 150.00 150.00
 -41870.94 150.00 150.00
 -41770.89 150.00 150.00
 -41670.84 150.00 150.00
 -41570.79 150.00 150.00
 -41470.74 150.00 150.00
 -41370.69 150.00 150.00
 -41270.64 150.00 150.00
 -41170.59 150.00 150.00
 -41070.54 150.00 150.00
 -40970.49 150.00 150.00
 -40870.44 150.00 150.00
 -40770.39 150.00 150.00
 -40670.34 150.00 150.00
 -40570.29 150.00 150.00
 -40470.24 150.00 150.00
 -40370.19 150.00 150.00
 -40270.14 150.00 150.00
 -40170.09 150.00 150.00
 -40070.04 150.00 150.00
 -39969.98 150.00 150.00
 -39869.93 150.00 150.00
 -39769.88 150.00 150.00
 -39669.83 150.00 150.00
 -39569.78 150.00 150.00
 -39469.73 150.00 150.00
 -39369.68 150.00 150.00
 -39269.63 150.00 150.00
 -39169.58 150.00 150.00
 -39069.53 150.00 150.00
 -38969.48 150.00 150.00
 -38869.43 150.00 150.00
 -38769.38 150.00 150.00
 -38669.33 150.00 150.00
 -38569.28 150.00 150.00
 -38469.23 150.00 150.00
 -38369.18 150.00 150.00
 -38269.13 150.00 150.00
 -38169.08 150.00 150.00
 -38069.03 150.00 150.00
 -37968.98 150.00 150.00
 -37868.93 150.00 150.00
 -37768.88 150.00 150.00
 -37668.83 150.00 150.00
 -37568.78 150.00 150.00
 -37468.73 150.00 150.00
 -37368.68 150.00 150.00
 -37268.63 150.00 150.00
 -37168.58 150.00 150.00
 -37068.53 150.00 150.00
 -36968.48 150.00 150.00
 -36868.43 150.00 150.00
 -36768.38 150.00 150.00
 -36668.33 150.00 150.00
 -36568.28 150.00 150.00
 -36468.23 150.00 150.00
 -36368.18 150.00 150.00
 -36268.13 150.00 150.00
 -36168.08 150.00 150.00
 -36068.03 150.00 150.00
 -35967.98 150.00 150.00
 -35867.93 150.00 150.00
 -35767.88 150.00 150.00
 -35667.83 150.00 150.00
 -35567.78 150.00 150.00
 -35467.73 150.00 150.00
 -35367.68 150.00 150.00
 -35267.63 150.00 150.00
 -35167.58 150.00 150.00
 -35067.53 150.00 150.00
 -34967.48 150.00 150.00
 -34867.43 150.00 150.00
 -34767.38 150.00 150.00
 -34667.33 150.00 150.00
 -34567.28 150.00 150.00
 -34467.23 150.00 150.00
 -34367.18 150.00 150.00
 -34267.13 150.00 150.00
 -34167.08 150.00 150.00
 -34067.03 150.00 150.00
 -33966.98 150.00 150.00
 -33866.93 150.00 150.00
 -33766.88 150.00 150.00
 -33666.83 150.00 150.00
 -33566.78 150.00 150.00
 -33466.73 150.00 150.00
 -33366.68 150.00 150.00
 -33266.63 150.00 150.00
 -33166.58 150.00 150.00
 -33066.53 150.00 150.00
 -32966.48 150.00 150.00
 -32866.43 150.00 150.00
 -32766.38 150.00 150.00
 -32666.33 150.00 150.00
 -32566.28 150.00 150.00
 -32466.23 150.00 150.00
 -32366.18 150.00 150.00
 -32266.13 150.00 150.00
 -32166.08 150.00 150.00
 -32066.03 150.00 150.00
 -31965.98 150.00 150.00
 -31865.93 150.00 150.00
 -31765.88 150.00 150.00
 -31665.83 150.00 150.00
 -31565.78 150.00 150.00
 -31465.73 150.00 150.00
 -31365.68 150.00 150.00
 -31265.63 150.00 150.00
 -31165.58 150.00 150.00
 -31065.53 150.00 150.00
 -30965.48 150.00 150.00
 -30865.43 150.00 150.00
 -30765.38 150.00 150.00
 -30665.33 150.00 150.00
 -30565.28 150.00 150.00
 -30465.23 150.00 150.00
 -30365.18 150.00 150.00
 -30265.13 150.00 150.00
 -30165.08 150.00 150.00
 -30065.03 150.00 150.00
 -29964.98 150.00 150.00
 -29864.93 150.00 150.00
 -29764.88 150.00 150.00
 -29664.83 150.00 150.00
 -29564.78 150.00 150.00
 -29464.73 150.00 150.00
 -29364.68 150.00 150.00
 -29264.63 150.00 150.00
 -29164.58 150.00 150.00
 -29064.53 150.00 150.00
 -28964.48 150.00 150.00
 -28864.43 150.00 150.00
 -28764.38 150.00 150.00
 -28664.33 150.00 150.00
 -28564.28 150.00 150.00
 -28464.23 150.00 150.00
 -28364.18 150.00 150.00
 -28264.13 150.00 150.00
 -28164.08 150.00 150.00
 -28064.03 150.00 150.00
 -27963.98 150.00 150.00
 -27863.93 150.00 150.00
 -27763.88 150.00 150.00
 -27663.83 150.00 150.00
 -27563.78 150.00 150.00
 -27463.73 150.00 150.00
 -27363.68 150.00 150.00
 -27263.63 150.00 150.00
 -27163.58 150.00 150.00
 -27063.53 150.00 150.00
 -26963.48 150.00 150.00
 -26863.43 150.00 150.00
 -26763.38 150.00 150.00
 -26663.33 150.00 150.00
 -26563.28 150.00 150.00
 -26463.23 150.00 150.00
 -26363.18 150.00 150.00
 -26263.13 150.00 150.00
 -26163.08 150.00 150.00
 -26063.03 150.00 150.00
 -25962.98 150.00 150.00
 -25862.93 150.00 150.00
 -25762.88 150.00 150.00
 -25662.83 150.00 150.00
 -25562.78 150.00 150.00
 -25462.73 150.00 150.00
 -25362.68 150.00 150.00
 -25262.63 150.00 150.00
 -25162.58 150.00 150.00
 -25062.53 150.00 150.00
 -24962.48 150.00 150.00
 -24862.43 150.00 150.00
 -24762.38 150.00 150.00
 -24662.33 150.00 150.00
 -24562.28 150.00 150.00
 -24462.23 150.00 150.00
 -24362.18 150.00 150.00
 -24262.13 150.00 150.00
 -24162.08 150.00 150.00
 -24062.03 150.00 150.00
 -23961.98 150.00 150.00
 -23861.93 150.00 150.00
 -23761.88 150.00 150.00
 -23661.83 150.00 150.00
 -23561.78 150.00 150.00
 -23461.73 150.00 150.00
 -23361.68 150.00 150.00
 -23261.63 150.00 150.00
 -23161.58 150.00 150.00
 -23061.53 150.00 150.00
 -22961.48 150.00 150.00
 -22861.43 150.00 150.00
 -22761.38 150.00 150.00
 -22661.33 150.00 150.00
 -22561.28 150.00 150.00
 -22461.23 150.00 150.00
 -22361.18 150.00 150.00
 -22261.13 150.00 150.00
 -22161.08 150.00 150.00
 -22061.03 150.00 150.00
 -21960.98 150.00 150.00
 -21860.93 150.00 150.00
 -21760.88 150.00 150.00
 -21660.83 150.00 150.00
 -21560.78 150.00 150.00
 -21460.73 150.00 150.00
 -21360.68 150.00 150.00
 -21260.63 150.00 150.00
 -21160.58 150.00 150.00
 -21060.53 150.00 150.00
 -20960.48 150.00 150.00
 -20860.43 150.00 150.00
 -20760.38 150.00 150.00
 -20660.33 150.00 150.00
 -20560.28 150.00 150.00
 -20460.23 150.00 150.00
 -20360.18 150.00 150.00
 -20260.13 150.00 150.00
 -20160.08 150.00 150.00
 -20060.03 150.00 150.00
 -19959.98 150.00 150.00
 -19859.93 150.00 150.00
 -19759.88 150.00 150.00
 -19659.83 150.00 150.00
 -19559.78 150.00 150.00
 -19459.73 150.00 150.00
 -19359.68 150.00 150.00
 -19259.63 150.00 150.00
 -19159.58 150.00 150.00
 -19059.53 150.00 150.00
 -18959.48 150.00 150.00
 -18859.43 150.00 150.00
 -18759.38 150.00 150.00
 -18659.33 150.00 150.00
 -18559.28 150.00 150.00
 -18459.23 150.00 150.00
 -18359.18 150.00 150.00
 -18259.13 150.00 150.00
 -18159.08 150.00 150.00
 -18059.03 150.00 150.00
 -17958.98 150.00 150.00
 -17858.93 150.00 150.00
 -17758.88 150.00 150.00
 -17658.83 150.00 150.00
 -17558.78 150.00 150.00
 -17458.73 150.00 150.00
 -17358.68 150.00 150.00
 -17258.63 150.00 150.00
 -17158.58 150.00 150.00
 -17058.53 150.00 150.00
 -16958.48 150.00 150.00
 -16858.43 150.00 150.00
 -16758.38 150.00 150.00
 -16658.33 150.00 150.00
 -16558.28 150.00 150.00
 -16458.23 150.00 150.00
 -16358.18 150.00 150.00
 -16258.13 150.00 150.00
 -16158.08 150.00 150.00
 -16058.03 150.00 150.00
 -15957.98 150.00 150.00
 -15857.93 150.00 150.00
 -15757.88 150.00 150.00
 -15657.83 150.00 150.00
 -15557.78 150.00 150.00
 -15457.73 150.00 150.00
 -15357.68 150.00 150.00
 -15257.63 150.00 150.00
 -15157.58 150.00 150.00
 -15057.53 150.00 150.00
 -14957.48 150.00 150.00
 -14857.43 150.00 150.00
 -14757.38 150.00 150.00
 -14657.33 150.00 150.00
 -14557.28 150.00 150.00
 -14457.23 150.00 150.00
 -14357.18 150.00 150.00
 -14257.13 150.00 150.00
 -14157.08 150.00 150.00
 -14057.03 150.00 150.00
 -13956.98 150.00 150.00
 -13856.93 150.00 150.00
 -13756.88 150.00 150.00
 -13656.83 150.00 150.00
 -13556.78 150.00 150.00
 -13456.73 150.00 150.00
 -13356.68 150.00 150.00
 -13256.63 150.00 150.00
 -13156.58 150.00 150.00
 -13056.53 150.00 150.00
 -12956.48 150.00 150.00
 -12856.43 150.00 150.00
 -12756.38 150.00 150.00
 -12656.33 150.00 150.00
 -12556.28 150.00 150.00
 -12456.23 150.00 150.00
 -12356.18 150.00 150.00
 -12256.13 150.00 150.00
 -12156.08 150.00 150.00
 -12056.03 150.00 150.00
 -11955.98 150.00 150.00
 -11855.93 150.00 150.00
 -11755.88 150.00 150.00
 -11655.83 150.00 150.00
 -11555.78 150.00 150.00
 -11455.73 150.00 150.00
 -11355.68 150.00 150.00
 -11255.63 150.00 150.00
 -11155.58 150.00 150.00
 -11055.53 150.00 150.00
 -10955.48 150.00 150.00
 -10855.43 150.00 150.00
 -10755.38 150.00 150.00
 -10655.33 150.00 150.00
 -10555.28 150.00 150.00
 -10455.23 150.00 150.00
 -10355.18 150.00 150.00
 -10255.13 150.00 150.00
 -10155.08 150.00 150.00
 -10055.03 150.00 150.00
  -9954.98 150.00 150.00
  -9854.93 150.00 150.00
  -9754.88 150.00 150.00
  -9654.83 150.00 150.00
  -9554.78 150.00 150.00
  -9454.73 150.00 150.00
  -9354.68 150.00 150.00
  -9254.63 150.00 150.00
  -9154.58 150.00 150.00
  -9054.53 150.00 150.00
  -8954.48 150.00 150.00
  -8854.43 150.00 150.00
  -8754.38 150.00 150.00
  -8654.33 150.00 150.00
  -8554.28 150.00 150.00
  -8454.23 150.00 150.00
  -8354.18 150.00 150.00
  -8254.13 150.00 150.00
  -8154.08 150.00 150.00
  -8054.03 150.00 150.00
  -7953.98 150.00 150.00
  -7853.93 150.00 150.00
  -7753.88 150.00 150.00
  -7653.83 150.00 150.00
  -7553.78 150.00 150.00
  -7453.73 150.00 150.00
  -7353.68 150.00 150.00
  -7253.63 150.00 150.00
  -7153.58 150.00 150.00
  -7053.53 150.00 150.00
  -6953.48 150.00 150.00
  -6853.43 150.00 150.00
  -6753.38 150.00 150.00
  -6653.33 150.00 150.00
  -6553.28 150.00 150.00
  -6453.23 150.00 150.00
  -6353.18 150.00 150.00
  -6253.13 150.00 150.00
  -6153.08 150.00 150.00
  -6053.03 150.00 150.00
  -5952.98 150.00 150.00
  -5852.93 150.00 150.00
  -5752.88 150.00 150.00
  -5652.83 150.00 150.00
  -5552.78 150.00 150.00
  -5452.73 150.00 150.00
  -5352.68 150.00 150.00
  -5252.63 150.00 150.00
  -5152.58 150.00 150.00
  -5052.53 150.00 150.00
  -4952.48 150.00 150.00
  -4852.43 150.00 150.00
  -4752.38 150.00 150.00
  -4652.33 150.00 150.00
  -4552.28 150.00 150.00
  -4452.23 150.00 150.00
  -4352.18 150.00 150.00
  -4252.13 150.00 150.00
  -4152.08 150.00 150.00
  -4052.03 150.00 150.00
  -3951.98 150.00 150.00
  -3851.93 150.00 150.00
  -3751.88 150.00 150.00
  -3651.83 150.00 150.00
  -3551.78 150.00 150.00
  -3451.73 150.00 150.00
  -3351.68 150.00 150.00
  -3251.63 150.00 150.00
  -3151.58 150.00 150.00
  -3051.53 150.00 150.00
  -2951.48 150.00 150.00
  -2851.43 150.00 150.00
  -2751.38 150.00 150.00
  -2651.33 150.00 150.00
  -2551.28 150.00 150.00
  -2451.23 150.00 150.00
  -2351.18 150.00 150.00
  -2251.13 150.00 150.00
  -2151.08 150.00 150.00
  -2051.03 150.00 150.00
  -1950.98 150.00 150.00
  -1850.93 150.00 150.00
  -1750.88 150.00 150.00
  -1650.83 150.00 150.00
  -1550.78 150.00 150.00
  -1450.73 150.00 150.00
  -1350.68 150.00 150.00
  -1250.63 150.00 150.00
  -1150.58 150.00 150.00
  -1050.53 150.00 150.00
   -950.48 150.00 150.00
   -850.43 150.00 150.00
   -750.38 150.00 150.00
   -650.33 150.00 150.00
   -550.28 150.00 150.00
   -450.23 150.00 150.00
   -350.18 150.00 150.00
   -250.13 150.00 150.00
   -150.08 150.00 150.00
    -50.03 150.00 150.00
     50.03 150.00 150.00
    150.08 150.00 150.00
    250.13 150.00 150.00
    350.18 150.00 150.00
    450.23 150.00 150.00
    550.28 150.00 150.00
    650.33 150.00 150.00
    750.38 150.00 150.00
    850.43 150.00 150.00
    950.48 150.00 150.00
   1050.53 150.00 150.00
   1150.58 150.00 150.00
   1250.63 150.00 150.00
   1350.68 150.00 150.00
   1450.73 150.00 150.00
   1550.78 150.00 150.00
   1650.83 150.00 150.00
   1750.88 150.00 150.00
   1850.93 150.00 150.00
   1950.98 150.00 150.00
   2051.03 150.00 150.00
   2151.08 150.00 150.00
   2251.13 150.00 150.00
   2351.18 150.00 150.00
   2451.23 150.00 150.00
   2551.28 150.00 150.00
   2651.33 150.00 150.00
   2751.38 150.00 150.00
   2851.43 150.00 150.00
   2951.48 150.00 150.00
   3051.53 150.00 150.00
   3151.58 150.00 150.00
   3251.63 150.00 150.00
   3351.68 150.00 150.00
   3451.73 150.00 150.00
   3551.78 150.00 150.00
   3651.83 150.00 150.00
   3751.88 150.00 150.00
   3851.93 150.00 150.00
   3951.98 150.00 150.00
   4052.03 150.00 150.00
   4152.08 150.00 150.00
   4252.13 150.00 150.00
   4352.18 150.00 150.00
   4452.23 150.00 150.00
   4552.28 150.00 150.00
   4652.33 150.00 150.00
   4752.38 150.00 150.00
   4852.43 150.00 150.00
   4952.48 150.00 150.00
   5052.53 150.00 150.00
   5152.58 150.00 150.00
   5252.63 150.00 150.00
   5352.68 150.00 150.00
   5452.73 150.00 150.00
   5552.78 150.00 150.00
   5652.83 150.00 150.00
   5752.88 150.00 150.00
   5852.93 150.00 150.00
   5952.98 150.00 150.00
   6053.03 150.00 150.00
   6153.08 150.00 150.00
   6253.13 150.00 150.00
   6353.18 150.00 150.00
   6453.23 150.00 150.00
   6553.28 150.00 150.00
   6653.33 150.00 150.00
   6753.38 150.00 150.00
   6853.43 150.00 150.00
   6953.48 150.00 150.00
   7053.53 150.00 150.00
   7153.58 150.00 150.00
   7253.63 150.00 150.00
   7353.68 150.00 150.00
   7453.73 150.00 150.00
   7553.78 150.00 150.00
   7653.83 150.00 150.00
   7753.88 150.00 150.00
   7853.93 150.00 150.00
   7953.98 150.00 150.00
   8054.03 150.00 150.00
   8154.08 150.00 150.00
   8254.13 150.00 150.00
   8354.18 150.00 150.00
   8454.23 150.00 150.00
   8554.28 150.00 150.00
   8654.33 150.00 150.00
   8754.38 150.00 150.00
   8854.43 150.00 150.00
   8954.48 150.00 150.00
   9054.53 150.00 150.00
   9154.58 150.00 150.00
   9254.63 150.00 150.00
   9354.68 150.00 150.00
   9454.73 150.00 150.00
   9554.78 150.00 150.00
   9654.83 150.00 150.00
   9754.88 150.00 150.00
   9854.93 150.00 150.00
   9954.98 150.00 150.00
  10055.03 150.00 150.00
  10155.08 150.00 150.00
  10255.13 150.00 150.00
  10355.18 150.00 150.00
  10455.23 150.00 150.00
  10555.28 150.00 150.00
  10655.33 150.00 150.00
  10755.38 150.00 150.00
  10855.43 150.00 150.00
  10955.48 150.00 150.00
  11055.53 150.00 150.00
  11155.58 150.00 150.00
  11255.63 150.00 150.00
  11355.68 150.00 150.00
  11455.73 150.00 150.00
  11555.78 150.00 150.00
  11655.83 150.00 150.00
  11755.88 150.00 150.00
  11855.93 150.00 150.00
  11955.98 150.00 150.00
  12056.03 150.00 150.00
  12156.08 150.00 150.00
  12256.13 150.00 150.00
  12356.18 150.00 150.00
  12456.23 150.00 150.00
  12556.28 150.00 150.00
  12656.33 150.00 150.00
  12756.38 150.00 150.00
  12856.43 150.00 150.00
  12956.48 150.00 150.00
  13056.53 150.00 150.00
  13156.58 150.00 150.00
  13256.63 150.00 150.00
  13356.68 150.00 150.00
  13456.73 150.00 150.00
  13556.78 150.00 150.00
  13656.83 150.00 150.00
  13756.88 150.00 150.00
  13856.93 150.00 150.00
  13956.98 150.00 150.00
  14057.03 150.00 150.00
  14157.08 150.00 150.00
  14257.13 150.00 150.00
  14357.18 150.00 150.00
  14457.23 150.00 150.00
  14557.28 150.00 150.00
  14657.33 150.00 150.00
  14757.38 150.00 150.00
  14857.43 150.00 150.00
  14957.48 150.00 150.00
  15057.53 150.00 150.00
  15157.58 150.00 150.00
  15257.63 150.00 150.00
  15357.68 150.00 150.00
  15457.73 150.00 150.00
  15557.78 150.00 150.00
  15657.83 150.00 150.00
  15757.88 150.00 150.00
  15857.93 150.00 150.00
  15957.98 150.00 150.00
  16058.03 150.00 150.00
  16158.08 150.00 150.00
  16258.13 150.00 150.00
  16358.18 150.00 150.00
  16458.23 150.00 150.00
  16558.28 150.00 150.00
  16658.33 150.00 150.00
  16758.38 150.00 150.00
  16858.43 150.00 150.00
  16958.48 150.00 150.00
  17058.53 150.00 150.00
  17158.58 150.00 150.00
  17258.63 150.00 150.00
  17358.68 150.00 150.00
  17458.73 150.00 150.00
  17558.78 150.00 150.00
  17658.83 150.00 150.00
  17758.88 150.00 150.00
  17858.93 150.00 150.00
  17958.98 150.00 150.00
  18059.03 150.00 150.00
  18159.08 150.00 150.00
  18259.13 150.00 150.00
  18359.18 150.00 150.00
  18459.23 150.00 150.00
  18559.28 150.00 150.00
  18659.33 150.00 150.00
  18759.38 150.00 150.00
  18859.43 150.00 150.00
  18959.48 150.00 150.00
  19059.53 150.00 150.00
  19159.58 150.00 150.00
  19259.63 150.00 150.00
  19359.68 150.00 150.00
  19459.73 150.00 150.00
  19559.78 150.00 150.00
  19659.83 150.00 150.00
  19759.88 150.00 150.00
  19859.93 150.00 150.00
  19959.98 150.00 150.00
  20060.03 150.00 150.00
  20160.08 150.00 150.00
  20260.13 150.00 150.00
  20360.18 150.00 150.00
  20460.23 150.00 150.00
  20560.28 150.00 150.00
  20660.33 150.00 150.00
  20760.38 150.00 150.00
  20860.43 150.00 150.00
  20960.48 150.00 150.00
  21060.53 150.00 150.00
  21160.58 150.00 150.00
  21260.63 150.00 150.00
  21360.68 150.00 150.00
  21460.73 150.00 150.00
  21560.78 150.00 150.00
  21660.83 150.00 150.00
  21760.88 150.00 150.00
  21860.93 150.00 150.00
  21960.98 150.00 150.00
  22061.03 150.00 150.00
  22161.08 150.00 150.00
  22261.13 150.00 150.00
  22361.18 150.00 150.00
  22461.23 150.00 150.00
  22561.28 150.00 150.00
  22661.33 150.00 150.00
  22761.38 150.00 150.00
  22861.43 150.00 150.00
  22961.48 150.00 150.00
  23061.53 150.00 150.00
  23161.58 150.00 150.00
  23261.63 150.00 150.00
  23361.68 150.00 150.00
  23461.73 150.00 150.00
  23561.78 150.00 150.00
  23661.83 150.00 150.00
  23761.88 150.00 150.00
  23861.93 150.00 150.00
  23961.98 150.00 150.00
  24062.03 150.00 150.00
  24162.08 150.00 150.00
  24262.13 150.00 150.00
  24362.18 150.00 150.00
  24462.23 150.00 150.00
  24562.28 150.00 150.00
  24662.33 150.00 150.00
  24762.38 150.00 150.00
  24862.43 150.00 150.00
  24962.48 150.00 150.00
  25062.53 150.00 150.00
  25162.58 150.00 150.00
  25262.63 150.00 150.00
  25362.68 150.00 150.00
  25462.73 150.00 150.00
  25562.78 150.00 150.00
  25662.83 150.00 150.00
  25762.88 150.00 150.00
  25862.93 150.00 150.00
  25962.98 150.00 150.00
  26063.03 150.00 150.00
  26163.08 150.00 150.00
  26263.13 150.00 150.00
  26363.18 150.00 150.00
  26463.23 150.00 150.00
  26563.28 150.00 150.00
  26663.33 150.00 150.00
  26763.38 150.00 150.00
  26863.43 150.00 150.00
  26963.48 150.00 150.00
  27063.53 150.00 150.00
  27163.58 150.00 150.00
  27263.63 150.00 150.00
  27363.68 150.00 150.00
  27463.73 150.00 150.00
  27563.78 150.00 150.00
  27663.83 150.00 150.00
  27763.88 150.00 150.00
  27863.93 150.00 150.00
  27963.98 150.00 150.00
  28064.03 150.00 150.00
  28164.08 150.00 150.00
  28264.13 150.00 150.00
  28364.18 150.00 150.00
  28464.23 150.00 150.00
  28564.28 150.00 150.00
  28664.33 150.00 150.00
  28764.38 150.00 150.00
  28864.43 150.00 150.00
  28964.48 150.00 150.00
  29064.53 150.00 150.00
  29164.58 150.00 150.00
  29264.63 150.00 150.00
  29364.68 150.00 150.00
  29464.73 150.00 150.00
  29564.78 150.00 150.00
  29664.83 150.00 150.00
  29764.88 150.00 150.00
  29864.93 150.00 150.00
  29964.98 150.00 150.00
  30065.03 150.00 150.00
  30165.08 150.00 150.00
  30265.13 150.00 150.00
  30365.18 150.00 150.00
  30465.23 150.00 150.00
  30565.28 150.00 150.00
  30665.33 150.00 150.00
  30765.38 150.00 150.00
  30865.43 150.00 150.00
  30965.48 150.00 150.00
  31065.53 150.00 150.00
  31165.58 150.00 150.00
  31265.63 150.00 150.00
  31365.68 150.00 150.00
  31465.73 150.00 150.00
  31565.78 150.00 150.00
  31665.83 150.00 150.00
  31765.88 150.00 150.00
  31865.93 150.00 150.00
  31965.98 150.00 150.00
  32066.03 150.00 150.00
  32166.08 150.00 150.00
  32266.13 150.00 150.00
  32366.18 150.00 150.00
  32466.23 150.00 150.00
  32566.28 150.00 150.00
  32666.33 150.00 150.00
  32766.38 150.00 150.00
  32866.43 150.00 150.00
  32966.48 150.00 150.00
  33066.53 150.00 150.00
  33166.58 150.00 150.00
  33266.63 150.00 150.00
  33366.68 150.00 150.00
  33466.73 150.00 150.00
  33566.78 150.00 150.00
  33666.83 150.00 150.00
  33766.88 150.00 150.00
  33866.93 150.00 150.00
  33966.98 150.00 150.00
  34067.03 150.00 150.00
  34167.08 150.00 150.00
  34267.13 150.00 150.00
  34367.18 150.00 150.00
  34467.23 150.00 150.00
  34567.28 150.00 150.00
  34667.33 150.00 150.00
  34767.38 150.00 150.00
  34867.43 150.00 150.00
  34967.48 150.00 150.00
  35067.53 150.00 150.00
  35167.58 150.00 150.00
  35267.63 150.00 150.00
  35367.68 150.00 150.00
  35467.73 150.00 150.00
  35567.78 150.00 150.00
  35667.83 150.00 150.00
  35767.88 150.00 150.00
  35867.93 150.00 150.00
  35967.98 150.00 150.00
  36068.03 150.00 150.00
  36168.08 150.00 150.00
  36268.13 150.00 150.00
  36368.18 150.00 150.00
  36468.23 150.00 150.00
  36568.28 150.00 150.00
  36668.33 150.00 150.00
  36768.38 150.00 150.00
  36868.43 150.00 150.00
  36968.48 150.00 150.00
  37068.53 150.00 150.00
  37168.58 150.00 150.00
  37268.63 150.00 150.00
  37368.68 150.00 150.00
  37468.73 150.00 150.00
  37568.78 150.00 150.00
  37668.83 150.00 150.00
  37768.88 150.00 150.00
  37868.93 150.00 150.00
  37968.98 150.00 150.00
  38069.03 150.00 150.00
  38169.08 150.00 150.00
  38269.13 150.00 150.00
  38369.18 150.00 150.00
  38469.23 150.00 150.00
  38569.28 150.00 150.00
  38669.33 150.00 150.00
  38769.38 150.00 150.00
  38869.43 150.00 150.00
  38969.48 150.00 150.00
  39069.53 150.00 150.00
  39169.58 150.00 150.00
  39269.63 150.00 150.00
  39369.68 150.00 150.00
  39469.73 150.00 150.00
  39569.78 150.00 150.00
  39669.83 150.00 150.00
  39769.88 150.00 150.00
  39869.93 150.00 150.00
  39969.98 150.00 150.00
  40070.04 150.00 150.00
  40170.09 150.00 150.00
  40270.14 150.00 150.00
  40370.19 150.00 150.00
  40470.24 150.00 150.00
  40570.29 150.00 150.00
  40670.34 150.00 150.00
  40770.39 150.00 150.00
  40870.44 150.00 150.00
  40970.49 150.00 150.00
  41070.54 150.00 150.00
  41170.59 150.00 150.00
  41270.64 150.00 150.00
  41370.69 150.00 150.00
  41470.74 150.00 150.00
  41570.79 150.00 150.00
  41670.84 150.00 150.00
  41770.89 150.00 150.00
  41870.94 150.00 150.00
  41970.99 150.00 150.00
  42071.04 150.00 150.00
  42171.09 150.00 150.00
  42271.14 150.00 150.00
  42371.19 150.00 150.00
  42471.24 150.00 150.00
  42571.29 150.00 150.00
  42671.34 150.00 150.00
  42771.39 150.00 150.00
  42871.44 150.00 150.00
  42971.49 150.00 150.00
  43071.54 150.00 150.00
  43171.59 150.00 150.00
  43271.64 150.00 150.00
  43371.69 150.00 150.00
  43471.74 150.00 150.00
  43571.79 150.00 150.00
  43671.84 150.00 150.00
  43771.89 150.00 150.00
  43871.94 150.00 150.00
  43971.99 150.00 150.00
  44072.04 150.00 150.00
  44172.09 150.00 150.00
  44272.14 150.00 150.00
  44372.19 150.00 150.00
  44472.24 150.00 150.00
  44572.29 150.00 150.00
  44672.34 150.00 150.00
  44772.39 150.00 150.00
  44872.44 150.00 150.00
  44972.49 150.00 150.00
  45072.54 150.00 150.00
  45172.59 150.00 150.00
  45272.64 150.00 150.00
  45372.69 150.00 150.00
  45472.74 150.00 150.00
  45572.79 150.00 150.00
  45672.84 150.00 150.00
  45772.89 150.00 150.00
  45872.94 150.00 150.00
  45972.99 150.00 150.00
  46073.04 150.00 150.00
  46173.09 150.00 150.00
  46273.14 150.00 150.00
  46373.19 150.00 150.00
  46473.24 150.00 150.00
  46573.29 150.00 150.00
  46673.34 150.00 150.00
  46773.39 150.00 150.00
  46873.44 150.00 150.00
  46973.49 150.00 150.00
  47073.54 150.00 150.00
  47173.59 150.00 150.00
  47273.64 150.00 150.00
  47373.69 150.00 150.00
  47473.74 150.00 150.00
  47573.79 150.00 150.00
  47673.84 150.00 150.00
  47773.89 150.00 150.00
  47873.94 150.00 150.00
  47973.99 150.00 150.00
  48074.04 150.00 150.00
  48174.09 150.00 150.00
  48274.14 150.00 150.00
  48374.19 150.00 150.00
  48474.24 150.00 150.00
  48574.29 150.00 150.00
  48674.34 150.00 150.00
  48774.39 150.00 150.00
  48874.44 150.00 150.00
  48974.49 150.00 150.00
  49074.54 150.00 150.00
  49174.59 150.00 150.00
  49274.64 150.00 150.00
  49374.69 150.00 150.00
  49474.74 150.00 150.00
  49574.79 150.00 150.00
  49674.84 150.00 150.00
  49774.89 150.00 150.00
  49874.94 150.00 150.00
  49974.99 150.00 150.00
  50075.04 150.00 150.00
  50175.09 150.00 150.00
  50275.14 150.00 150.00
  50375.19 150.00 150.00
  50475.24 150.00 150.00
  50575.29 150.00 150.00
  50675.34 150.00 150.00
  50775.39 150.00 150.00
  50875.44 150.00 150.00
  50975.49 150.00 150.00
  51075.54 150.00 150.00
  51175.59 150.00 150.00
  51275.64 150.00 150.00
  51375.69 150.00 150.00
  51475.74 150.00 150.00
  51575.79 150.00 150.00
  51675.84 150.00 150.00
  51775.89 150.00 150.00
  51875.94 150.00 150.00
  51975.99 150.00 150.00
  52076.04 150.00 150.00
  52176.09 150.00 150.00
  52276.14 150.00 150.00
  52376.19 150.00 150.00
  52476.24 150.00 150.00
  52576.29 150.00 150.00
  52676.34 150.00 150.00
  52776.39 150.00 150.00
  52876.44 150.00 150.00
  52976.49 150.00 150.00
  53076.54 150.00 150.00
  53176.59 150.00 150.00
  53276.64 150.00 150.00
  53376.69 150.00 150.00
  53476.74 150.00 150.00
  53576.79 150.00 150.00
  53676.84 150.00 150.00
  53776.89 150.00 150.00
  53876.94 150.00 150.00
  53976.99 150.00 150.00
  54077.04 150.00 150.00
  54177.09 150.00 150.00
  54277.14 150.00 150.00
  54377.19 150.00 150.00
  54477.24 150.00 150.00
  54577.29 150.00 150.00
  54677.34 150.00 150.00
  54777.39 150.00 150.00
  54877.44 150.00 150.00
  54977.49 150.00 150.00
  55077.54 150.00 150.00
  55177.59 150.00 150.00
  55277.64 150.00 150.00
  55377.69 150.00 150.00
  55477.74 150.00 150.00
  55577.79 150.00 150.00
  55677.84 150.00 150.00
  55777.89 150.00 150.00
  55877.94 150.00 150.00
  55977.99 150.00 150.00
  56078.04 150.00 150.00
  56178.09 150.00 150.00
  56278.14 150.00 150.00
  56378.19 150.00 150.00
  56478.24 150.00 150.00
  56578.29 150.00 150.00
  56678.34 150.00 150.00
  56778.39 150.00 150.00
  56878.44 150.00 150.00
  56978.49 150.00 150.00
  57078.54 150.00 150.00
  57178.59 150.00 150.00
  57278.64 150.00 150.00
  57378.69 150.00 150.00
  57478.74 150.00 150.00
  57578.79 150.00 150.00
  57678.84 150.00 150.00
  57778.89 150.00 150.00
  57878.94 150.00 150.00
  57978.99 150.00 150.00
  58079.04 150.00 150.00
  58179.09 150.00 150.00
  58279.14 150.00 150.00
  58379.19 150.00 150.00
  58479.24 150.00 150.00
  58579.29 150.00 150.00
  58679.34 150.00 150.00
  58779.39 150.00 150.00
  58879.44 150.00 150.00
  58979.49 150.00 150.00
  59079.54 150.00 150.00
  59179.59 150.00 150.00
  59279.64 150.00 150.00
  59379.69 150.00 150.00
  59479.74 150.00 150.00
  59579.79 150.00 150.00
  59679.84 150.00 150.00
  59779.89 150.00 150.00
  59879.94 150.00 150.00
  59979.99 150.00 150.00
  60080.04 150.00 150.00
  60180.09 150.00 150.00
  60280.14 150.00 150.00
  60380.19 150.00 150.00
  60480.24 150.00 150.00
  60580.29 150.00 150.00
  60680.34 150.00 150.00
  60780.39 150.00 150.00
  60880.44 150.00 150.00
  60980.49 150.00 150.00
  61080.54 150.00 150.00
  61180.59 150.00 150.00
  61280.64 150.00 150.00
  61380.69 150.00 150.00
  61480.74 150.00 150.00
  61580.79 150.00 150.00
  61680.84 150.00 150.00
  61780.89 150.00 150.00
  61880.94 150.00 150.00
  61980.99 150.00 150.00
  62081.04 150.00 150.00
  62181.09 150.00 150.00
  62281.14 150.00 150.00
  62381.19 150.00 150.00
  62481.24 150.00 150.00
  62581.29 150.00 150.00
  62681.34 150.00 150.00
  62781.39 150.00 150.00
  62881.44 150.00 150.00
  62981.49 150.00 150.00
  63081.54 150.00 150.00
  63181.59 150.00 150.00
  63281.64 150.00 150.00
  63381.69 150.00 150.00
  63481.74 150.00 150.00
  63581.79 150.00 150.00
  63681.84 150.00 150.00
  63781.89 150.00 150.00
  63881.94 150.00 150.00
  63981.99 150.00 150.00
  64082.04 150.00 150.00
  64182.09 150.00 150.00
  64282.14 150.00 150.00
  64382.19 150.00 150.00
  64482.24 150.00 150.00
  64582.29 150.00 150.00
  64682.34 150.00 150.00
  64782.39 150.00 150.00
  64882.44 150.00 150.00
  64982.49 150.00 150.00
  65082.54 150.00 150.00
  65182.59 150.00 150.00
  65282.64 150.00 150.00
  65382.69 150.00 150.00
  65482.74 150.00 150.00
  65582.79 150.00 150.00
  65682.84 150.00 150.00
  65782.89 150.00 150.00
  65882.94 150.00 150.00
  65982.99 150.00 150.00
  66083.04 150.00 150.00
  66183.09 150.00 150.00
  66283.14 150.00 150.00
  66383.19 150.00 150.00
  66483.24 150.00 150.00
  66583.29 150.00 150.00
  66683.34 150.00 150.00
  66783.39 150.00 150.00
  66883.44 150.00 150.00
  66983.49 150.00 150.00
  67083.54 150.00 150.00
  67183.59 150.00 150.00
  67283.64 150.00 150.00
  67383.69 150.00 150.00
  67483.74 150.00 150.00
  67583.79 150.00 150.00
  67683.84 150.00 150.00
  67783.89 150.00 150.00
  67883.94 150.00 150.00
  67983.99 150.00 150.00
  68084.04 150.00 150.00
  68184.09 150.00 150.00
  68284.14 150.00 150.00
  68384.19 150.00 150.00
  68484.24 150.00 150.00
  68584.29 150.00 150.00
  68684.34 150.00 150.00
  68784.39 150.00 150.00
  68884.44 150.00 150.00
  68984.49 150.00 150.00
  69084.54 150.00 150.00
  69184.59 150.00 150.00
  69284.64 150.00 150.00
  69384.69 150.00 150.00
  69484.74 150.00 150.00
  69584.79 150.00 150.00
  69684.84 150.00 150.00
  69784.89 150.00 150.00
  69884.94 150.00 150.00
  69984.99 150.00 150.00
  70085.04 150.00 150.00
  70185.09 150.00 150.00
  70285.14 150.00 150.00
  70385.19 150.00 150.00
  70485.24 150.00 150.00
  70585.29 150.00 150.00
  70685.34 150.00 150.00
  70785.39 150.01 150.01
  70885.44 150.01 150.01
  70985.49 150.01 150.01
  71085.54 150.01 150.01
  71185.59 150.01 150.01
  71285.64 150.01 150.01
  71385.69 150.01 150.01
  71485.74 150.01 150.01
  71585.79 150.01 150.01
  71685.84 150.01 150.01
  71785.89 150.01 150.01
  71885.94 150.01 150.01
  71985.99 150.01 150.01
  72086.04 150.02 150.02
  72186.09 150.02 150.02
  72286.14 150.02 150.02
  72386.19 150.02 150.02
  72486.24 150.02 150.02
  72586.29 150.02 150.02
  72686.34 150.02 150.02
  72786.39 150.03 150.03
  72886.44 150.03 150.03
  72986.49 150.03 150.03
  73086.54 150.03 150.03
  73186.59 150.04 150.04
  73286.64 150.04 150.04
  73386.69 150.04 150.04
  73486.74 150.04 150.04
  73586.79 150.05 150.05
  73686.84 150.05 150.05
  73786.89 150.06 150.06
  73886.94 150.06 150.06
  73986.99 150.06 150.06
  74087.04 150.07 150.07
  74187.09 150.07 150.07
  74287.14 150.08 150.08
  74387.19 150.08 150.08
  74487.24 150.09 150.09
  74587.29 150.10 150.10
  74687.34 150.10 150.10
  74787.39 150.11 150.11
  74887.44 150.12 150.12
  74987.49 150.13 150.13
  75087.54 150.14 150.14
  75187.59 150.15 150.15
  75287.64 150.16 150.16
  75387.69 150.17 150.17
  75487.74 150.18 150.18
  75587.79 150.19 150.19
  75687.84 150.20 150.20
  75787.89 150.22 150.22
  75887.94 150.23 150.23
  75987.99 150.25 150.25
  76088.04 150.26 150.26
  76188.09 150.28 150.28
  76288.14 150.30 150.30
  76388.19 150.32 150.32
  76488.24 150.34 150.34
  76588.29 150.36 150.36
  76688.34 150.38 150.38
  76788.39 150.41 150.41
  76888.44 150.43 150.43
  76988.49 150.46 150.46
  77088.54 150.49 150.49
  77188.59 150.52 150.52
  77288.64 150.56 150.56
  77388.69 150.59 150.59
  77488.74 150.63 150.63
  77588.79 150.67 150.67
  77688.84 150.71 150.71
  77788.89 150.75 150.75
  77888.94 150.80 150.80
  77988.99 150.84 150.84
  78089.04 150.90 150.90
  78189.09 150.95 150.95
  78289.14 151.01 151.01
  78389.19 151.07 151.07
  78489.24 151.13 151.13
  78589.29 151.20 151.20
  78689.34 151.27 151.27
  78789.39 151.34 151.34
  78889.44 151.42 151.42
  78989.49 151.50 151.50
  79089.54 151.59 151.59
  79189.59 151.68 151.68
  79289.64 151.78 151.78
  79389.69 151.88 151.88
  79489.74 151.98 151.98
  79589.79 152.10 152.10
  79689.84 152.21 152.21
  79789.89 152.34 152.34
  79889.94 152.47 152.47
  79989.99 152.61 152.61
  80090.05 152.75 152.75
  80190.10 152.90 152.90
  80290.15 153.06 153.06
  80390.20 153.22 153.22
  80490.25 153.40 153.40
  80590.30 153.58 153.58
  80690.35 153.77 153.77
  80790.40 153.97 153.97
  80890.45 154.19 154.19
  80990.50 154.41 154.41
  81090.55 154.64 154.64
  81190.60 154.88 154.88
  81290.65 155.13 155.13
  81390.70 155.40 155.40
  81490.75 155.68 155.68
  81590.80 155.97 155.97
  81690.85 156.27 156.27
  81790.90 156.59 156.59
  81890.95 156.93 156.93
  81991.00 157.27 157.27
  82091.05 157.64 157.64
  82191.10 158.02 158.02
  82291.15 158.41 158.41
  82391.20 158.83 158.83
  82491.25 159.26 159.26
  82591.30 159.71 159.71
  82691.35 160.18 160.18
  82791.40 160.67 160.67
  82891.45 161.19 161.19
  82991.50 161.72 161.72
  83091.55 162.28 162.28
  83191.60 162.86 162.86
  83291.65 163.46 163.46
  83391.70 164.09 164.09
  83491.75 164.74 164.74
  83591.80 165.42 165.42
  83691.85 166.13 166.13
  83791.90 166.87 166.87
  83891.95 167.63 167.63
  83992.00 168.43 168.43
  84092.05 169.26 169.26
  84192.10 170.12 170.12
  84292.15 171.01 171.01
  84392.20 171.94 171.94
  84492.25 172.90 172.90
  84592.30 173.90 173.90
  84692.35 174.94 174.94
  84792.40 176.01 176.01
  84892.45 177.12 177.12
  84992.50 178.28 178.28
  85092.55 179.48 179.48
  85192.60 180.72 180.72
  85292.65 182.00 182.00
  85392.70 183.33 183.33
  85492.75 184.71 184.71
  85592.80 186.13 186.13
  85692.85 187.60 187.60
  85792.90 189.13 189.13
  85892.95 190.70 190.70
  85993.00 192.33 192.33
  86093.05 194.01 194.01
  86193.10 195.74 195.74
  86293.15 197.53 197.53
  86393.20 199.38 199.38
  86493.25 201.29 201.29
  86593.30 203.26 203.26
  86693.35 205.28 205.28
  86793.40 207.37 207.37
  86893.45 209.53 209.53
  86993.50 211.75 211.75
  87093.55 214.03 214.03
  87193.60 216.38 216.38
  87293.65 218.80 218.80
  87393.70 221.28 221.28
  87493.75 223.84 223.84
  87593.80 226.47 226.47
  87693.85 229.17 229.17
  87793.90 231.94 231.94
  87893.95 234.79 234.79
  87994.00 237.71 237.71
  88094.05 240.71 240.71
  88194.10 243.78 243.78
  88294.15 246.93 246.93
  88394.20 250.16 250.16
  88494.25 253.47 253.47
  88594.30 256.85 256.85
  88694.35 260.32 260.32
  88794.40 263.86 263.86
  88894.45 267.48 267.48
  88994.50 271.19 271.19
  89094.55 274.97 274.97
  89194.60 278.83 278.83
  89294.65 282.78 282.78
  89394.70 286.80 286.80
  89494.75 290.91 290.91
  89594.80 295.09 295.09
  89694.85 299.36 299.36
  89794.90 303.70 303.70
  89894.95 308.12 308.12
  89995.00 312.62 312.62
  90095.05 317.19 317.19
  90195.10 321.84 321.84
  90295.15 326.57 326.57
  90395.20 331.36 331.36
  90495.25 336.23 336.23
  90595.30 341.17 341.17
  90695.35 346.17 346.17
  90795.40 351.25 351.25
  90895.45 356.38 356.38
  90995.50 361.58 361.58
  91095.55 366.84 366.84
  91195.60 372.16 372.16
  91295.65 377.53 377.53
  91395.70 382.95 382.95
  91495.75 388.42 388.42
  91595.80 393.94 393.94
  91695.85 399.50 399.50
  91795.90 405.10 405.10
  91895.95 410.73 410.73
  91996.00 416.40 416.40
  92096.05 422.09 422.09
  92196.10 427.81 427.81
  92296.15 433.54 433.54
  92396.20 439.30 439.30
  92496.25 445.06 445.06
  92596.30 450.83 450.83
  92696.35 456.59 456.59
  92796.40 462.36 462.36
  92896.45 468.11 468.13
  92996.50 473.85 474.05
  93096.55 479.57 480.13
  93196.60 485.26 486.39
  93296.65 490.92 492.84
  93396.70 496.55 499.47
  93496.75 502.13 506.29
  93596.80 507.66 513.31
  93696.85 513.13 520.55
  93796.90 518.54 527.99
  93896.95 523.88 535.66
  93997.00 529.15 543.55
  94097.05 534.33 551.69
  94197.10 539.43 560.06
  94297.15 544.42 568.69
  94397.20 549.32 577.58
  94497.25 554.11 586.73
  94597.30 558.78 596.17
  94697.35 563.33 605.88
  94797.40 567.75 615.90
  94897.45 572.03 626.21
  94997.50 576.17 636.83
  95097.55 580.15 647.78
  95197.60 583.98 659.06
  95297.65 587.65 670.67
  95397.70 591.15 682.63
  95497.75 594.47 694.96
  95597.80 597.60 707.64
  95697.85 600.55 720.71
  95797.90 603.30 734.16
  95897.95 605.84 748.00
  95998.00 608.18 762.24
  96098.05 610.31 776.89
  96198.10 612.21 791.96
  96298.15 613.89 807.46
  96398.20 615.34 823.38
  96498.25 616.55 839.75
  96598.30 617.53 856.56
  96698.35 618.25 873.82
  96798.40 618.73 891.53
  96898.45 618.96 909.69
  96998.50 618.93 928.32
  97098.55 618.64 947.40
  97198.60 618.08 966.94
  97298.65 617.26 986.94
  97398.70 616.17 1007.39
  97498.75 614.81 1028.30
  97598.80 613.18 1049.66
  97698.85 611.27 1071.47
  97798.90 609.08 1093.72
  97898.95 606.62 1116.41
  97999.00 603.88 1139.52
  98099.05 600.87 1163.04
  98199.10 597.58 1186.96
  98299.15 594.01 1211.28
  98399.20 590.17 1235.96
  98499.25 586.05 1261.00
  98599.30 581.67 1286.37
  98699.35 577.01 1312.07
  98799.40 572.09 1338.16
  98899.45 566.91 1364.72
  98999.50 561.47 1391.73
  99099.55 555.78 1419.18
  99199.60 549.85 1447.04
  99299.65 543.66 1475.29
  99399.70 537.25 1503.89
  99499.75 530.60 1532.82
  99599.80 523.74 1562.05
  99699.85 516.66 1591.53
  99799.90 509.37 1621.23
  99899.95 501.88 1651.14
 100000.00 494.20 1681.20
