-100000.00 288.19 1681.20
 -99899.95 289.35 1651.14
 -99799.90 290.49 1621.23
 -99699.85 291.62 1591.53
 -99599.80 292.73 1562.05
 -99499.75 293.82 1532.82
 -99399.70 294.89 1503.89
 -99299.65 295.94 1475.29
 -99199.60 296.98 1447.04
 -99099.55 298.00 1419.18
 -98999.50 299.01 1391.73
 -98899.45 299.99 1364.72
 -98799.40 300.96 1338.16
 -98699.35 301.91 1312.07
 -98599.30 302.84 1286.37
 -98499.25 303.76 1261.00
 -98399.20 304.65 1235.96
 -98299.15 305.53 1211.28
 -98199.10 306.39 1186.96
 -98099.05 307.23 1163.04
 -97999.00 308.05 1139.52
 -97898.95 308.86 1116.41
 -97798.90 309.64 1093.72
 -97698.85 310.41 1071.47
 -97598.80 311.16 1049.66
 -97498.75 311.89 1028.30
 -97398.70 312.60 1007.39
 -97298.65 313.29 986.94
 -97198.60 313.96 966.94
 -97098.55 314.62 947.40
 -96998.50 315.25 928.32
 -96898.45 315.87 909.69
 -96798.40 316.46 891.53
 -96698.35 317.04 873.82
 -96598.30 317.60 856.56
 -96498.25 318.13 839.75
 -96398.20 318.65 823.38
 -96298.15 319.15 807.46
 -96198.10 319.63 791.96
 -96098.05 320.09 776.89
 -95998.00 320.52 762.24
 -95897.95 320.94 748.00
 -95797.90 321.34 734.16
 -95697.85 321.72 720.71
 -95597.80 322.08 707.64
 -95497.75 322.42 694.96
 -95397.70 322.74 682.63
 -95297.65 323.04 670.67
 -95197.60 323.32 659.06
 -95097.55 323.58 647.78
 -94997.50 323.82 636.83
 -94897.45 324.04 626.21
 -94797.40 324.24 615.90
 -94697.35 324.42 605.88
 -94597.30 324.58 596.17
 -94497.25 324.72 586.73
 -94397.20 324.84 577.58
 -94297.15 324.94 568.69
 -94197.10 325.02 560.06
 -94097.05 325.09 551.69
 -93997.00 325.13 543.55
 -93896.95 325.15 535.66
 -93796.90 325.15 527.99
 -93696.85 325.14 520.55
 -93596.80 325.10 513.31
 -93496.75 325.05 506.29
 -93396.70 324.97 499.47
 -93296.65 324.88 492.84
 -93196.60 324.77 486.39
 -93096.55 324.64 480.13
 -92996.50 324.49 474.05
 -92896.45 324.32 468.13
 -92796.40 324.13 462.38
 -92696.35 323.93 456.79
 -92596.30 323.71 451.35
 -92496.25 323.46 446.06
 -92396.20 323.21 440.92
 -92296.15 322.93 435.91
 -92196.10 322.63 431.04
 -92096.05 322.32 426.30
 -91996.00 321.99 421.69
 -91895.95 321.64 417.20
 -91795.90 321.28 412.82
 -91695.85 320.90 408.57
 -91595.80 320.50 404.42
 -91495.75 320.08 400.38
 -91395.70 319.65 396.44
 -91295.65 319.20 392.61
 -91195.60 318.74 388.87
 -91095.55 318.26 385.23
 -90995.50 317.76 381.68
 -90895.45 317.25 378.22
 -90795.40 316.72 374.84
 -90695.35 316.18 371.55
 -90595.30 315.62 368.34
 -90495.25 315.05 365.21
 -90395.20 314.46 362.15
 -90295.15 313.86 359.17
 -90195.10 313.25 356.26
 -90095.05 312.62 353.42
 -89995.00 311.97 350.65
 -89894.95 311.32 347.94
 -89794.90 310.65 345.30
 -89694.85 309.96 342.72
 -89594.80 309.27 340.19
 -89494.75 308.56 337.73
 -89394.70 307.84 335.33
 -89294.65 307.10 332.97
 -89194.60 306.35 330.68
 -89094.55 305.60 328.43
 -88994.50 304.83 326.24
 -88894.45 304.05 324.09
 -88794.40 303.25 321.99
 -88694.35 302.45 319.94
 -88594.30 301.64 317.93
 -88494.25 300.81 315.97
 -88394.20 299.98 314.05
 -88294.15 299.14 312.17
 -88194.10 298.28 310.33
 -88094.05 297.42 308.53
 -87994.00 296.55 306.77
 -87893.95 295.67 305.05
 -87793.90 294.78 303.36
 -87693.85 293.88 301.70
 -87593.80 292.97 300.09
 -87493.75 292.06 298.50
 -87393.70 291.13 296.95
 -87293.65 290.20 295.42
 -87193.60 289.27 293.93
 -87093.55 288.32 292.47
 -86993.50 287.37 291.03
 -86893.45 286.42 289.63
 -86793.40 285.45 288.25
 -86693.35 284.48 286.90
 -86593.30 283.51 285.57
 -86493.25 282.53 284.27
 -86393.20 281.54 283.00
 -86293.15 280.55 281.75
 -86193.10 279.55 280.52
 -86093.05 278.55 279.31
 -85993.00 277.55 278.13
 -85892.95 276.54 276.96
 -85792.90 275.52 275.82
 -85692.85 274.51 274.70
 -85592.80 273.49 273.60
 -85492.75 272.46 272.52
 -85392.70 271.44 271.45
 -85292.65 270.41 270.41
 -85192.60 269.38 269.38
 -85092.55 268.34 268.34
 -84992.50 267.31 267.31
 -84892.45 266.27 266.27
 -84792.40 265.23 265.23
 -84692.35 264.19 264.19
 -84592.30 263.15 263.15
 -84492.25 262.10 262.10
 -84392.20 261.06 261.06
 -84292.15 260.02 260.02
 -84192.10 258.97 258.97
 -84092.05 257.93 257.93
 -83992.00 256.88 256.88
 -83891.95 255.84 255.84
 -83791.90 254.80 254.80
 -83691.85 253.75 253.75
 -83591.80 252.71 252.71
 -83491.75 251.67 251.67
 -83391.70 250.63 250.63
 -83291.65 249.59 249.59
 -83191.60 248.56 248.56
 -83091.55 247.52 247.52
 -82991.50 246.49 246.49
 -82891.45 245.46 245.46
 -82791.40 244.43 244.43
 -82691.35 243.40 243.40
 -82591.30 242.38 242.38
 -82491.25 241.36 241.36
 -82391.20 240.34 240.34
 -82291.15 239.33 239.33
 -82191.10 238.32 238.32
 -82091.05 237.31 237.31
 -81991.00 236.31 236.31
 -81890.95 235.31 235.31
 -81790.90 234.31 234.31
 -81690.85 233.32 233.32
 -81590.80 232.33 232.33
 -81490.75 231.35 231.35
 -81390.70 230.37 230.37
 -81290.65 229.40 229.40
 -81190.60 228.43 228.43
 -81090.55 227.46 227.46
 -80990.50 226.50 226.50
 -80890.45 225.55 225.55
 -80790.40 224.60 224.60
 -80690.35 223.65 223.65
 -80590.30 222.71 222.71
 -80490.25 221.78 221.78
 -80390.20 220.85 220.85
 -80290.15 219.93 219.93
 -80190.10 219.01 219.01
 -80090.05 218.10 218.10
 -79989.99 217.20 217.20
 -79889.94 216.30 216.30
 -79789.89 215.41 215.41
 -79689.84 214.52 214.52
 -79589.79 213.64 213.64
 -79489.74 212.77 212.77
 -79389.69 211.90 211.90
 -79289.64 211.04 211.04
 -79189.59 210.19 210.19
 -79089.54 209.34 209.34
 -78989.49 208.50 208.50
 -78889.44 207.66 207.66
 -78789.39 206.84 206.84
 -78689.34 206.02 206.02
 -78589.29 205.20 205.20
 -78489.24 204.40 204.40
 -78389.19 203.60 203.60
 -78289.14 202.81 202.81
 -78189.09 202.02 202.02
 -78089.04 201.24 201.24
 -77988.99 200.47 200.47
 -77888.94 199.71 199.71
 -77788.89 198.95 198.95
 -77688.84 198.20 198.20
 -77588.79 197.46 197.46
 -77488.74 196.73 196.73
 -77388.69 196.00 196.00
 -77288.64 195.28 195.28
 -77188.59 194.57 194.57
 -77088.54 193.86 193.86
 -76988.49 193.17 193.17
 -76888.44 192.47 192.47
 -76788.39 191.79 191.79
 -76688.34 191.12 191.12
 -76588.29 190.45 190.45
 -76488.24 189.79 189.79
 -76388.19 189.13 189.13
 -76288.14 188.49 188.49
 -76188.09 187.85 187.85
 -76088.04 187.22 187.22
 -75987.99 186.59 186.59
 -75887.94 185.97 185.97
 -75787.89 185.37 185.37
 -75687.84 184.76 184.76
 -75587.79 184.17 184.17
 -75487.74 183.58 183.58
 -75387.69 183.00 183.00
 -75287.64 182.43 182.43
 -75187.59 181.86 181.86
 -75087.54 181.30 181.30
 -74987.49 180.75 180.75
 -74887.44 180.20 180.20
 -74787.39 179.67 179.67
 -74687.34 179.14 179.14
 -74587.29 178.61 178.61
 -74487.24 178.10 178.10
 -74387.19 177.59 177.59
 -74287.14 177.08 177.08
 -74187.09 176.59 176.59
 -74087.04 176.10 176.10
 -73986.99 175.62 175.62
 -73886.94 175.14 175.14
 -73786.89 174.67 174.67
 -73686.84 174.21 174.21
 -73586.79 173.75 173.75
 -73486.74 173.31 173.31
 -73386.69 172.86 172.86
 -73286.64 172.43 172.43
 -73186.59 172.00 172.00
 -73086.54 171.57 171.57
 -72986.49 171.16 171.16
 -72886.44 170.75 170.75
 -72786.39 170.34 170.34
 -72686.34 169.94 169.94
 -72586.29 169.55 169.55
 -72486.24 169.17 169.17
 -72386.19 168.79 168.79
 -72286.14 168.41 168.41
 -72186.09 168.04 168.04
 -72086.04 167.68 167.68
 -71985.99 167.32 167.32
 -71885.94 166.97 166.97
 -71785.89 166.63 166.63
 -71685.84 166.29 166.29
 -71585.79 165.95 165.95
 -71485.74 165.63 165.63
 -71385.69 165.30 165.30
 -71285.64 164.99 164.99
 -71185.59 164.67 164.67
 -71085.54 164.37 164.37
 -70985.49 164.07 164.07
 -70885.44 163.77 163.77
 -70785.39 163.48 163.48
 -70685.34 163.19 163.19
 -70585.29 162.91 162.91
 -70485.24 162.63 162.63
 -70385.19 162.36 162.36
 -70285.14 162.09 162.09
 -70185.09 161.83 161.83
 -70085.04 161.58 161.58
 -69984.99 161.32 161.32
 -69884.94 161.07 161.07
 -69784.89 160.83 160.83
 -69684.84 160.59 160.59
 -69584.79 160.36 160.36
 -69484.74 160.13 160.13
 -69384.69 159.90 159.90
 -69284.64 159.68 159.68
 -69184.59 159.46 159.46
 -69084.54 159.25 159.25
 -68984.49 159.04 159.04
 -68884.44 158.83 158.83
 -68784.39 158.63 158.63
 -68684.34 158.43 158.43
 -68584.29 158.24 158.24
 -68484.24 158.05 158.05
 -68384.19 157.86 157.86
 -68284.14 157.68 157.68
 -68184.09 157.50 157.50
 -68084.04 157.33 157.33
 -67983.99 157.15 157.15
 -67883.94 156.99 156.99
 -67783.89 156.82 156.82
 -67683.84 156.66 156.66
 -67583.79 156.50 156.50
 -67483.74 156.35 156.35
 -67383.69 156.19 156.19
 -67283.64 156.04 156.04
 -67183.59 155.90 155.90
 -67083.54 155.76 155.76
 -66983.49 155.62 155.62
 -66883.44 155.48 155.48
 -66783.39 155.35 155.35
 -66683.34 155.21 155.21
 -66583.29 155.09 155.09
 -66483.24 154.96 154.96
 -66383.19 154.84 154.84
 -66283.14 154.72 154.72
 -66183.09 154.60 154.60
 -66083.04 154.48 154.48
 -65982.99 154.37 154.37
 -65882.94 154.26 154.26
 -65782.89 154.15 154.15
 -65682.84 154.05 154.05
 -65582.79 153.95 153.95
 -65482.74 153.85 153.85
 -65382.69 153.75 153.75
 -65282.64 153.65 153.65
 -65182.59 153.56 153.56
 -65082.54 153.47 153.47
 -64982.49 153.38 153.38
 -64882.44 153.29 153.29
 -64782.39 153.20 153.20
 -64682.34 153.12 153.12
 -64582.29 153.04 153.04
 -64482.24 152.96 152.96
 -64382.19 152.88 152.88
 -64282.14 152.80 152.80
 -64182.09 152.73 152.73
 -64082.04 152.66 152.66
 -63981.99 152.59 152.59
 -63881.94 152.52 152.52
 -63781.89 152.45 152.45
 -63681.84 152.38 152.38
 -63581.79 152.32 152.32
 -63481.74 152.26 152.26
 -63381.69 152.19 152.19
 -63281.64 152.13 152.13
 -63181.59 152.08 152.08
 -63081.54 152.02 152.02
 -62981.49 151.96 151.96
 -62881.44 151.91 151.91
 -62781.39 151.86 151.86
 -62681.34 151.81 151.81
 -62581.29 151.75 151.75
 -62481.24 151.71 151.71
 -62381.19 151.66 151.66
 -62281.14 151.61 151.61
 -62181.09 151.57 151.57
 -62081.04 151.52 151.52
 -61980.99 151.48 151.48
 -61880.94 151.44 151.44
 -61780.89 151.40 151.40
 -61680.84 151.36 151.36
 -61580.79 151.32 151.32
 -61480.74 151.28 151.28
 -61380.69 151.24 151.24
 -61280.64 151.21 151.21
 -61180.59 151.17 151.17
 -61080.54 151.14 151.14
 -60980.49 151.11 151.11
 -60880.44 151.07 151.07
 -60780.39 151.04 151.04
 -60680.34 151.01 151.01
 -60580.29 150.98 150.98
 -60480.24 150.95 150.95
 -60380.19 150.92 150.92
 -60280.14 150.90 150.90
 -60180.09 150.87 150.87
 -60080.04 150.84 150.84
 -59979.99 150.82 150.82
 -59879.94 150.79 150.79
 -59779.89 150.77 150.77
 -59679.84 150.75 150.75
 -59579.79 150.73 150.73
 -59479.74 150.70 150.70
 -59379.69 150.68 150.68
 -59279.64 150.66 150.66
 -59179.59 150.64 150.64
 -59079.54 150.62 150.62
 -58979.49 150.60 150.60
 -58879.44 150.58 150.58
 -58779.39 150.57 150.57
 -58679.34 150.55 150.55
 -58579.29 150.53 150.53
 -58479.24 150.52 150.52
 -58379.19 150.50 150.50
 -58279.14 150.48 150.48
 -58179.09 150.47 150.47
 -58079.04 150.45 150.45
 -57978.99 150.44 150.44
 -57878.94 150.43 150.43
 -57778.89 150.41 150.41
 -57678.84 150.40 150.40
 -57578.79 150.39 150.39
 -57478.74 150.37 150.37
 -57378.69 150.36 150.36
 -57278.64 150.35 150.35
 -57178.59 150.34 150.34
 -57078.54 150.33 150.33
 -56978.49 150.32 150.32
 -56878.44 150.31 150.31
 -56778.39 150.30 150.30
 -56678.34 150.29 150.29
 -56578.29 150.28 150.28
 -56478.24 150.27 150.27
 -56378.19 150.26 150.26
 -56278.14 150.25 150.25
 -56178.09 150.24 150.24
 -56078.04 150.24 150.24
 -55977.99 150.23 150.23
 -55877.94 150.22 150.22
 -55777.89 150.21 150.21
 -55677.84 150.21 150.21
 -55577.79 150.20 150.20
 -55477.74 150.19 150.19
 -55377.69 150.19 150.19
 -55277.64 150.18 150.18
 -55177.59 150.17 150.17
 -55077.54 150.17 150.17
 -54977.49 150.16 150.16
 -54877.44 150.16 150.16
 -54777.39 150.15 150.15
 -54677.34 150.15 150.15
 -54577.29 150.14 150.14
 -54477.24 150.14 150.14
 -54377.19 150.13 150.13
 -54277.14 150.13 150.13
 -54177.09 150.12 150.12
 -54077.04 150.12 150.12
 -53976.99 150.12 150.12
 -53876.94 150.11 150.11
 -53776.89 150.11 150.11
 -53676.84 150.10 150.10
 -53576.79 150.10 150.10
 -53476.74 150.10 150.10
 -53376.69 150.09 150.09
 -53276.64 150.09 150.09
 -53176.59 150.09 150.09
 -53076.54 150.08 150.08
 -52976.49 150.08 150.08
 -52876.44 150.08 150.08
 -52776.39 150.08 150.08
 -52676.34 150.07 150.07
 -52576.29 150.07 150.07
 -52476.24 150.07 150.07
 -52376.19 150.06 150.06
 -52276.14 150.06 150.06
 -52176.09 150.06 150.06
 -52076.04 150.06 150.06
 -51975.99 150.06 150.06
 -51875.94 150.05 150.05
 -51775.89 150.05 150.05
 -51675.84 150.05 150.05
 -51575.79 150.05 150.05
 -51475.74 150.05 150.05
 -51375.69 150.05 150.05
 -51275.64 150.04 150.04
 -51175.59 150.04 150.04
 -51075.54 150.04 150.04
 -50975.49 150.04 150.04
 -50875.44 150.04 150.04
 -50775.39 150.04 150.04
 -50675.34 150.03 150.03
 -50575.29 150.03 150.03
 -50475.24 150.03 150.03
 -50375.19 150.03 150.03
 -50275.14 150.03 150.03
 -50175.09 150.03 150.03
 -50075.04 150.03 150.03
 -49974.99 150.03 150.03
 -49874.94 150.03 150.03
 -49774.89 150.02 150.02
 -49674.84 150.02 150.02
 -49574.79 150.02 150.02
 -49474.74 150.02 150.02
 -49374.69 150.02 150.02
 -49274.64 150.02 150.02
 -49174.59 150.02 150.02
 -49074.54 150.02 150.02
 -48974.49 150.02 150.02
 -48874.44 150.02 150.02
 -48774.39 150.02 150.02
 -48674.34 150.02 150.02
 -48574.29 150.02 150.02
 -48474.24 150.01 150.01
 -48374.19 150.01 150.01
 -48274.14 150.01 150.01
 -48174.09 150.01 150.01
 -48074.04 150.01 150.01
 -47973.99 150.01 150.01
 -47873.94 150.01 150.01
 -47773.89 150.01 150.01
 -47673.84 150.01 150.01
 -47573.79 150.01 150.01
 -47473.74 150.01 150.01
 -47373.69 150.01 150.01
 -47273.64 150.01 150.01
 -47173.59 150.01 150.01
 -47073.54 150.01 150.01
 -46973.49 150.01 150.01
 -46873.44 150.01 150.01
 -46773.39 150.01 150.01
 -46673.34 150.01 150.01
 -46573.29 150.01 150.01
 -46473.24 150.01 150.01
 -46373.19 150.01 150.01
 -46273.14 150.01 150.01
 -46173.09 150.01 150.01
 -46073.04 150.01 150.01
 -45972.99 150.01 150.01
 -45872.94 150.01 150.01
 -45772.89 150.00 150.00
 -45672.84 150.00 150.00
 -45572.79 150.00 150.00
 -45472.74 150.00 150.00
 -45372.69 150.00 150.00
 -45272.64 150.00 150.00
 -45172.59 150.00 150.00
 -45072.54 150.00 150.00
 -44972.49 150.00 150.00
 -44872.44 150.00 150.00
 -44772.39 150.00 150.00
 -44672.34 150.00 150.00
 -44572.29 150.00 150.00
 -44472.24 150.00 150.00
 -44372.19 150.00 150.00
 -44272.14 150.00 150.00
 -44172.09 150.00 150.00
 -44072.04 150.00 150.00
 -43971.99 150.00 150.00
 -43871.94 150.00 150.00
 -43771.89 150.00 150.00
 -43671.84 150.00 150.00
 -43571.79 150.00 150.00
 -43471.74 150.00 150.00
 -43371.69 150.00 150.00
 -43271.64 150.00 150.00
 -43171.59 150.00 150.00
 -43071.54 150.00 150.00
 -42971.49 150.00 150.00
 -42871.44 150.00 150.00
 -42771.39 150.00 150.00
 -42671.34 150.00 150.00
 -42571.29 150.00 150.00
 -42471.24 150.00 150.00
 -42371.19 150.00 150.00
 -42271.14 150.00 150.00
 -42171.09 150.00 150.00
 -42071.04 150.00 150.00
 -41970.99 150.00 150.00
 -41870.94 150.00 150.00
 -41770.89 150.00 150.00
 -41670.84 150.00 150.00
 -41570.79 150.00 150.00
 -41470.74 150.00 150.00
 -41370.69 150.00 150.00
 -41270.64 150.00 150.00
 -41170.59 150.00 150.00
 -41070.54 150.00 150.00
 -40970.49 150.00 150.00
 -40870.44 150.00 150.00
 -40770.39 150.00 150.00
 -40670.34 150.00 150.00
 -40570.29 150.00 150.00
 -40470.24 150.00 150.00
 -40370.19 150.00 150.00
 -40270.14 150.00 150.00
 -40170.09 150.00 150.00
 -40070.04 150.00 150.00
 -39969.98 150.00 150.00
 -39869.93 150.00 150.00
 -39769.88 150.00 150.00
 -39669.83 150.00 150.00
 -39569.78 150.00 150.00
 -39469.73 150.00 150.00
 -39369.68 150.00 150.00
 -39269.63 150.00 150.00
 -39169.58 150.00 150.00
 -39069.53 150.00 150.00
 -38969.48 150.00 150.00
 -38869.43 150.00 150.00
 -38769.38 150.00 150.00
 -38669.33 150.00 150.00
 -38569.28 150.00 150.00
 -38469.23 150.00 150.00
 -38369.18 150.00 150.00
 -38269.13 150.00 150.00
 -38169.08 150.00 150.00
 -38069.03 150.00 150.00
 -37968.98 150.00 150.00
 -37868.93 150.00 150.00
 -37768.88 150.00 150.00
 -37668.83 150.00 150.00
 -37568.78 150.00 150.00
 -37468.73 150.00 150.00
 -37368.68 150.00 150.00
 -37268.63 150.00 150.00
 -37168.58 150.00 150.00
 -37068.53 150.00 150.00
 -36968.48 150.00 150.00
 -36868.43 150.00 150.00
 -36768.38 150.00 150.00
 -36668.33 150.00 150.00
 -36568.28 150.00 150.00
 -36468.23 150.00 150.00
 -36368.18 150.00 150.00
 -36268.13 150.00 150.00
 -36168.08 150.00 150.00
 -36068.03 150.00 150.00
 -35967.98 150.00 150.00
 -35867.93 150.00 150.00
 -35767.88 150.00 150.00
 -35667.83 150.00 150.00
 -35567.78 150.00 150.00
 -35467.73 150.00 150.00
 -35367.68 150.00 150.00
 -35267.63 150.00 150.00
 -35167.58 150.00 150.00
 -35067.53 150.00 150.00
 -34967.48 150.00 150.00
 -34867.43 150.00 150.00
 -34767.38 150.00 150.00
 -34667.33 150.00 150.00
 -34567.28 150.00 150.00
 -34467.23 150.00 150.00
 -34367.18 150.00 150.00
 -34267.13 150.00 150.00
 -34167.08 150.00 150.00
 -34067.03 150.00 150.00
 -33966.98 150.00 150.00
 -33866.93 150.00 150.00
 -33766.88 150.00 150.00
 -33666.83 150.00 150.00
 -33566.78 150.00 150.00
 -33466.73 150.00 150.00
 -33366.68 150.00 150.00
 -33266.63 150.00 150.00
 -33166.58 150.00 150.00
 -33066.53 150.00 150.00
 -32966.48 150.00 150.00
 -32866.43 150.00 150.00
 -32766.38 150.00 150.00
 -32666.33 150.00 150.00
 -32566.28 150.00 150.00
 -32466.23 150.00 150.00
 -32366.18 150.00 150.00
 -32266.13 150.00 150.00
 -32166.08 150.00 150.00
 -32066.03 150.00 150.00
 -31965.98 150.00 150.00
 -31865.93 150.00 150.00
 -31765.88 150.00 150.00
 -31665.83 150.00 150.00
 -31565.78 150.00 150.00
 -31465.73 150.00 150.00
 -31365.68 150.00 150.00
 -31265.63 150.00 150.00
 -31165.58 150.00 150.00
 -31065.53 150.00 150.00
 -30965.48 150.00 150.00
 -30865.43 150.00 150.00
 -30765.38 150.00 150.00
 -30665.33 150.00 150.00
 -30565.28 150.00 150.00
 -30465.23 150.00 150.00
 -30365.18 150.00 150.00
 -30265.13 150.00 150.00
 -30165.08 150.00 150.00
 -30065.03 150.00 150.00
 -29964.98 150.00 150.00
 -29864.93 150.00 150.00
 -29764.88 150.00 150.00
 -29664.83 150.00 150.00
 -29564.78 150.00 150.00
 -29464.73 150.00 150.00
 -29364.68 150.00 150.00
 -29264.63 150.00 150.00
 -29164.58 150.00 150.00
 -29064.53 150.00 150.00
 -28964.48 150.00 150.00
 -28864.43 150.00 150.00
 -28764.38 150.00 150.00
 -28664.33 150.00 150.00
 -28564.28 150.00 150.00
 -28464.23 150.00 150.00
 -28364.18 150.00 150.00
 -28264.13 150.00 150.00
 -28164.08 150.00 150.00
 -28064.03 150.00 150.00
 -27963.98 150.00 150.00
 -27863.93 150.00 150.00
 -27763.88 150.00 150.00
 -27663.83 150.00 150.00
 -27563.78 150.00 150.00
 -27463.73 150.00 150.00
 -27363.68 150.00 150.00
 -27263.63 150.00 150.00
 -27163.58 150.00 150.00
 -27063.53 150.00 150.00
 -26963.48 150.00 150.00
 -26863.43 150.00 150.00
 -26763.38 150.00 150.00
 -26663.33 150.00 150.00
 -26563.28 150.00 150.00
 -26463.23 150.00 150.00
 -26363.18 150.00 150.00
 -26263.13 150.00 150.00
 -26163.08 150.00 150.00
 -26063.03 150.00 150.00
 -25962.98 150.00 150.00
 -25862.93 150.00 150.00
 -25762.88 150.00 150.00
 -25662.83 150.00 150.00
 -25562.78 150.00 150.00
 -25462.73 150.00 150.00
 -25362.68 150.00 150.00
 -25262.63 150.00 150.00
 -25162.58 150.00 150.00
 -25062.53 150.00 150.00
 -24962.48 150.00 150.00
 -24862.43 150.00 150.00
 -24762.38 150.00 150.00
 -24662.33 150.00 150.00
 -24562.28 150.00 150.00
 -24462.23 150.00 150.00
 -24362.18 150.00 150.00
 -24262.13 150.00 150.00
 -24162.08 150.00 150.00
 -24062.03 150.00 150.00
 -23961.98 150.00 150.00
 -23861.93 150.00 150.00
 -23761.88 150.00 150.00
 -23661.83 150.00 150.00
 -23561.78 150.00 150.00
 -23461.73 150.00 150.00
 -23361.68 150.00 150.00
 -23261.63 150.00 150.00
 -23161.58 150.00 150.00
 -23061.53 150.00 150.00
 -22961.48 150.00 150.00
 -22861.43 150.00 150.00
 -22761.38 150.00 150.00
 -22661.33 150.00 150.00
 -22561.28 150.00 150.00
 -22461.23 150.00 150.00
 -22361.18 150.00 150.00
 -22261.13 150.00 150.00
 -22161.08 150.00 150.00
 -22061.03 150.00 150.00
 -21960.98 150.00 150.00
 -21860.93 150.00 150.00
 -21760.88 150.00 150.00
 -21660.83 150.00 150.00
 -21560.78 150.00 150.00
 -21460.73 150.00 150.00
 -21360.68 150.00 150.00
 -21260.63 150.00 150.00
 -21160.58 150.00 150.00
 -21060.53 150.00 150.00
 -20960.48 150.00 150.00
 -20860.43 150.00 150.00
 -20760.38 150.00 150.00
 -20660.33 150.00 150.00
 -20560.28 150.00 150.00
 -20460.23 150.00 150.00
 -20360.18 150.00 150.00
 -20260.13 150.00 150.00
 -20160.08 150.00 150.00
 -20060.03 150.00 150.00
 -19959.98 150.00 150.00
 -19859.93 150.00 150.00
 -19759.88 150.00 150.00
 -19659.83 150.00 150.00
 -19559.78 150.00 150.00
 -19459.73 150.00 150.00
 -19359.68 150.00 150.00
 -19259.63 150.00 150.00
 -19159.58 150.00 150.00
 -19059.53 150.00 150.00
 -18959.48 150.00 150.00
 -18859.43 150.00 150.00
 -18759.38 150.00 150.00
 -18659.33 150.00 150.00
 -18559.28 150.00 150.00
 -18459.23 150.00 150.00
 -18359.18 150.00 150.00
 -18259.13 150.00 150.00
 -18159.08 150.00 150.00
 -18059.03 150.00 150.00
 -17958.98 150.00 150.00
 -17858.93 150.00 150.00
 -17758.88 150.00 150.00
 -17658.83 150.00 150.00
 -17558.78 150.00 150.00
 -17458.73 150.00 150.00
 -17358.68 150.00 150.00
 -17258.63 150.00 150.00
 -17158.58 150.00 150.00
 -17058.53 150.00 150.00
 -16958.48 150.00 150.00
 -16858.43 150.00 150.00
 -16758.38 150.00 150.00
 -16658.33 150.00 150.00
 -16558.28 150.00 150.00
 -16458.23 150.00 150.00
 -16358.18 150.00 150.00
 -16258.13 150.00 150.00
 -16158.08 150.00 150.00
 -16058.03 150.00 150.00
 -15957.98 150.00 150.00
 -15857.93 150.00 150.00
 -15757.88 150.00 150.00
 -15657.83 150.00 150.00
 -15557.78 150.00 150.00
 -15457.73 150.00 150.00
 -15357.68 150.00 150.00
 -15257.63 150.00 150.00
 -15157.58 150.00 150.00
 -15057.53 150.00 150.00
 -14957.48 150.00 150.00
 -14857.43 150.00 150.00
 -14757.38 150.00 150.00
 -14657.33 150.00 150.00
 -14557.28 150.00 150.00
 -14457.23 150.00 150.00
 -14357.18 150.00 150.00
 -14257.13 150.00 150.00
 -14157.08 150.00 150.00
 -14057.03 150.00 150.00
 -13956.98 150.00 150.00
 -13856.93 150.00 150.00
 -13756.88 150.00 150.00
 -13656.83 150.00 150.00
 -13556.78 150.00 150.00
 -13456.73 150.00 150.00
 -13356.68 150.00 150.00
 -13256.63 150.00 150.00
 -13156.58 150.00 150.00
 -13056.53 150.00 150.00
 -12956.48 150.00 150.00
 -12856.43 150.00 150.00
 -12756.38 150.00 150.00
 -12656.33 150.00 150.00
 -12556.28 150.00 150.00
 -12456.23 150.00 150.00
 -12356.18 150.00 150.00
 -12256.13 150.00 150.00
 -12156.08 150.00 150.00
 -12056.03 150.00 150.00
 -11955.98 150.00 150.00
 -11855.93 150.00 150.00
 -11755.88 150.00 150.00
 -11655.83 150.00 150.00
 -11555.78 150.00 150.00
 -11455.73 150.00 150.00
 -11355.68 150.00 150.00
 -11255.63 150.00 150.00
 -11155.58 150.00 150.00
 -11055.53 150.00 150.00
 -10955.48 150.00 150.00
 -10855.43 150.00 150.00
 -10755.38 150.00 150.00
 -10655.33 150.00 150.00
 -10555.28 150.00 150.00
 -10455.23 150.00 150.00
 -10355.18 150.00 150.00
 -10255.13 150.00 150.00
 -10155.08 150.00 150.00
 -10055.03 150.00 150.00
  -9954.98 150.00 150.00
  -9854.93 150.00 150.00
  -9754.88 150.00 150.00
  -9654.83 150.00 150.00
  -9554.78 150.00 150.00
  -9454.73 150.00 150.00
  -9354.68 150.00 150.00
  -9254.63 150.00 150.00
  -9154.58 150.00 150.00
  -9054.53 150.00 150.00
  -8954.48 150.00 150.00
  -8854.43 150.00 150.00
  -8754.38 150.00 150.00
  -8654.33 150.00 150.00
  -8554.28 150.00 150.00
  -8454.23 150.00 150.00
  -8354.18 150.00 150.00
  -8254.13 150.00 150.00
  -8154.08 150.00 150.00
  -8054.03 150.00 150.00
  -7953.98 150.00 150.00
  -7853.93 150.00 150.00
  -7753.88 150.00 150.00
  -7653.83 150.00 150.00
  -7553.78 150.00 150.00
  -7453.73 150.00 150.00
  -7353.68 150.00 150.00
  -7253.63 150.00 150.00
  -7153.58 150.00 150.00
  -7053.53 150.00 150.00
  -6953.48 150.00 150.00
  -6853.43 150.00 150.00
  -6753.38 150.00 150.00
  -6653.33 150.00 150.00
  -6553.28 150.00 150.00
  -6453.23 150.00 150.00
  -6353.18 150.00 150.00
  -6253.13 150.00 150.00
  -6153.08 150.00 150.00
  -6053.03 150.00 150.00
  -5952.98 150.00 150.00
  -5852.93 150.00 150.00
  -5752.88 150.00 150.00
  -5652.83 150.00 150.00
  -5552.78 150.00 150.00
  -5452.73 150.00 150.00
  -5352.68 150.00 150.00
  -5252.63 150.00 150.00
  -5152.58 150.00 150.00
  -5052.53 150.00 150.00
  -4952.48 150.00 150.00
  -4852.43 150.00 150.00
  -4752.38 150.00 150.00
  -4652.33 150.00 150.00
  -4552.28 150.00 150.00
  -4452.23 150.00 150.00
  -4352.18 150.00 150.00
  -4252.13 150.00 150.00
  -4152.08 150.00 150.00
  -4052.03 150.00 150.00
  -3951.98 150.00 150.00
  -3851.93 150.00 150.00
  -3751.88 150.00 150.00
  -3651.83 150.00 150.00
  -3551.78 150.00 150.00
  -3451.73 150.00 150.00
  -3351.68 150.00 150.00
  -3251.63 150.00 150.00
  -3151.58 150.00 150.00
  -3051.53 150.00 150.00
  -2951.48 150.00 150.00
  -2851.43 150.00 150.00
  -2751.38 150.00 150.00
  -2651.33 150.00 150.00
  -2551.28 150.00 150.00
  -2451.23 150.00 150.00
  -2351.18 150.00 150.00
  -2251.13 150.00 150.00
  -2151.08 150.00 150.00
  -2051.03 150.00 150.00
  -1950.98 150.00 150.00
  -1850.93 150.00 150.00
  -1750.88 150.00 150.00
  -1650.83 150.00 150.00
  -1550.78 150.00 150.00
  -1450.73 150.00 150.00
  -1350.68 150.00 150.00
  -1250.63 150.00 150.00
  -1150.58 150.00 150.00
  -1050.53 150.00 150.00
   -950.48 150.00 150.00
   -850.43 150.00 150.00
   -750.38 150.00 150.00
   -650.33 150.00 150.00
   -550.28 150.00 150.00
   -450.23 150.00 150.00
   -350.18 150.00 150.00
   -250.13 150.00 150.00
   -150.08 150.00 150.00
    -50.03 150.00 150.00
     50.03 150.00 150.00
    150.08 150.00 150.00
    250.13 150.00 150.00
    350.18 150.00 150.00
    450.23 150.00 150.00
    550.28 150.00 150.00
    650.33 150.00 150.00
    750.38 150.00 150.00
    850.43 150.00 150.00
    950.48 150.00 150.00
   1050.53 150.00 150.00
   1150.58 150.00 150.00
   1250.63 150.00 150.00
   1350.68 150.00 150.00
   1450.73 150.00 150.00
   1550.78 150.00 150.00
   1650.83 150.00 150.00
   1750.88 150.00 150.00
   1850.93 150.00 150.00
   1950.98 150.00 150.00
   2051.03 150.00 150.00
   2151.08 150.00 150.00
   2251.13 150.00 150.00
   2351.18 150.00 150.00
   2451.23 150.00 150.00
   2551.28 150.00 150.00
   2651.33 150.00 150.00
   2751.38 150.00 150.00
   2851.43 150.00 150.00
   2951.48 150.00 150.00
   3051.53 150.00 150.00
   3151.58 150.00 150.00
   3251.63 150.00 150.00
   3351.68 150.00 150.00
   3451.73 150.00 150.00
   3551.78 150.00 150.00
   3651.83 150.00 150.00
   3751.88 150.00 150.00
   3851.93 150.00 150.00
   3951.98 150.00 150.00
   4052.03 150.00 150.00
   4152.08 150.00 150.00
   4252.13 150.00 150.00
   4352.18 150.00 150.00
   4452.23 150.00 150.00
   4552.28 150.00 150.00
   4652.33 150.00 150.00
   4752.38 150.00 150.00
   4852.43 150.00 150.00
   4952.48 150.00 150.00
   5052.53 150.00 150.00
   5152.58 150.00 150.00
   5252.63 150.00 150.00
   5352.68 150.00 150.00
   5452.73 150.00 150.00
   5552.78 150.00 150.00
   5652.83 150.00 150.00
   5752.88 150.00 150.00
   5852.93 150.00 150.00
   5952.98 150.00 150.00
   6053.03 150.00 150.00
   6153.08 150.00 150.00
   6253.13 150.00 150.00
   6353.18 150.00 150.00
   6453.23 150.00 150.00
   6553.28 150.00 150.00
   6653.33 150.00 150.00
   6753.38 150.00 150.00
   6853.43 150.00 150.00
   6953.48 150.00 150.00
   7053.53 150.00 150.00
   7153.58 150.00 150.00
   7253.63 150.00 150.00
   7353.68 150.00 150.00
   7453.73 150.00 150.00
   7553.78 150.00 150.00
   7653.83 150.00 150.00
   7753.88 150.00 150.00
   7853.93 150.00 150.00
   7953.98 150.00 150.00
   8054.03 150.00 150.00
   8154.08 150.00 150.00
   8254.13 150.00 150.00
   8354.18 150.00 150.00
   8454.23 150.00 150.00
   8554.28 150.00 150.00
   8654.33 150.00 150.00
   8754.38 150.00 150.00
   8854.43 150.00 150.00
   8954.48 150.00 150.00
   9054.53 150.00 150.00
   9154.58 150.00 150.00
   9254.63 150.00 150.00
   9354.68 150.00 150.00
   9454.73 150.00 150.00
   9554.78 150.00 150.00
   9654.83 150.00 150.00
   9754.88 150.00 150.00
   9854.93 150.00 150.00
   9954.98 150.00 150.00
  10055.03 150.00 150.00
  10155.08 150.00 150.00
  10255.13 150.00 150.00
  10355.18 150.00 150.00
  10455.23 150.00 150.00
  10555.28 150.00 150.00
  10655.33 150.00 150.00
  10755.38 150.00 150.00
  10855.43 150.00 150.00
  10955.48 150.00 150.00
  11055.53 150.00 150.00
  11155.58 150.00 150.00
  11255.63 150.00 150.00
  11355.68 150.00 150.00
  11455.73 150.00 150.00
  11555.78 150.00 150.00
  11655.83 150.00 150.00
  11755.88 150.00 150.00
  11855.93 150.00 150.00
  11955.98 150.00 150.00
  12056.03 150.00 150.00
  12156.08 150.00 150.00
  12256.13 150.00 150.00
  12356.18 150.00 150.00
  12456.23 150.00 150.00
  12556.28 150.00 150.00
  12656.33 150.00 150.00
  12756.38 150.00 150.00
  12856.43 150.00 150.00
  12956.48 150.00 150.00
  13056.53 150.00 150.00
  13156.58 150.00 150.00
  13256.63 150.00 150.00
  13356.68 150.00 150.00
  13456.73 150.00 150.00
  13556.78 150.00 150.00
  13656.83 150.00 150.00
  13756.88 150.00 150.00
  13856.93 150.00 150.00
  13956.98 150.00 150.00
  14057.03 150.00 150.00
  14157.08 150.00 150.00
  14257.13 150.00 150.00
  14357.18 150.00 150.00
  14457.23 150.00 150.00
  14557.28 150.00 150.00
  14657.33 150.00 150.00
  14757.38 150.00 150.00
  14857.43 150.00 150.00
  14957.48 150.00 150.00
  15057.53 150.00 150.00
  15157.58 150.00 150.00
  15257.63 150.00 150.00
  15357.68 150.00 150.00
  15457.73 150.00 150.00
  15557.78 150.00 150.00
  15657.83 150.00 150.00
  15757.88 150.00 150.00
  15857.93 150.00 150.00
  15957.98 150.00 150.00
  16058.03 150.00 150.00
  16158.08 150.00 150.00
  16258.13 150.00 150.00
  16358.18 150.00 150.00
  16458.23 150.00 150.00
  16558.28 150.00 150.00
  16658.33 150.00 150.00
  16758.38 150.00 150.00
  16858.43 150.00 150.00
  16958.48 150.00 150.00
  17058.53 150.00 150.00
  17158.58 150.00 150.00
  17258.63 150.00 150.00
  17358.68 150.00 150.00
  17458.73 150.00 150.00
  17558.78 150.00 150.00
  17658.83 150.00 150.00
  17758.88 150.00 150.00
  17858.93 150.00 150.00
  17958.98 150.00 150.00
  18059.03 150.00 150.00
  18159.08 150.00 150.00
  18259.13 150.00 150.00
  18359.18 150.00 150.00
  18459.23 150.00 150.00
  18559.28 150.00 150.00
  18659.33 150.00 150.00
  18759.38 150.00 150.00
  18859.43 150.00 150.00
  18959.48 150.00 150.00
  19059.53 150.00 150.00
  19159.58 150.00 150.00
  19259.63 150.00 150.00
  19359.68 150.00 150.00
  19459.73 150.00 150.00
  19559.78 150.00 150.00
  19659.83 150.00 150.00
  19759.88 150.00 150.00
  19859.93 150.00 150.00
  19959.98 150.00 150.00
  20060.03 150.00 150.00
  20160.08 150.00 150.00
  20260.13 150.00 150.00
  20360.18 150.00 150.00
  20460.23 150.00 150.00
  20560.28 150.00 150.00
  20660.33 150.00 150.00
  20760.38 150.00 150.00
  20860.43 150.00 150.00
  20960.48 150.00 150.00
  21060.53 150.00 150.00
  21160.58 150.00 150.00
  21260.63 150.00 150.00
  21360.68 150.00 150.00
  21460.73 150.00 150.00
  21560.78 150.00 150.00
  21660.83 150.00 150.00
  21760.88 150.00 150.00
  21860.93 150.00 150.00
  21960.98 150.00 150.00
  22061.03 150.00 150.00
  22161.08 150.00 150.00
  22261.13 150.00 150.00
  22361.18 150.00 150.00
  22461.23 150.00 150.00
  22561.28 150.00 150.00
  22661.33 150.00 150.00
  22761.38 150.00 150.00
  22861.43 150.00 150.00
  22961.48 150.00 150.00
  23061.53 150.00 150.00
  23161.58 150.00 150.00
  23261.63 150.00 150.00
  23361.68 150.00 150.00
  23461.73 150.00 150.00
  23561.78 150.00 150.00
  23661.83 150.00 150.00
  23761.88 150.00 150.00
  23861.93 150.00 150.00
  23961.98 150.00 150.00
  24062.03 150.00 150.00
  24162.08 150.00 150.00
  24262.13 150.00 150.00
  24362.18 150.00 150.00
  24462.23 150.00 150.00
  24562.28 150.00 150.00
  24662.33 150.00 150.00
  24762.38 150.00 150.00
  24862.43 150.00 150.00
  24962.48 150.00 150.00
  25062.53 150.00 150.00
  25162.58 150.00 150.00
  25262.63 150.00 150.00
  25362.68 150.00 150.00
  25462.73 150.00 150.00
  25562.78 150.00 150.00
  25662.83 150.00 150.00
  25762.88 150.00 150.00
  25862.93 150.00 150.00
  25962.98 150.00 150.00
  26063.03 150.00 150.00
  26163.08 150.00 150.00
  26263.13 150.00 150.00
  26363.18 150.00 150.00
  26463.23 150.00 150.00
  26563.28 150.00 150.00
  26663.33 150.00 150.00
  26763.38 150.00 150.00
  26863.43 150.00 150.00
  26963.48 150.00 150.00
  27063.53 150.00 150.00
  27163.58 150.00 150.00
  27263.63 150.00 150.00
  27363.68 150.00 150.00
  27463.73 150.00 150.00
  27563.78 150.00 150.00
  27663.83 150.00 150.00
  27763.88 150.00 150.00
  27863.93 150.00 150.00
  27963.98 150.00 150.00
  28064.03 150.00 150.00
  28164.08 150.00 150.00
  28264.13 150.00 150.00
  28364.18 150.00 150.00
  28464.23 150.00 150.00
  28564.28 150.00 150.00
  28664.33 150.00 150.00
  28764.38 150.00 150.00
  28864.43 150.00 150.00
  28964.48 150.00 150.00
  29064.53 150.00 150.00
  29164.58 150.00 150.00
  29264.63 150.00 150.00
  29364.68 150.00 150.00
  29464.73 150.00 150.00
  29564.78 150.00 150.00
  29664.83 150.00 150.00
  29764.88 150.00 150.00
  29864.93 150.00 150.00
  29964.98 150.00 150.00
  30065.03 150.00 150.00
  30165.08 150.00 150.00
  30265.13 150.00 150.00
  30365.18 150.00 150.00
  30465.23 150.00 150.00
  30565.28 150.00 150.00
  30665.33 150.00 150.00
  30765.38 150.00 150.00
  30865.43 150.00 150.00
  30965.48 150.00 150.00
  31065.53 150.00 150.00
  31165.58 150.00 150.00
  31265.63 150.00 150.00
  31365.68 150.00 150.00
  31465.73 150.00 150.00
  31565.78 150.00 150.00
  31665.83 150.00 150.00
  31765.88 150.00 150.00
  31865.93 150.00 150.00
  31965.98 150.00 150.00
  32066.03 150.00 150.00
  32166.08 150.00 150.00
  32266.13 150.00 150.00
  32366.18 150.00 150.00
  32466.23 150.00 150.00
  32566.28 150.00 150.00
  32666.33 150.00 150.00
  32766.38 150.00 150.00
  32866.43 150.00 150.00
  32966.48 150.00 150.00
  33066.53 150.00 150.00
  33166.58 150.00 150.00
  33266.63 150.00 150.00
  33366.68 150.00 150.00
  33466.73 150.00 150.00
  33566.78 150.00 150.00
  33666.83 150.00 150.00
  33766.88 150.00 150.00
  33866.93 150.00 150.00
  33966.98 150.00 150.00
  34067.03 150.00 150.00
  34167.08 150.00 150.00
  34267.13 150.00 150.00
  34367.18 150.00 150.00
  34467.23 150.00 150.00
  34567.28 150.00 150.00
  34667.33 150.00 150.00
  34767.38 150.00 150.00
  34867.43 150.00 150.00
  34967.48 150.00 150.00
  35067.53 150.00 150.00
  35167.58 150.00 150.00
  35267.63 150.00 150.00
  35367.68 150.00 150.00
  35467.73 150.00 150.00
  35567.78 150.00 150.00
  35667.83 150.00 150.00
  35767.88 150.00 150.00
  35867.93 150.00 150.00
  35967.98 150.00 150.00
  36068.03 150.00 150.00
  36168.08 150.00 150.00
  36268.13 150.00 150.00
  36368.18 150.00 150.00
  36468.23 150.00 150.00
  36568.28 150.00 150.00
  36668.33 150.00 150.00
  36768.38 150.00 150.00
  36868.43 150.00 150.00
  36968.48 150.00 150.00
  37068.53 150.00 150.00
  37168.58 150.00 150.00
  37268.63 150.00 150.00
  37368.68 150.00 150.00
  37468.73 150.00 150.00
  37568.78 150.00 150.00
  37668.83 150.00 150.00
  37768.88 150.00 150.00
  37868.93 150.00 150.00
  37968.98 150.00 150.00
  38069.03 150.00 150.00
  38169.08 150.00 150.00
  38269.13 150.00 150.00
  38369.18 150.00 150.00
  38469.23 150.00 150.00
  38569.28 150.00 150.00
  38669.33 150.00 150.00
  38769.38 150.00 150.00
  38869.43 150.00 150.00
  38969.48 150.00 150.00
  39069.53 150.00 150.00
  39169.58 150.00 150.00
  39269.63 150.00 150.00
  39369.68 150.00 150.00
  39469.73 150.00 150.00
  39569.78 150.00 150.00
  39669.83 150.00 150.00
  39769.88 150.00 150.00
  39869.93 150.00 150.00
  39969.98 150.00 150.00
  40070.04 150.00 150.00
  40170.09 150.00 150.00
  40270.14 150.00 150.00
  40370.19 150.00 150.00
  40470.24 150.00 150.00
  40570.29 150.00 150.00
  40670.34 150.00 150.00
  40770.39 150.00 150.00
  40870.44 150.00 150.00
  40970.49 150.00 150.00
  41070.54 150.00 150.00
  41170.59 150.00 150.00
  41270.64 150.00 150.00
  41370.69 150.00 150.00
  41470.74 150.00 150.00
  41570.79 150.00 150.00
  41670.84 150.00 150.00
  41770.89 150.00 150.00
  41870.94 150.00 150.00
  41970.99 150.00 150.00
  42071.04 150.00 150.00
  42171.09 150.00 150.00
  42271.14 150.00 150.00
  42371.19 150.00 150.00
  42471.24 150.00 150.00
  42571.29 150.00 150.00
  42671.34 150.00 150.00
  42771.39 150.00 150.00
  42871.44 150.00 150.00
  42971.49 150.00 150.00
  43071.54 150.00 150.00
  43171.59 150.00 150.00
  43271.64 150.00 150.00
  43371.69 150.00 150.00
  43471.74 150.00 150.00
  43571.79 150.00 150.00
  43671.84 150.00 150.00
  43771.89 150.00 150.00
  43871.94 150.00 150.00
  43971.99 150.00 150.00
  44072.04 150.00 150.00
  44172.09 150.00 150.00
  44272.14 150.00 150.00
  44372.19 150.00 150.00
  44472.24 150.00 150.00
  44572.29 150.00 150.00
  44672.34 150.00 150.00
  44772.39 150.00 150.00
  44872.44 150.00 150.00
  44972.49 150.00 150.00
  45072.54 150.00 150.00
  45172.59 150.00 150.00
  45272.64 150.00 150.00
  45372.69 150.00 150.00
  45472.74 150.00 150.00
  45572.79 150.00 150.00
  45672.84 150.00 150.00
  45772.89 150.00 150.00
  45872.94 150.01 150.01
  45972.99 150.01 150.01
  46073.04 150.01 150.01
  46173.09 150.01 150.01
  46273.14 150.01 150.01
  46373.19 150.01 150.01
  46473.24 150.01 150.01
  46573.29 150.01 150.01
  46673.34 150.01 150.01
  46773.39 150.01 150.01
  46873.44 150.01 150.01
  46973.49 150.01 150.01
  47073.54 150.01 150.01
  47173.59 150.01 150.01
  47273.64 150.01 150.01
  47373.69 150.01 150.01
  47473.74 150.01 150.01
  47573.79 150.01 150.01
  47673.84 150.01 150.01
  47773.89 150.01 150.01
  47873.94 150.01 150.01
  47973.99 150.01 150.01
  48074.04 150.01 150.01
  48174.09 150.01 150.01
  48274.14 150.01 150.01
  48374.19 150.01 150.01
  48474.24 150.01 150.01
  48574.29 150.02 150.02
  48674.34 150.02 150.02
  48774.39 150.02 150.02
  48874.44 150.02 150.02
  48974.49 150.02 150.02
  49074.54 150.02 150.02
  49174.59 150.02 150.02
  49274.64 150.02 150.02
  49374.69 150.02 150.02
  49474.74 150.02 150.02
  49574.79 150.02 150.02
  49674.84 150.02 150.02
  49774.89 150.02 150.02
  49874.94 150.03 150.03
  49974.99 150.03 150.03
  50075.04 150.03 150.03
  50175.09 150.03 150.03
  50275.14 150.03 150.03
  50375.19 150.03 150.03
  50475.24 150.03 150.03
  50575.29 150.03 150.03
  50675.34 150.03 150.03
  50775.39 150.04 150.04
  50875.44 150.04 150.04
  50975.49 150.04 150.04
  51075.54 150.04 150.04
  51175.59 150.04 150.04
  51275.64 150.04 150.04
  51375.69 150.05 150.05
  51475.74 150.05 150.05
  51575.79 150.05 150.05
  51675.84 150.05 150.05
  51775.89 150.05 150.05
  51875.94 150.05 150.05
  51975.99 150.06 150.06
  52076.04 150.06 150.06
  52176.09 150.06 150.06
  52276.14 150.06 150.06
  52376.19 150.06 150.06
  52476.24 150.07 150.07
  52576.29 150.07 150.07
  52676.34 150.07 150.07
  52776.39 150.08 150.08
  52876.44 150.08 150.08
  52976.49 150.08 150.08
  53076.54 150.08 150.08
  53176.59 150.09 150.09
  53276.64 150.09 150.09
  53376.69 150.09 150.09
  53476.74 150.10 150.10
  53576.79 150.10 150.10
  53676.84 150.10 150.10
  53776.89 150.11 150.11
  53876.94 150.11 150.11
  53976.99 150.12 150.12
  54077.04 150.12 150.12
  54177.09 150.12 150.12
  54277.14 150.13 150.13
  54377.19 150.13 150.13
  54477.24 150.14 150.14
  54577.29 150.14 150.14
  54677.34 150.15 150.15
  54777.39 150.15 150.15
  54877.44 150.16 150.16
  54977.49 150.16 150.16
  55077.54 150.17 150.17
  55177.59 150.17 150.17
  55277.64 150.18 150.18
  55377.69 150.19 150.19
  55477.74 150.19 150.19
  55577.79 150.20 150.20
  55677.84 150.21 150.21
  55777.89 150.21 150.21
  55877.94 150.22 150.22
  55977.99 150.23 150.23
  56078.04 150.24 150.24
  56178.09 150.24 150.24
  56278.14 150.25 150.25
  56378.19 150.26 150.26
  56478.24 150.27 150.27
  56578.29 150.28 150.28
  56678.34 150.29 150.29
  56778.39 150.30 150.30
  56878.44 150.31 150.31
  56978.49 150.32 150.32
  57078.54 150.33 150.33
  57178.59 150.34 150.34
  57278.64 150.35 150.35
  57378.69 150.36 150.36
  57478.74 150.37 150.37
  57578.79 150.39 150.39
  57678.84 150.40 150.40
  57778.89 150.41 150.41
  57878.94 150.43 150.43
  57978.99 150.44 150.44
  58079.04 150.45 150.45
  58179.09 150.47 150.47
  58279.14 150.48 150.48
  58379.19 150.50 150.50
  58479.24 150.52 150.52
  58579.29 150.53 150.53
  58679.34 150.55 150.55
  58779.39 150.57 150.57
  58879.44 150.58 150.58
  58979.49 150.60 150.60
  59079.54 150.62 150.62
  59179.59 150.64 150.64
  59279.64 150.66 150.66
  59379.69 150.68 150.68
  59479.74 150.70 150.70
  59579.79 150.73 150.73
  59679.84 150.75 150.75
  59779.89 150.77 150.77
  59879.94 150.79 150.79
  59979.99 150.82 150.82
  60080.04 150.84 150.84
  60180.09 150.87 150.87
  60280.14 150.90 150.90
  60380.19 150.92 150.92
  60480.24 150.95 150.95
  60580.29 150.98 150.98
  60680.34 151.01 151.01
  60780.39 151.04 151.04
  60880.44 151.07 151.07
  60980.49 151.11 151.11
  61080.54 151.14 151.14
  61180.59 151.17 151.17
  61280.64 151.21 151.21
  61380.69 151.24 151.24
  61480.74 151.28 151.28
  61580.79 151.32 151.32
  61680.84 151.36 151.36
  61780.89 151.40 151.40
  61880.94 151.44 151.44
  61980.99 151.48 151.48
  62081.04 151.52 151.52
  62181.09 151.57 151.57
  62281.14 151.61 151.61
  62381.19 151.66 151.66
  62481.24 151.71 151.71
  62581.29 151.75 151.75
  62681.34 151.81 151.81
  62781.39 151.86 151.86
  62881.44 151.91 151.91
  62981.49 151.96 151.96
  63081.54 152.02 152.02
  63181.59 152.08 152.08
  63281.64 152.13 152.13
  63381.69 152.19 152.19
  63481.74 152.26 152.26
  63581.79 152.32 152.32
  63681.84 152.38 152.38
  63781.89 152.45 152.45
  63881.94 152.52 152.52
  63981.99 152.59 152.59
  64082.04 152.66 152.66
  64182.09 152.73 152.73
  64282.14 152.80 152.80
  64382.19 152.88 152.88
  64482.24 152.96 152.96
  64582.29 153.04 153.04
  64682.34 153.12 153.12
  64782.39 153.20 153.20
  64882.44 153.29 153.29
  64982.49 153.38 153.38
  65082.54 153.47 153.47
  65182.59 153.56 153.56
  65282.64 153.65 153.65
  65382.69 153.75 153.75
  65482.74 153.85 153.85
  65582.79 153.95 153.95
  65682.84 154.05 154.05
  65782.89 154.15 154.15
  65882.94 154.26 154.26
  65982.99 154.37 154.37
  66083.04 154.48 154.48
  66183.09 154.60 154.60
  66283.14 154.72 154.72
  66383.19 154.84 154.84
  66483.24 154.96 154.96
  66583.29 155.09 155.09
  66683.34 155.21 155.21
  66783.39 155.35 155.35
  66883.44 155.48 155.48
  66983.49 155.62 155.62
  67083.54 155.76 155.76
  67183.59 155.90 155.90
  67283.64 156.04 156.04
  67383.69 156.19 156.19
  67483.74 156.35 156.35
  67583.79 156.50 156.50
  67683.84 156.66 156.66
  67783.89 156.82 156.82
  67883.94 156.99 156.99
  67983.99 157.15 157.15
  68084.04 157.33 157.33
  68184.09 157.50 157.50
  68284.14 157.68 157.68
  68384.19 157.86 157.86
  68484.24 158.05 158.05
  68584.29 158.24 158.24
  68684.34 158.43 158.43
  68784.39 158.63 158.63
  68884.44 158.83 158.83
  68984.49 159.04 159.04
  69084.54 159.25 159.25
  69184.59 159.46 159.46
  69284.64 159.68 159.68
  69384.69 159.90 159.90
  69484.74 160.13 160.13
  69584.79 160.36 160.36
  69684.84 160.59 160.59
  69784.89 160.83 160.83
  69884.94 161.07 161.07
  69984.99 161.32 161.32
  70085.04 161.58 161.58
  70185.09 161.83 161.83
  70285.14 162.09 162.09
  70385.19 162.36 162.36
  70485.24 162.63 162.63
  70585.29 162.91 162.91
  70685.34 163.19 163.19
  70785.39 163.48 163.48
  70885.44 163.77 163.77
  70985.49 164.07 164.07
  71085.54 164.37 164.37
  71185.59 164.67 164.67
  71285.64 164.99 164.99
  71385.69 165.30 165.30
  71485.74 165.63 165.63
  71585.79 165.95 165.95
  71685.84 166.29 166.29
  71785.89 166.63 166.63
  71885.94 166.97 166.97
  71985.99 167.32 167.32
  72086.04 167.68 167.68
  72186.09 168.04 168.04
  72286.14 168.41 168.41
  72386.19 168.79 168.79
  72486.24 169.17 169.17
  72586.29 169.55 169.55
  72686.34 169.94 169.94
  72786.39 170.34 170.34
  72886.44 170.75 170.75
  72986.49 171.16 171.16
  73086.54 171.57 171.57
  73186.59 172.00 172.00
  73286.64 172.43 172.43
  73386.69 172.86 172.86
  73486.74 173.31 173.31
  73586.79 173.75 173.75
  73686.84 174.21 174.21
  73786.89 174.67 174.67
  73886.94 175.14 175.14
  73986.99 175.62 175.62
  74087.04 176.10 176.10
  74187.09 176.59 176.59
  74287.14 177.08 177.08
  74387.19 177.59 177.59
  74487.24 178.10 178.10
  74587.29 178.61 178.61
  74687.34 179.14 179.14
  74787.39 179.67 179.67
  74887.44 180.20 180.20
  74987.49 180.75 180.75
  75087.54 181.30 181.30
  75187.59 181.86 181.86
  75287.64 182.43 182.43
  75387.69 183.00 183.00
  75487.74 183.58 183.58
  75587.79 184.17 184.17
  75687.84 184.76 184.76
  75787.89 185.37 185.37
  75887.94 185.97 185.97
  75987.99 186.59 186.59
  76088.04 187.22 187.22
  76188.09 187.85 187.85
  76288.14 188.49 188.49
  76388.19 189.13 189.13
  76488.24 189.79 189.79
  76588.29 190.45 190.45
  76688.34 191.12 191.12
  76788.39 191.79 191.79
  76888.44 192.47 192.47
  76988.49 193.17 193.17
  77088.54 193.86 193.86
  77188.59 194.57 194.57
  77288.64 195.28 195.28
  77388.69 196.00 196.00
  77488.74 196.73 196.73
  77588.79 197.46 197.46
  77688.84 198.20 198.20
  77788.89 198.95 198.95
  77888.94 199.71 199.71
  77988.99 200.47 200.47
  78089.04 201.24 201.24
  78189.09 202.02 202.02
  78289.14 202.81 202.81
  78389.19 203.60 203.60
  78489.24 204.40 204.40
  78589.29 205.20 205.20
  78689.34 206.02 206.02
  78789.39 206.84 206.84
  78889.44 207.66 207.66
  78989.49 208.50 208.50
  79089.54 209.34 209.34
  79189.59 210.19 210.19
  79289.64 211.04 211.04
  79389.69 211.90 211.90
  79489.74 212.77 212.77
  79589.79 213.64 213.64
  79689.84 214.52 214.52
  79789.89 215.41 215.41
  79889.94 216.30 216.30
  79989.99 217.20 217.20
  80090.05 218.10 218.10
  80190.10 219.01 219.01
  80290.15 219.93 219.93
  80390.20 220.85 220.85
  80490.25 221.78 221.78
  80590.30 222.71 222.71
  80690.35 223.65 223.65
  80790.40 224.60 224.60
  80890.45 225.55 225.55
  80990.50 226.50 226.50
  81090.55 227.46 227.46
  81190.60 228.43 228.43
  81290.65 229.40 229.40
  81390.70 230.37 230.37
  81490.75 231.35 231.35
  81590.80 232.33 232.33
  81690.85 233.32 233.32
  81790.90 234.31 234.31
  81890.95 235.31 235.31
  81991.00 236.31 236.31
  82091.05 237.31 237.31
  82191.10 238.32 238.32
  82291.15 239.33 239.33
  82391.20 240.34 240.34
  82491.25 241.36 241.36
  82591.30 242.38 242.38
  82691.35 243.40 243.40
  82791.40 244.43 244.43
  82891.45 245.46 245.46
  82991.50 246.49 246.49
  83091.55 247.52 247.52
  83191.60 248.56 248.56
  83291.65 249.59 249.59
  83391.70 250.63 250.63
  83491.75 251.67 251.67
  83591.80 252.71 252.71
  83691.85 253.75 253.75
  83791.90 254.80 254.80
  83891.95 255.84 255.84
  83992.00 256.88 256.88
  84092.05 257.93 257.93
  84192.10 258.97 258.97
  84292.15 260.02 260.02
  84392.20 261.06 261.06
  84492.25 262.10 262.10
  84592.30 263.15 263.15
  84692.35 264.19 264.19
  84792.40 265.23 265.23
  84892.45 266.27 266.27
  84992.50 267.31 267.31
  85092.55 268.34 268.34
  85192.60 269.38 269.38
  85292.65 270.41 270.41
  85392.70 271.44 271.45
  85492.75 272.46 272.52
  85592.80 273.49 273.60
  85692.85 274.51 274.70
  85792.90 275.52 275.82
  85892.95 276.54 276.96
  85993.00 277.55 278.13
  86093.05 278.55 279.31
  86193.10 279.55 280.52
  86293.15 280.55 281.75
  86393.20 281.54 283.00
  86493.25 282.53 284.27
  86593.30 283.51 285.57
  86693.35 284.48 286.90
  86793.40 285.45 288.25
  86893.45 286.42 289.63
  86993.50 287.37 291.03
  87093.55 288.32 292.47
  87193.60 289.27 293.93
  87293.65 290.20 295.42
  87393.70 291.13 296.95
  87493.75 292.06 298.50
  87593.80 292.97 300.09
  87693.85 293.88 301.70
  87793.90 294.78 303.36
  87893.95 295.67 305.05
  87994.00 296.55 306.77
  88094.05 297.42 308.53
  88194.10 298.28 310.33
  88294.15 299.14 312.17
  88394.20 299.98 314.05
  88494.25 300.81 315.97
  88594.30 301.64 317.93
  88694.35 302.45 319.94
  88794.40 303.25 321.99
  88894.45 304.05 324.09
  88994.50 304.83 326.24
  89094.55 305.60 328.43
  89194.60 306.35 330.68
  89294.65 307.10 332.97
  89394.70 307.84 335.33
  89494.75 308.56 337.73
  89594.80 309.27 340.19
  89694.85 309.96 342.72
  89794.90 310.65 345.30
  89894.95 311.32 347.94
  89995.00 311.97 350.65
  90095.05 312.62 353.42
  90195.10 313.25 356.26
  90295.15 313.86 359.17
  90395.20 314.46 362.15
  90495.25 315.05 365.21
  90595.30 315.62 368.34
  90695.35 316.18 371.55
  90795.40 316.72 374.84
  90895.45 317.25 378.22
  90995.50 317.76 381.68
  91095.55 318.26 385.23
  91195.60 318.74 388.87
  91295.65 319.20 392.61
  91395.70 319.65 396.44
  91495.75 320.08 400.38
  91595.80 320.50 404.42
  91695.85 320.90 408.57
  91795.90 321.28 412.82
  91895.95 321.64 417.20
  91996.00 321.99 421.69
  92096.05 322.32 426.30
  92196.10 322.63 431.04
  92296.15 322.93 435.91
  92396.20 323.21 440.92
  92496.25 323.46 446.06
  92596.30 323.71 451.35
  92696.35 323.93 456.79
  92796.40 324.13 462.38
  92896.45 324.32 468.13
  92996.50 324.49 474.05
  93096.55 324.64 480.13
  93196.60 324.77 486.39
  93296.65 324.88 492.84
  93396.70 324.97 499.47
  93496.75 325.05 506.29
  93596.80 325.10 513.31
  93696.85 325.14 520.55
  93796.90 325.15 527.99
  93896.95 325.15 535.66
  93997.00 325.13 543.55
  94097.05 325.09 551.69
  94197.10 325.02 560.06
  94297.15 324.94 568.69
  94397.20 324.84 577.58
  94497.25 324.72 586.73
  94597.30 324.58 596.17
  94697.35 324.42 605.88
  94797.40 324.24 615.90
  94897.45 324.04 626.21
  94997.50 323.82 636.83
  95097.55 323.58 647.78
  95197.60 323.32 659.06
  95297.65 323.04 670.67
  95397.70 322.74 682.63
  95497.75 322.42 694.96
  95597.80 322.08 707.64
  95697.85 321.72 720.71
  95797.90 321.34 734.16
  95897.95 320.94 748.00
  95998.00 320.52 762.24
  96098.05 320.09 776.89
  96198.10 319.63 791.96
  96298.15 319.15 807.46
  96398.20 318.65 823.38
  96498.25 318.13 839.75
  96598.30 317.60 856.56
  96698.35 317.04 873.82
  96798.40 316.46 891.53
  96898.45 315.87 909.69
  96998.50 315.25 928.32
  97098.55 314.62 947.40
  97198.60 313.96 966.94
  97298.65 313.29 986.94
  97398.70 312.60 1007.39
  97498.75 311.89 1028.30
  97598.80 311.16 1049.66
  97698.85 310.41 1071.47
  97798.90 309.64 1093.72
  97898.95 308.86 1116.41
  97999.00 308.05 1139.52
  98099.05 307.23 1163.04
  98199.10 306.39 1186.96
  98299.15 305.53 1211.28
  98399.20 304.65 1235.96
  98499.25 303.76 1261.00
  98599.30 302.84 1286.37
  98699.35 301.91 1312.07
  98799.40 300.96 1338.16
  98899.45 299.99 1364.72
  98999.50 299.01 1391.73
  99099.55 298.00 1419.18
  99199.60 296.98 1447.04
  99299.65 295.94 1475.29
  99399.70 294.89 1503.89
  99499.75 293.82 1532.82
  99599.80 292.73 1562.05
  99699.85 291.62 1591.53
  99799.90 290.49 1621.23
  99899.95 289.35 1651.14
 100000.00 288.19 1681.20
