-100000.00 158.30 1681.20
 -99899.95 158.98 1651.14
 -99799.90 159.65 1621.23
 -99699.85 160.32 1591.53
 -99599.80 160.99 1562.05
 -99499.75 161.66 1532.82
 -99399.70 162.32 1503.89
 -99299.65 162.97 1475.29
 -99199.60 163.63 1447.04
 -99099.55 164.28 1419.18
 -98999.50 164.92 1391.73
 -98899.45 165.57 1364.72
 -98799.40 166.21 1338.16
 -98699.35 166.84 1312.07
 -98599.30 167.48 1286.37
 -98499.25 168.11 1261.00
 -98399.20 168.73 1235.96
 -98299.15 169.35 1211.28
 -98199.10 169.97 1186.96
 -98099.05 170.59 1163.04
 -97999.00 171.20 1139.52
 -97898.95 171.81 1116.41
 -97798.90 172.41 1093.72
 -97698.85 173.01 1071.47
 -97598.80 173.60 1049.66
 -97498.75 174.20 1028.30
 -97398.70 174.79 1007.39
 -97298.65 175.37 986.94
 -97198.60 175.95 966.94
 -97098.55 176.53 947.40
 -96998.50 177.10 928.32
 -96898.45 177.67 909.69
 -96798.40 178.24 891.53
 -96698.35 178.80 873.82
 -96598.30 179.35 856.56
 -96498.25 179.91 839.75
 -96398.20 180.46 823.38
 -96298.15 181.00 807.46
 -96198.10 181.55 791.96
 -96098.05 182.08 776.89
 -95998.00 182.62 762.24
 -95897.95 183.15 748.00
 -95797.90 183.67 734.16
 -95697.85 184.19 720.71
 -95597.80 184.71 707.64
 -95497.75 185.23 694.96
 -95397.70 185.73 682.63
 -95297.65 186.24 670.67
 -95197.60 186.74 659.06
 -95097.55 187.24 647.78
 -94997.50 187.73 636.83
 -94897.45 188.22 626.21
 -94797.40 188.71 615.90
 -94697.35 189.19 605.88
 -94597.30 189.66 596.17
 -94497.25 190.14 586.73
 -94397.20 190.61 577.58
 -94297.15 191.07 568.69
 -94197.10 191.53 560.06
 -94097.05 191.99 551.69
 -93997.00 192.44 543.55
 -93896.95 192.89 535.66
 -93796.90 193.33 527.99
 -93696.85 193.77 520.55
 -93596.80 194.21 513.31
 -93496.75 194.64 506.29
 -93396.70 195.07 499.47
 -93296.65 195.49 492.84
 -93196.60 195.91 486.39
 -93096.55 196.32 480.13
 -92996.50 196.73 474.05
 -92896.45 197.14 468.13
 -92796.40 197.54 462.38
 -92696.35 197.94 456.79
 -92596.30 198.33 451.35
 -92496.25 198.72 446.06
 -92396.20 199.11 440.92
 -92296.15 199.49 435.91
 -92196.10 199.86 431.04
 -92096.05 200.24 426.30
 -91996.00 200.61 421.69
 -91895.95 200.97 417.20
 -91795.90 201.33 412.82
 -91695.85 201.69 408.57
 -91595.80 202.04 404.42
 -91495.75 202.39 400.38
 -91395.70 202.73 396.44
 -91295.65 203.07 392.61
 -91195.60 203.40 388.87
 -91095.55 203.73 385.23
 -90995.50 204.06 381.68
 -90895.45 204.38 378.22
 -90795.40 204.70 374.84
 -90695.35 205.02 371.55
 -90595.30 205.33 368.34
 -90495.25 205.63 365.21
 -90395.20 205.93 362.15
 -90295.15 206.23 359.17
 -90195.10 206.52 356.26
 -90095.05 206.81 353.42
 -89995.00 207.10 350.65
 -89894.95 207.38 347.94
 -89794.90 207.65 345.30
 -89694.85 207.93 342.72
 -89594.80 208.20 340.19
 -89494.75 208.46 337.73
 -89394.70 208.72 335.33
 -89294.65 208.98 332.97
 -89194.60 209.23 330.68
 -89094.55 209.48 328.43
 -88994.50 209.72 326.24
 -88894.45 209.96 324.09
 -88794.40 210.20 321.99
 -88694.35 210.43 319.94
 -88594.30 210.66 317.93
 -88494.25 210.88 315.97
 -88394.20 211.10 314.05
 -88294.15 211.31 312.17
 -88194.10 211.53 310.33
 -88094.05 211.73 308.53
 -87994.00 211.94 306.77
 -87893.95 212.14 305.05
 -87793.90 212.33 303.36
 -87693.85 212.52 301.70
 -87593.80 212.71 300.09
 -87493.75 212.90 298.50
 -87393.70 213.08 296.95
 -87293.65 213.25 295.42
 -87193.60 213.42 293.93
 -87093.55 213.59 292.47
 -86993.50 213.76 291.03
 -86893.45 213.92 289.63
 -86793.40 214.07 288.25
 -86693.35 214.23 286.90
 -86593.30 214.38 285.57
 -86493.25 214.52 284.27
 -86393.20 214.66 283.00
 -86293.15 214.80 281.75
 -86193.10 214.93 280.52
 -86093.05 215.06 279.31
 -85993.00 215.19 278.13
 -85892.95 215.31 276.96
 -85792.90 215.43 275.82
 -85692.85 215.55 274.70
 -85592.80 215.66 273.60
 -85492.75 215.77 272.52
 -85392.70 215.87 271.45
 -85292.65 215.97 270.41
 -85192.60 216.07 269.38
 -85092.55 216.16 268.37
 -84992.50 216.25 267.38
 -84892.45 216.34 266.40
 -84792.40 216.42 265.44
 -84692.35 216.50 264.49
 -84592.30 216.58 263.56
 -84492.25 216.65 262.65
 -84392.20 216.72 261.75
 -84292.15 216.78 260.86
 -84192.10 216.84 259.99
 -84092.05 216.90 259.13
 -83992.00 216.96 258.29
 -83891.95 217.01 257.45
 -83791.90 217.05 256.63
 -83691.85 217.10 255.82
 -83591.80 217.14 255.03
 -83491.75 217.18 254.24
 -83391.70 217.21 253.47
 -83291.65 217.24 252.71
 -83191.60 217.27 251.96
 -83091.55 217.30 251.22
 -82991.50 217.32 250.49
 -82891.45 217.34 249.77
 -82791.40 217.35 249.06
 -82691.35 217.36 248.36
 -82591.30 217.37 247.67
 -82491.25 217.38 246.99
 -82391.20 217.38 246.32
 -82291.15 217.38 245.65
 -82191.10 217.38 245.00
 -82091.05 217.37 244.35
 -81991.00 217.36 243.71
 -81890.95 217.35 243.09
 -81790.90 217.33 242.46
 -81690.85 217.31 241.85
 -81590.80 217.29 241.25
 -81490.75 217.26 240.65
 -81390.70 217.24 240.06
 -81290.65 217.21 239.47
 -81190.60 217.17 238.90
 -81090.55 217.14 238.33
 -80990.50 217.10 237.77
 -80890.45 217.05 237.21
 -80790.40 217.01 236.66
 -80690.35 216.96 236.12
 -80590.30 216.91 235.58
 -80490.25 216.86 235.05
 -80390.20 216.80 234.53
 -80290.15 216.74 234.01
 -80190.10 216.68 233.50
 -80090.05 216.62 232.99
 -79989.99 216.55 232.49
 -79889.94 216.48 232.00
 -79789.89 216.41 231.51
 -79689.84 216.34 231.02
 -79589.79 216.26 230.54
 -79489.74 216.18 230.07
 -79389.69 216.10 229.60
 -79289.64 216.01 229.14
 -79189.59 215.93 228.68
 -79089.54 215.84 228.22
 -78989.49 215.75 227.78
 -78889.44 215.65 227.33
 -78789.39 215.56 226.89
 -78689.34 215.46 226.46
 -78589.29 215.35 226.03
 -78489.24 215.25 225.60
 -78389.19 215.15 225.18
 -78289.14 215.04 224.76
 -78189.09 214.93 224.35
 -78089.04 214.81 223.94
 -77988.99 214.70 223.53
 -77888.94 214.58 223.13
 -77788.89 214.46 222.73
 -77688.84 214.34 222.34
 -77588.79 214.22 221.95
 -77488.74 214.09 221.56
 -77388.69 213.97 221.18
 -77288.64 213.84 220.80
 -77188.59 213.71 220.43
 -77088.54 213.57 220.06
 -76988.49 213.44 219.69
 -76888.44 213.30 219.32
 -76788.39 213.16 218.96
 -76688.34 213.02 218.60
 -76588.29 212.88 218.25
 -76488.24 212.73 217.90
 -76388.19 212.58 217.55
 -76288.14 212.44 217.21
 -76188.09 212.29 216.86
 -76088.04 212.13 216.53
 -75987.99 211.98 216.19
 -75887.94 211.82 215.86
 -75787.89 211.67 215.53
 -75687.84 211.51 215.20
 -75587.79 211.35 214.88
 -75487.74 211.18 214.56
 -75387.69 211.02 214.24
 -75287.64 210.85 213.92
 -75187.59 210.69 213.61
 -75087.54 210.52 213.30
 -74987.49 210.35 212.99
 -74887.44 210.18 212.69
 -74787.39 210.00 212.38
 -74687.34 209.83 212.09
 -74587.29 209.65 211.79
 -74487.24 209.48 211.49
 -74387.19 209.30 211.20
 -74287.14 209.12 210.91
 -74187.09 208.93 210.62
 -74087.04 208.75 210.34
 -73986.99 208.57 210.06
 -73886.94 208.38 209.78
 -73786.89 208.20 209.50
 -73686.84 208.01 209.22
 -73586.79 207.82 208.95
 -73486.74 207.63 208.68
 -73386.69 207.44 208.41
 -73286.64 207.24 208.14
 -73186.59 207.05 207.88
 -73086.54 206.85 207.62
 -72986.49 206.66 207.35
 -72886.44 206.46 207.10
 -72786.39 206.26 206.84
 -72686.34 206.06 206.59
 -72586.29 205.86 206.33
 -72486.24 205.66 206.08
 -72386.19 205.46 205.83
 -72286.14 205.25 205.59
 -72186.09 205.05 205.34
 -72086.04 204.84 205.10
 -71985.99 204.64 204.86
 -71885.94 204.43 204.62
 -71785.89 204.22 204.38
 -71685.84 204.01 204.15
 -71585.79 203.81 203.91
 -71485.74 203.59 203.68
 -71385.69 203.38 203.45
 -71285.64 203.17 203.22
 -71185.59 202.96 203.00
 -71085.54 202.75 202.77
 -70985.49 202.53 202.55
 -70885.44 202.32 202.32
 -70785.39 202.10 202.10
 -70685.34 201.89 201.89
 -70585.29 201.67 201.67
 -70485.24 201.45 201.45
 -70385.19 201.23 201.23
 -70285.14 201.02 201.02
 -70185.09 200.80 200.80
 -70085.04 200.58 200.58
 -69984.99 200.36 200.36
 -69884.94 200.14 200.14
 -69784.89 199.92 199.92
 -69684.84 199.69 199.69
 -69584.79 199.47 199.47
 -69484.74 199.25 199.25
 -69384.69 199.03 199.03
 -69284.64 198.80 198.80
 -69184.59 198.58 198.58
 -69084.54 198.36 198.36
 -68984.49 198.13 198.13
 -68884.44 197.91 197.91
 -68784.39 197.68 197.68
 -68684.34 197.46 197.46
 -68584.29 197.23 197.23
 -68484.24 197.01 197.01
 -68384.19 196.78 196.78
 -68284.14 196.56 196.56
 -68184.09 196.33 196.33
 -68084.04 196.10 196.10
 -67983.99 195.88 195.88
 -67883.94 195.65 195.65
 -67783.89 195.42 195.42
 -67683.84 195.19 195.19
 -67583.79 194.97 194.97
 -67483.74 194.74 194.74
 -67383.69 194.51 194.51
 -67283.64 194.29 194.29
 -67183.59 194.06 194.06
 -67083.54 193.83 193.83
 -66983.49 193.60 193.60
 -66883.44 193.38 193.38
 -66783.39 193.15 193.15
 -66683.34 192.92 192.92
 -66583.29 192.69 192.69
 -66483.24 192.47 192.47
 -66383.19 192.24 192.24
 -66283.14 192.01 192.01
 -66183.09 191.78 191.78
 -66083.04 191.56 191.56
 -65982.99 191.33 191.33
 -65882.94 191.10 191.10
 -65782.89 190.88 190.88
 -65682.84 190.65 190.65
 -65582.79 190.42 190.42
 -65482.74 190.20 190.20
 -65382.69 189.97 189.97
 -65282.64 189.74 189.74
 -65182.59 189.52 189.52
 -65082.54 189.29 189.29
 -64982.49 189.07 189.07
 -64882.44 188.84 188.84
 -64782.39 188.62 188.62
 -64682.34 188.40 188.40
 -64582.29 188.17 188.17
 -64482.24 187.95 187.95
 -64382.19 187.72 187.72
 -64282.14 187.50 187.50
 -64182.09 187.28 187.28
 -64082.04 187.06 187.06
 -63981.99 186.83 186.83
 -63881.94 186.61 186.61
 -63781.89 186.39 186.39
 -63681.84 186.17 186.17
 -63581.79 185.95 185.95
 -63481.74 185.73 185.73
 -63381.69 185.51 185.51
 -63281.64 185.29 185.29
 -63181.59 185.07 185.07
 -63081.54 184.85 184.85
 -62981.49 184.64 184.64
 -62881.44 184.42 184.42
 -62781.39 184.20 184.20
 -62681.34 183.99 183.99
 -62581.29 183.77 183.77
 -62481.24 183.55 183.55
 -62381.19 183.34 183.34
 -62281.14 183.13 183.13
 -62181.09 182.91 182.91
 -62081.04 182.70 182.70
 -61980.99 182.49 182.49
 -61880.94 182.27 182.27
 -61780.89 182.06 182.06
 -61680.84 181.85 181.85
 -61580.79 181.64 181.64
 -61480.74 181.43 181.43
 -61380.69 181.22 181.22
 -61280.64 181.01 181.01
 -61180.59 180.81 180.81
 -61080.54 180.60 180.60
 -60980.49 180.39 180.39
 -60880.44 180.19 180.19
 -60780.39 179.98 179.98
 -60680.34 179.78 179.78
 -60580.29 179.57 179.57
 -60480.24 179.37 179.37
 -60380.19 179.17 179.17
 -60280.14 178.96 178.96
 -60180.09 178.76 178.76
 -60080.04 178.56 178.56
 -59979.99 178.36 178.36
 -59879.94 178.16 178.16
 -59779.89 177.96 177.96
 -59679.84 177.77 177.77
 -59579.79 177.57 177.57
 -59479.74 177.37 177.37
 -59379.69 177.18 177.18
 -59279.64 176.98 176.98
 -59179.59 176.79 176.79
 -59079.54 176.59 176.59
 -58979.49 176.40 176.40
 -58879.44 176.21 176.21
 -58779.39 176.02 176.02
 -58679.34 175.83 175.83
 -58579.29 175.64 175.64
 -58479.24 175.45 175.45
 -58379.19 175.26 175.26
 -58279.14 175.07 175.07
 -58179.09 174.89 174.89
 -58079.04 174.70 174.70
 -57978.99 174.52 174.52
 -57878.94 174.33 174.33
 -57778.89 174.15 174.15
 -57678.84 173.96 173.96
 -57578.79 173.78 173.78
 -57478.74 173.60 173.60
 -57378.69 173.42 173.42
 -57278.64 173.24 173.24
 -57178.59 173.06 173.06
 -57078.54 172.89 172.89
 -56978.49 172.71 172.71
 -56878.44 172.53 172.53
 -56778.39 172.36 172.36
 -56678.34 172.18 172.18
 -56578.29 172.01 172.01
 -56478.24 171.84 171.84
 -56378.19 171.67 171.67
 -56278.14 171.49 171.49
 -56178.09 171.32 171.32
 -56078.04 171.15 171.15
 -55977.99 170.99 170.99
 -55877.94 170.82 170.82
 -55777.89 170.65 170.65
 -55677.84 170.49 170.49
 -55577.79 170.32 170.32
 -55477.74 170.16 170.16
 -55377.69 169.99 169.99
 -55277.64 169.83 169.83
 -55177.59 169.67 169.67
 -55077.54 169.51 169.51
 -54977.49 169.35 169.35
 -54877.44 169.19 169.19
 -54777.39 169.03 169.03
 -54677.34 168.87 168.87
 -54577.29 168.72 168.72
 -54477.24 168.56 168.56
 -54377.19 168.41 168.41
 -54277.14 168.25 168.25
 -54177.09 168.10 168.10
 -54077.04 167.95 167.95
 -53976.99 167.80 167.80
 -53876.94 167.64 167.64
 -53776.89 167.50 167.50
 -53676.84 167.35 167.35
 -53576.79 167.20 167.20
 -53476.74 167.05 167.05
 -53376.69 166.91 166.91
 -53276.64 166.76 166.76
 -53176.59 166.62 166.62
 -53076.54 166.47 166.47
 -52976.49 166.33 166.33
 -52876.44 166.19 166.19
 -52776.39 166.05 166.05
 -52676.34 165.91 165.91
 -52576.29 165.77 165.77
 -52476.24 165.63 165.63
 -52376.19 165.49 165.49
 -52276.14 165.36 165.36
 -52176.09 165.22 165.22
 -52076.04 165.08 165.08
 -51975.99 164.95 164.95
 -51875.94 164.82 164.82
 -51775.89 164.68 164.68
 -51675.84 164.55 164.55
 -51575.79 164.42 164.42
 -51475.74 164.29 164.29
 -51375.69 164.16 164.16
 -51275.64 164.04 164.04
 -51175.59 163.91 163.91
 -51075.54 163.78 163.78
 -50975.49 163.66 163.66
 -50875.44 163.53 163.53
 -50775.39 163.41 163.41
 -50675.34 163.28 163.28
 -50575.29 163.16 163.16
 -50475.24 163.04 163.04
 -50375.19 162.92 162.92
 -50275.14 162.80 162.80
 -50175.09 162.68 162.68
 -50075.04 162.56 162.56
 -49974.99 162.45 162.45
 -49874.94 162.33 162.33
 -49774.89 162.21 162.21
 -49674.84 162.10 162.10
 -49574.79 161.99 161.99
 -49474.74 161.87 161.87
 -49374.69 161.76 161.76
 -49274.64 161.65 161.65
 -49174.59 161.54 161.54
 -49074.54 161.43 161.43
 -48974.49 161.32 161.32
 -48874.44 161.21 161.21
 -48774.39 161.10 161.10
 -48674.34 161.00 161.00
 -48574.29 160.89 160.89
 -48474.24 160.78 160.78
 -48374.19 160.68 160.68
 -48274.14 160.58 160.58
 -48174.09 160.47 160.47
 -48074.04 160.37 160.37
 -47973.99 160.27 160.27
 -47873.94 160.17 160.17
 -47773.89 160.07 160.07
 -47673.84 159.97 159.97
 -47573.79 159.87 159.87
 -47473.74 159.78 159.78
 -47373.69 159.68 159.68
 -47273.64 159.58 159.58
 -47173.59 159.49 159.49
 -47073.54 159.39 159.39
 -46973.49 159.30 159.30
 -46873.44 159.21 159.21
 -46773.39 159.11 159.11
 -46673.34 159.02 159.02
 -46573.29 158.93 158.93
 -46473.24 158.84 158.84
 -46373.19 158.75 158.75
 -46273.14 158.66 158.66
 -46173.09 158.58 158.58
 -46073.04 158.49 158.49
 -45972.99 158.40 158.40
 -45872.94 158.32 158.32
 -45772.89 158.23 158.23
 -45672.84 158.15 158.15
 -45572.79 158.06 158.06
 -45472.74 157.98 157.98
 -45372.69 157.90 157.90
 -45272.64 157.82 157.82
 -45172.59 157.73 157.73
 -45072.54 157.65 157.65
 -44972.49 157.57 157.57
 -44872.44 157.50 157.50
 -44772.39 157.42 157.42
 -44672.34 157.34 157.34
 -44572.29 157.26 157.26
 -44472.24 157.19 157.19
 -44372.19 157.11 157.11
 -44272.14 157.04 157.04
 -44172.09 156.96 156.96
 -44072.04 156.89 156.89
 -43971.99 156.81 156.81
 -43871.94 156.74 156.74
 -43771.89 156.67 156.67
 -43671.84 156.60 156.60
 -43571.79 156.53 156.53
 -43471.74 156.46 156.46
 -43371.69 156.39 156.39
 -43271.64 156.32 156.32
 -43171.59 156.25 156.25
 -43071.54 156.18 156.18
 -42971.49 156.12 156.12
 -42871.44 156.05 156.05
 -42771.39 155.99 155.99
 -42671.34 155.92 155.92
 -42571.29 155.86 155.86
 -42471.24 155.79 155.79
 -42371.19 155.73 155.73
 -42271.14 155.67 155.67
 -42171.09 155.60 155.60
 -42071.04 155.54 155.54
 -41970.99 155.48 155.48
 -41870.94 155.42 155.42
 -41770.89 155.36 155.36
 -41670.84 155.30 155.30
 -41570.79 155.24 155.24
 -41470.74 155.18 155.18
 -41370.69 155.13 155.13
 -41270.64 155.07 155.07
 -41170.59 155.01 155.01
 -41070.54 154.96 154.96
 -40970.49 154.90 154.90
 -40870.44 154.85 154.85
 -40770.39 154.79 154.79
 -40670.34 154.74 154.74
 -40570.29 154.68 154.68
 -40470.24 154.63 154.63
 -40370.19 154.58 154.58
 -40270.14 154.53 154.53
 -40170.09 154.48 154.48
 -40070.04 154.43 154.43
 -39969.98 154.37 154.37
 -39869.93 154.32 154.32
 -39769.88 154.28 154.28
 -39669.83 154.23 154.23
 -39569.78 154.18 154.18
 -39469.73 154.13 154.13
 -39369.68 154.08 154.08
 -39269.63 154.04 154.04
 -39169.58 153.99 153.99
 -39069.53 153.94 153.94
 -38969.48 153.90 153.90
 -38869.43 153.85 153.85
 -38769.38 153.81 153.81
 -38669.33 153.76 153.76
 -38569.28 153.72 153.72
 -38469.23 153.67 153.67
 -38369.18 153.63 153.63
 -38269.13 153.59 153.59
 -38169.08 153.55 153.55
 -38069.03 153.51 153.51
 -37968.98 153.46 153.46
 -37868.93 153.42 153.42
 -37768.88 153.38 153.38
 -37668.83 153.34 153.34
 -37568.78 153.30 153.30
 -37468.73 153.26 153.26
 -37368.68 153.23 153.23
 -37268.63 153.19 153.19
 -37168.58 153.15 153.15
 -37068.53 153.11 153.11
 -36968.48 153.07 153.07
 -36868.43 153.04 153.04
 -36768.38 153.00 153.00
 -36668.33 152.96 152.96
 -36568.28 152.93 152.93
 -36468.23 152.89 152.89
 -36368.18 152.86 152.86
 -36268.13 152.82 152.82
 -36168.08 152.79 152.79
 -36068.03 152.76 152.76
 -35967.98 152.72 152.72
 -35867.93 152.69 152.69
 -35767.88 152.66 152.66
 -35667.83 152.62 152.62
 -35567.78 152.59 152.59
 -35467.73 152.56 152.56
 -35367.68 152.53 152.53
 -35267.63 152.50 152.50
 -35167.58 152.47 152.47
 -35067.53 152.44 152.44
 -34967.48 152.41 152.41
 -34867.43 152.38 152.38
 -34767.38 152.35 152.35
 -34667.33 152.32 152.32
 -34567.28 152.29 152.29
 -34467.23 152.26 152.26
 -34367.18 152.23 152.23
 -34267.13 152.21 152.21
 -34167.08 152.18 152.18
 -34067.03 152.15 152.15
 -33966.98 152.13 152.13
 -33866.93 152.10 152.10
 -33766.88 152.07 152.07
 -33666.83 152.05 152.05
 -33566.78 152.02 152.02
 -33466.73 152.00 152.00
 -33366.68 151.97 151.97
 -33266.63 151.95 151.95
 -33166.58 151.92 151.92
 -33066.53 151.90 151.90
 -32966.48 151.87 151.87
 -32866.43 151.85 151.85
 -32766.38 151.83 151.83
 -32666.33 151.80 151.80
 -32566.28 151.78 151.78
 -32466.23 151.76 151.76
 -32366.18 151.73 151.73
 -32266.13 151.71 151.71
 -32166.08 151.69 151.69
 -32066.03 151.67 151.67
 -31965.98 151.65 151.65
 -31865.93 151.63 151.63
 -31765.88 151.61 151.61
 -31665.83 151.59 151.59
 -31565.78 151.56 151.56
 -31465.73 151.54 151.54
 -31365.68 151.52 151.52
 -31265.63 151.51 151.51
 -31165.58 151.49 151.49
 -31065.53 151.47 151.47
 -30965.48 151.45 151.45
 -30865.43 151.43 151.43
 -30765.38 151.41 151.41
 -30665.33 151.39 151.39
 -30565.28 151.37 151.37
 -30465.23 151.36 151.36
 -30365.18 151.34 151.34
 -30265.13 151.32 151.32
 -30165.08 151.30 151.30
 -30065.03 151.29 151.29
 -29964.98 151.27 151.27
 -29864.93 151.25 151.25
 -29764.88 151.24 151.24
 -29664.83 151.22 151.22
 -29564.78 151.20 151.20
 -29464.73 151.19 151.19
 -29364.68 151.17 151.17
 -29264.63 151.16 151.16
 -29164.58 151.14 151.14
 -29064.53 151.13 151.13
 -28964.48 151.11 151.11
 -28864.43 151.10 151.10
 -28764.38 151.08 151.08
 -28664.33 151.07 151.07
 -28564.28 151.05 151.05
 -28464.23 151.04 151.04
 -28364.18 151.03 151.03
 -28264.13 151.01 151.01
 -28164.08 151.00 151.00
 -28064.03 150.99 150.99
 -27963.98 150.97 150.97
 -27863.93 150.96 150.96
 -27763.88 150.95 150.95
 -27663.83 150.93 150.93
 -27563.78 150.92 150.92
 -27463.73 150.91 150.91
 -27363.68 150.90 150.90
 -27263.63 150.89 150.89
 -27163.58 150.87 150.87
 -27063.53 150.86 150.86
 -26963.48 150.85 150.85
 -26863.43 150.84 150.84
 -26763.38 150.83 150.83
 -26663.33 150.82 150.82
 -26563.28 150.80 150.80
 -26463.23 150.79 150.79
 -26363.18 150.78 150.78
 -26263.13 150.77 150.77
 -26163.08 150.76 150.76
 -26063.03 150.75 150.75
 -25962.98 150.74 150.74
 -25862.93 150.73 150.73
 -25762.88 150.72 150.72
 -25662.83 150.71 150.71
 -25562.78 150.70 150.70
 -25462.73 150.69 150.69
 -25362.68 150.68 150.68
 -25262.63 150.67 150.67
 -25162.58 150.66 150.66
 -25062.53 150.66 150.66
 -24962.48 150.65 150.65
 -24862.43 150.64 150.64
 -24762.38 150.63 150.63
 -24662.33 150.62 150.62
 -24562.28 150.61 150.61
 -24462.23 150.60 150.60
 -24362.18 150.60 150.60
 -24262.13 150.59 150.59
 -24162.08 150.58 150.58
 -24062.03 150.57 150.57
 -23961.98 150.56 150.56
 -23861.93 150.56 150.56
 -23761.88 150.55 150.55
 -23661.83 150.54 150.54
 -23561.78 150.53 150.53
 -23461.73 150.53 150.53
 -23361.68 150.52 150.52
 -23261.63 150.51 150.51
 -23161.58 150.50 150.50
 -23061.53 150.50 150.50
 -22961.48 150.49 150.49
 -22861.43 150.48 150.48
 -22761.38 150.48 150.48
 -22661.33 150.47 150.47
 -22561.28 150.46 150.46
 -22461.23 150.46 150.46
 -22361.18 150.45 150.45
 -22261.13 150.44 150.44
 -22161.08 150.44 150.44
 -22061.03 150.43 150.43
 -21960.98 150.43 150.43
 -21860.93 150.42 150.42
 -21760.88 150.41 150.41
 -21660.83 150.41 150.41
 -21560.78 150.40 150.40
 -21460.73 150.40 150.40
 -21360.68 150.39 150.39
 -21260.63 150.39 150.39
 -21160.58 150.38 150.38
 -21060.53 150.38 150.38
 -20960.48 150.37 150.37
 -20860.43 150.37 150.37
 -20760.38 150.36 150.36
 -20660.33 150.36 150.36
 -20560.28 150.35 150.35
 -20460.23 150.35 150.35
 -20360.18 150.34 150.34
 -20260.13 150.34 150.34
 -20160.08 150.33 150.33
 -20060.03 150.33 150.33
 -19959.98 150.32 150.32
 -19859.93 150.32 150.32
 -19759.88 150.31 150.31
 -19659.83 150.31 150.31
 -19559.78 150.30 150.30
 -19459.73 150.30 150.30
 -19359.68 150.30 150.30
 -19259.63 150.29 150.29
 -19159.58 150.29 150.29
 -19059.53 150.28 150.28
 -18959.48 150.28 150.28
 -18859.43 150.28 150.28
 -18759.38 150.27 150.27
 -18659.33 150.27 150.27
 -18559.28 150.26 150.26
 -18459.23 150.26 150.26
 -18359.18 150.26 150.26
 -18259.13 150.25 150.25
 -18159.08 150.25 150.25
 -18059.03 150.25 150.25
 -17958.98 150.24 150.24
 -17858.93 150.24 150.24
 -17758.88 150.24 150.24
 -17658.83 150.23 150.23
 -17558.78 150.23 150.23
 -17458.73 150.23 150.23
 -17358.68 150.22 150.22
 -17258.63 150.22 150.22
 -17158.58 150.22 150.22
 -17058.53 150.21 150.21
 -16958.48 150.21 150.21
 -16858.43 150.21 150.21
 -16758.38 150.21 150.21
 -16658.33 150.20 150.20
 -16558.28 150.20 150.20
 -16458.23 150.20 150.20
 -16358.18 150.19 150.19
 -16258.13 150.19 150.19
 -16158.08 150.19 150.19
 -16058.03 150.19 150.19
 -15957.98 150.18 150.18
 -15857.93 150.18 150.18
 -15757.88 150.18 150.18
 -15657.83 150.18 150.18
 -15557.78 150.17 150.17
 -15457.73 150.17 150.17
 -15357.68 150.17 150.17
 -15257.63 150.17 150.17
 -15157.58 150.17 150.17
 -15057.53 150.16 150.16
 -14957.48 150.16 150.16
 -14857.43 150.16 150.16
 -14757.38 150.16 150.16
 -14657.33 150.15 150.15
 -14557.28 150.15 150.15
 -14457.23 150.15 150.15
 -14357.18 150.15 150.15
 -14257.13 150.15 150.15
 -14157.08 150.14 150.14
 -14057.03 150.14 150.14
 -13956.98 150.14 150.14
 -13856.93 150.14 150.14
 -13756.88 150.14 150.14
 -13656.83 150.13 150.13
 -13556.78 150.13 150.13
 -13456.73 150.13 150.13
 -13356.68 150.13 150.13
 -13256.63 150.13 150.13
 -13156.58 150.13 150.13
 -13056.53 150.12 150.12
 -12956.48 150.12 150.12
 -12856.43 150.12 150.12
 -12756.38 150.12 150.12
 -12656.33 150.12 150.12
 -12556.28 150.12 150.12
 -12456.23 150.12 150.12
 -12356.18 150.11 150.11
 -12256.13 150.11 150.11
 -12156.08 150.11 150.11
 -12056.03 150.11 150.11
 -11955.98 150.11 150.11
 -11855.93 150.11 150.11
 -11755.88 150.11 150.11
 -11655.83 150.10 150.10
 -11555.78 150.10 150.10
 -11455.73 150.10 150.10
 -11355.68 150.10 150.10
 -11255.63 150.10 150.10
 -11155.58 150.10 150.10
 -11055.53 150.10 150.10
 -10955.48 150.10 150.10
 -10855.43 150.09 150.09
 -10755.38 150.09 150.09
 -10655.33 150.09 150.09
 -10555.28 150.09 150.09
 -10455.23 150.09 150.09
 -10355.18 150.09 150.09
 -10255.13 150.09 150.09
 -10155.08 150.09 150.09
 -10055.03 150.09 150.09
  -9954.98 150.08 150.08
  -9854.93 150.08 150.08
  -9754.88 150.08 150.08
  -9654.83 150.08 150.08
  -9554.78 150.08 150.08
  -9454.73 150.08 150.08
  -9354.68 150.08 150.08
  -9254.63 150.08 150.08
  -9154.58 150.08 150.08
  -9054.53 150.08 150.08
  -8954.48 150.08 150.08
  -8854.43 150.07 150.07
  -8754.38 150.07 150.07
  -8654.33 150.07 150.07
  -8554.28 150.07 150.07
  -8454.23 150.07 150.07
  -8354.18 150.07 150.07
  -8254.13 150.07 150.07
  -8154.08 150.07 150.07
  -8054.03 150.07 150.07
  -7953.98 150.07 150.07
  -7853.93 150.07 150.07
  -7753.88 150.07 150.07
  -7653.83 150.07 150.07
  -7553.78 150.06 150.06
  -7453.73 150.06 150.06
  -7353.68 150.06 150.06
  -7253.63 150.06 150.06
  -7153.58 150.06 150.06
  -7053.53 150.06 150.06
  -6953.48 150.06 150.06
  -6853.43 150.06 150.06
  -6753.38 150.06 150.06
  -6653.33 150.06 150.06
  -6553.28 150.06 150.06
  -6453.23 150.06 150.06
  -6353.18 150.06 150.06
  -6253.13 150.06 150.06
  -6153.08 150.06 150.06
  -6053.03 150.06 150.06
  -5952.98 150.06 150.06
  -5852.93 150.05 150.05
  -5752.88 150.05 150.05
  -5652.83 150.05 150.05
  -5552.78 150.05 150.05
  -5452.73 150.05 150.05
  -5352.68 150.05 150.05
  -5252.63 150.05 150.05
  -5152.58 150.05 150.05
  -5052.53 150.05 150.05
  -4952.48 150.05 150.05
  -4852.43 150.05 150.05
  -4752.38 150.05 150.05
  -4652.33 150.05 150.05
  -4552.28 150.05 150.05
  -4452.23 150.05 150.05
  -4352.18 150.05 150.05
  -4252.13 150.05 150.05
  -4152.08 150.05 150.05
  -4052.03 150.05 150.05
  -3951.98 150.05 150.05
  -3851.93 150.05 150.05
  -3751.88 150.05 150.05
  -3651.83 150.05 150.05
  -3551.78 150.05 150.05
  -3451.73 150.05 150.05
  -3351.68 150.05 150.05
  -3251.63 150.05 150.05
  -3151.58 150.05 150.05
  -3051.53 150.05 150.05
  -2951.48 150.05 150.05
  -2851.43 150.05 150.05
  -2751.38 150.04 150.04
  -2651.33 150.04 150.04
  -2551.28 150.04 150.04
  -2451.23 150.04 150.04
  -2351.18 150.04 150.04
  -2251.13 150.04 150.04
  -2151.08 150.04 150.04
  -2051.03 150.04 150.04
  -1950.98 150.04 150.04
  -1850.93 150.04 150.04
  -1750.88 150.04 150.04
  -1650.83 150.04 150.04
  -1550.78 150.04 150.04
  -1450.73 150.04 150.04
  -1350.68 150.04 150.04
  -1250.63 150.04 150.04
  -1150.58 150.04 150.04
  -1050.53 150.04 150.04
   -950.48 150.04 150.04
   -850.43 150.04 150.04
   -750.38 150.04 150.04
   -650.33 150.04 150.04
   -550.28 150.04 150.04
   -450.23 150.04 150.04
   -350.18 150.04 150.04
   -250.13 150.04 150.04
   -150.08 150.04 150.04
    -50.03 150.04 150.04
     50.03 150.04 150.04
    150.08 150.04 150.04
    250.13 150.04 150.04
    350.18 150.04 150.04
    450.23 150.04 150.04
    550.28 150.04 150.04
    650.33 150.04 150.04
    750.38 150.04 150.04
    850.43 150.04 150.04
    950.48 150.04 150.04
   1050.53 150.04 150.04
   1150.58 150.04 150.04
   1250.63 150.04 150.04
   1350.68 150.04 150.04
   1450.73 150.04 150.04
   1550.78 150.04 150.04
   1650.83 150.04 150.04
   1750.88 150.04 150.04
   1850.93 150.04 150.04
   1950.98 150.04 150.04
   2051.03 150.04 150.04
   2151.08 150.04 150.04
   2251.13 150.04 150.04
   2351.18 150.04 150.04
   2451.23 150.04 150.04
   2551.28 150.04 150.04
   2651.33 150.04 150.04
   2751.38 150.04 150.04
   2851.43 150.05 150.05
   2951.48 150.05 150.05
   3051.53 150.05 150.05
   3151.58 150.05 150.05
   3251.63 150.05 150.05
   3351.68 150.05 150.05
   3451.73 150.05 150.05
   3551.78 150.05 150.05
   3651.83 150.05 150.05
   3751.88 150.05 150.05
   3851.93 150.05 150.05
   3951.98 150.05 150.05
   4052.03 150.05 150.05
   4152.08 150.05 150.05
   4252.13 150.05 150.05
   4352.18 150.05 150.05
   4452.23 150.05 150.05
   4552.28 150.05 150.05
   4652.33 150.05 150.05
   4752.38 150.05 150.05
   4852.43 150.05 150.05
   4952.48 150.05 150.05
   5052.53 150.05 150.05
   5152.58 150.05 150.05
   5252.63 150.05 150.05
   5352.68 150.05 150.05
   5452.73 150.05 150.05
   5552.78 150.05 150.05
   5652.83 150.05 150.05
   5752.88 150.05 150.05
   5852.93 150.05 150.05
   5952.98 150.06 150.06
   6053.03 150.06 150.06
   6153.08 150.06 150.06
   6253.13 150.06 150.06
   6353.18 150.06 150.06
   6453.23 150.06 150.06
   6553.28 150.06 150.06
   6653.33 150.06 150.06
   6753.38 150.06 150.06
   6853.43 150.06 150.06
   6953.48 150.06 150.06
   7053.53 150.06 150.06
   7153.58 150.06 150.06
   7253.63 150.06 150.06
   7353.68 150.06 150.06
   7453.73 150.06 150.06
   7553.78 150.06 150.06
   7653.83 150.07 150.07
   7753.88 150.07 150.07
   7853.93 150.07 150.07
   7953.98 150.07 150.07
   8054.03 150.07 150.07
   8154.08 150.07 150.07
   8254.13 150.07 150.07
   8354.18 150.07 150.07
   8454.23 150.07 150.07
   8554.28 150.07 150.07
   8654.33 150.07 150.07
   8754.38 150.07 150.07
   8854.43 150.07 150.07
   8954.48 150.08 150.08
   9054.53 150.08 150.08
   9154.58 150.08 150.08
   9254.63 150.08 150.08
   9354.68 150.08 150.08
   9454.73 150.08 150.08
   9554.78 150.08 150.08
   9654.83 150.08 150.08
   9754.88 150.08 150.08
   9854.93 150.08 150.08
   9954.98 150.08 150.08
  10055.03 150.09 150.09
  10155.08 150.09 150.09
  10255.13 150.09 150.09
  10355.18 150.09 150.09
  10455.23 150.09 150.09
  10555.28 150.09 150.09
  10655.33 150.09 150.09
  10755.38 150.09 150.09
  10855.43 150.09 150.09
  10955.48 150.10 150.10
  11055.53 150.10 150.10
  11155.58 150.10 150.10
  11255.63 150.10 150.10
  11355.68 150.10 150.10
  11455.73 150.10 150.10
  11555.78 150.10 150.10
  11655.83 150.10 150.10
  11755.88 150.11 150.11
  11855.93 150.11 150.11
  11955.98 150.11 150.11
  12056.03 150.11 150.11
  12156.08 150.11 150.11
  12256.13 150.11 150.11
  12356.18 150.11 150.11
  12456.23 150.12 150.12
  12556.28 150.12 150.12
  12656.33 150.12 150.12
  12756.38 150.12 150.12
  12856.43 150.12 150.12
  12956.48 150.12 150.12
  13056.53 150.12 150.12
  13156.58 150.13 150.13
  13256.63 150.13 150.13
  13356.68 150.13 150.13
  13456.73 150.13 150.13
  13556.78 150.13 150.13
  13656.83 150.13 150.13
  13756.88 150.14 150.14
  13856.93 150.14 150.14
  13956.98 150.14 150.14
  14057.03 150.14 150.14
  14157.08 150.14 150.14
  14257.13 150.15 150.15
  14357.18 150.15 150.15
  14457.23 150.15 150.15
  14557.28 150.15 150.15
  14657.33 150.15 150.15
  14757.38 150.16 150.16
  14857.43 150.16 150.16
  14957.48 150.16 150.16
  15057.53 150.16 150.16
  15157.58 150.17 150.17
  15257.63 150.17 150.17
  15357.68 150.17 150.17
  15457.73 150.17 150.17
  15557.78 150.17 150.17
  15657.83 150.18 150.18
  15757.88 150.18 150.18
  15857.93 150.18 150.18
  15957.98 150.18 150.18
  16058.03 150.19 150.19
  16158.08 150.19 150.19
  16258.13 150.19 150.19
  16358.18 150.19 150.19
  16458.23 150.20 150.20
  16558.28 150.20 150.20
  16658.33 150.20 150.20
  16758.38 150.21 150.21
  16858.43 150.21 150.21
  16958.48 150.21 150.21
  17058.53 150.21 150.21
  17158.58 150.22 150.22
  17258.63 150.22 150.22
  17358.68 150.22 150.22
  17458.73 150.23 150.23
  17558.78 150.23 150.23
  17658.83 150.23 150.23
  17758.88 150.24 150.24
  17858.93 150.24 150.24
  17958.98 150.24 150.24
  18059.03 150.25 150.25
  18159.08 150.25 150.25
  18259.13 150.25 150.25
  18359.18 150.26 150.26
  18459.23 150.26 150.26
  18559.28 150.26 150.26
  18659.33 150.27 150.27
  18759.38 150.27 150.27
  18859.43 150.28 150.28
  18959.48 150.28 150.28
  19059.53 150.28 150.28
  19159.58 150.29 150.29
  19259.63 150.29 150.29
  19359.68 150.30 150.30
  19459.73 150.30 150.30
  19559.78 150.30 150.30
  19659.83 150.31 150.31
  19759.88 150.31 150.31
  19859.93 150.32 150.32
  19959.98 150.32 150.32
  20060.03 150.33 150.33
  20160.08 150.33 150.33
  20260.13 150.34 150.34
  20360.18 150.34 150.34
  20460.23 150.35 150.35
  20560.28 150.35 150.35
  20660.33 150.36 150.36
  20760.38 150.36 150.36
  20860.43 150.37 150.37
  20960.48 150.37 150.37
  21060.53 150.38 150.38
  21160.58 150.38 150.38
  21260.63 150.39 150.39
  21360.68 150.39 150.39
  21460.73 150.40 150.40
  21560.78 150.40 150.40
  21660.83 150.41 150.41
  21760.88 150.41 150.41
  21860.93 150.42 150.42
  21960.98 150.43 150.43
  22061.03 150.43 150.43
  22161.08 150.44 150.44
  22261.13 150.44 150.44
  22361.18 150.45 150.45
  22461.23 150.46 150.46
  22561.28 150.46 150.46
  22661.33 150.47 150.47
  22761.38 150.48 150.48
  22861.43 150.48 150.48
  22961.48 150.49 150.49
  23061.53 150.50 150.50
  23161.58 150.50 150.50
  23261.63 150.51 150.51
  23361.68 150.52 150.52
  23461.73 150.53 150.53
  23561.78 150.53 150.53
  23661.83 150.54 150.54
  23761.88 150.55 150.55
  23861.93 150.56 150.56
  23961.98 150.56 150.56
  24062.03 150.57 150.57
  24162.08 150.58 150.58
  24262.13 150.59 150.59
  24362.18 150.60 150.60
  24462.23 150.60 150.60
  24562.28 150.61 150.61
  24662.33 150.62 150.62
  24762.38 150.63 150.63
  24862.43 150.64 150.64
  24962.48 150.65 150.65
  25062.53 150.66 150.66
  25162.58 150.66 150.66
  25262.63 150.67 150.67
  25362.68 150.68 150.68
  25462.73 150.69 150.69
  25562.78 150.70 150.70
  25662.83 150.71 150.71
  25762.88 150.72 150.72
  25862.93 150.73 150.73
  25962.98 150.74 150.74
  26063.03 150.75 150.75
  26163.08 150.76 150.76
  26263.13 150.77 150.77
  26363.18 150.78 150.78
  26463.23 150.79 150.79
  26563.28 150.80 150.80
  26663.33 150.82 150.82
  26763.38 150.83 150.83
  26863.43 150.84 150.84
  26963.48 150.85 150.85
  27063.53 150.86 150.86
  27163.58 150.87 150.87
  27263.63 150.89 150.89
  27363.68 150.90 150.90
  27463.73 150.91 150.91
  27563.78 150.92 150.92
  27663.83 150.93 150.93
  27763.88 150.95 150.95
  27863.93 150.96 150.96
  27963.98 150.97 150.97
  28064.03 150.99 150.99
  28164.08 151.00 151.00
  28264.13 151.01 151.01
  28364.18 151.03 151.03
  28464.23 151.04 151.04
  28564.28 151.05 151.05
  28664.33 151.07 151.07
  28764.38 151.08 151.08
  28864.43 151.10 151.10
  28964.48 151.11 151.11
  29064.53 151.13 151.13
  29164.58 151.14 151.14
  29264.63 151.16 151.16
  29364.68 151.17 151.17
  29464.73 151.19 151.19
  29564.78 151.20 151.20
  29664.83 151.22 151.22
  29764.88 151.24 151.24
  29864.93 151.25 151.25
  29964.98 151.27 151.27
  30065.03 151.29 151.29
  30165.08 151.30 151.30
  30265.13 151.32 151.32
  30365.18 151.34 151.34
  30465.23 151.36 151.36
  30565.28 151.37 151.37
  30665.33 151.39 151.39
  30765.38 151.41 151.41
  30865.43 151.43 151.43
  30965.48 151.45 151.45
  31065.53 151.47 151.47
  31165.58 151.49 151.49
  31265.63 151.51 151.51
  31365.68 151.52 151.52
  31465.73 151.54 151.54
  31565.78 151.56 151.56
  31665.83 151.59 151.59
  31765.88 151.61 151.61
  31865.93 151.63 151.63
  31965.98 151.65 151.65
  32066.03 151.67 151.67
  32166.08 151.69 151.69
  32266.13 151.71 151.71
  32366.18 151.73 151.73
  32466.23 151.76 151.76
  32566.28 151.78 151.78
  32666.33 151.80 151.80
  32766.38 151.83 151.83
  32866.43 151.85 151.85
  32966.48 151.87 151.87
  33066.53 151.90 151.90
  33166.58 151.92 151.92
  33266.63 151.95 151.95
  33366.68 151.97 151.97
  33466.73 152.00 152.00
  33566.78 152.02 152.02
  33666.83 152.05 152.05
  33766.88 152.07 152.07
  33866.93 152.10 152.10
  33966.98 152.13 152.13
  34067.03 152.15 152.15
  34167.08 152.18 152.18
  34267.13 152.21 152.21
  34367.18 152.23 152.23
  34467.23 152.26 152.26
  34567.28 152.29 152.29
  34667.33 152.32 152.32
  34767.38 152.35 152.35
  34867.43 152.38 152.38
  34967.48 152.41 152.41
  35067.53 152.44 152.44
  35167.58 152.47 152.47
  35267.63 152.50 152.50
  35367.68 152.53 152.53
  35467.73 152.56 152.56
  35567.78 152.59 152.59
  35667.83 152.62 152.62
  35767.88 152.66 152.66
  35867.93 152.69 152.69
  35967.98 152.72 152.72
  36068.03 152.76 152.76
  36168.08 152.79 152.79
  36268.13 152.82 152.82
  36368.18 152.86 152.86
  36468.23 152.89 152.89
  36568.28 152.93 152.93
  36668.33 152.96 152.96
  36768.38 153.00 153.00
  36868.43 153.04 153.04
  36968.48 153.07 153.07
  37068.53 153.11 153.11
  37168.58 153.15 153.15
  37268.63 153.19 153.19
  37368.68 153.23 153.23
  37468.73 153.26 153.26
  37568.78 153.30 153.30
  37668.83 153.34 153.34
  37768.88 153.38 153.38
  37868.93 153.42 153.42
  37968.98 153.46 153.46
  38069.03 153.51 153.51
  38169.08 153.55 153.55
  38269.13 153.59 153.59
  38369.18 153.63 153.63
  38469.23 153.67 153.67
  38569.28 153.72 153.72
  38669.33 153.76 153.76
  38769.38 153.81 153.81
  38869.43 153.85 153.85
  38969.48 153.90 153.90
  39069.53 153.94 153.94
  39169.58 153.99 153.99
  39269.63 154.04 154.04
  39369.68 154.08 154.08
  39469.73 154.13 154.13
  39569.78 154.18 154.18
  39669.83 154.23 154.23
  39769.88 154.28 154.28
  39869.93 154.32 154.32
  39969.98 154.37 154.37
  40070.04 154.43 154.43
  40170.09 154.48 154.48
  40270.14 154.53 154.53
  40370.19 154.58 154.58
  40470.24 154.63 154.63
  40570.29 154.68 154.68
  40670.34 154.74 154.74
  40770.39 154.79 154.79
  40870.44 154.85 154.85
  40970.49 154.90 154.90
  41070.54 154.96 154.96
  41170.59 155.01 155.01
  41270.64 155.07 155.07
  41370.69 155.13 155.13
  41470.74 155.18 155.18
  41570.79 155.24 155.24
  41670.84 155.30 155.30
  41770.89 155.36 155.36
  41870.94 155.42 155.42
  41970.99 155.48 155.48
  42071.04 155.54 155.54
  42171.09 155.60 155.60
  42271.14 155.67 155.67
  42371.19 155.73 155.73
  42471.24 155.79 155.79
  42571.29 155.86 155.86
  42671.34 155.92 155.92
  42771.39 155.99 155.99
  42871.44 156.05 156.05
  42971.49 156.12 156.12
  43071.54 156.18 156.18
  43171.59 156.25 156.25
  43271.64 156.32 156.32
  43371.69 156.39 156.39
  43471.74 156.46 156.46
  43571.79 156.53 156.53
  43671.84 156.60 156.60
  43771.89 156.67 156.67
  43871.94 156.74 156.74
  43971.99 156.81 156.81
  44072.04 156.89 156.89
  44172.09 156.96 156.96
  44272.14 157.04 157.04
  44372.19 157.11 157.11
  44472.24 157.19 157.19
  44572.29 157.26 157.26
  44672.34 157.34 157.34
  44772.39 157.42 157.42
  44872.44 157.50 157.50
  44972.49 157.57 157.57
  45072.54 157.65 157.65
  45172.59 157.73 157.73
  45272.64 157.82 157.82
  45372.69 157.90 157.90
  45472.74 157.98 157.98
  45572.79 158.06 158.06
  45672.84 158.15 158.15
  45772.89 158.23 158.23
  45872.94 158.32 158.32
  45972.99 158.40 158.40
  46073.04 158.49 158.49
  46173.09 158.58 158.58
  46273.14 158.66 158.66
  46373.19 158.75 158.75
  46473.24 158.84 158.84
  46573.29 158.93 158.93
  46673.34 159.02 159.02
  46773.39 159.11 159.11
  46873.44 159.21 159.21
  46973.49 159.30 159.30
  47073.54 159.39 159.39
  47173.59 159.49 159.49
  47273.64 159.58 159.58
  47373.69 159.68 159.68
  47473.74 159.78 159.78
  47573.79 159.87 159.87
  47673.84 159.97 159.97
  47773.89 160.07 160.07
  47873.94 160.17 160.17
  47973.99 160.27 160.27
  48074.04 160.37 160.37
  48174.09 160.47 160.47
  48274.14 160.58 160.58
  48374.19 160.68 160.68
  48474.24 160.78 160.78
  48574.29 160.89 160.89
  48674.34 161.00 161.00
  48774.39 161.10 161.10
  48874.44 161.21 161.21
  48974.49 161.32 161.32
  49074.54 161.43 161.43
  49174.59 161.54 161.54
  49274.64 161.65 161.65
  49374.69 161.76 161.76
  49474.74 161.87 161.87
  49574.79 161.99 161.99
  49674.84 162.10 162.10
  49774.89 162.21 162.21
  49874.94 162.33 162.33
  49974.99 162.45 162.45
  50075.04 162.56 162.56
  50175.09 162.68 162.68
  50275.14 162.80 162.80
  50375.19 162.92 162.92
  50475.24 163.04 163.04
  50575.29 163.16 163.16
  50675.34 163.28 163.28
  50775.39 163.41 163.41
  50875.44 163.53 163.53
  50975.49 163.66 163.66
  51075.54 163.78 163.78
  51175.59 163.91 163.91
  51275.64 164.04 164.04
  51375.69 164.16 164.16
  51475.74 164.29 164.29
  51575.79 164.42 164.42
  51675.84 164.55 164.55
  51775.89 164.68 164.68
  51875.94 164.82 164.82
  51975.99 164.95 164.95
  52076.04 165.08 165.08
  52176.09 165.22 165.22
  52276.14 165.36 165.36
  52376.19 165.49 165.49
  52476.24 165.63 165.63
  52576.29 165.77 165.77
  52676.34 165.91 165.91
  52776.39 166.05 166.05
  52876.44 166.19 166.19
  52976.49 166.33 166.33
  53076.54 166.47 166.47
  53176.59 166.62 166.62
  53276.64 166.76 166.76
  53376.69 166.91 166.91
  53476.74 167.05 167.05
  53576.79 167.20 167.20
  53676.84 167.35 167.35
  53776.89 167.50 167.50
  53876.94 167.64 167.64
  53976.99 167.80 167.80
  54077.04 167.95 167.95
  54177.09 168.10 168.10
  54277.14 168.25 168.25
  54377.19 168.41 168.41
  54477.24 168.56 168.56
  54577.29 168.72 168.72
  54677.34 168.87 168.87
  54777.39 169.03 169.03
  54877.44 169.19 169.19
  54977.49 169.35 169.35
  55077.54 169.51 169.51
  55177.59 169.67 169.67
  55277.64 169.83 169.83
  55377.69 169.99 169.99
  55477.74 170.16 170.16
  55577.79 170.32 170.32
  55677.84 170.49 170.49
  55777.89 170.65 170.65
  55877.94 170.82 170.82
  55977.99 170.99 170.99
  56078.04 171.15 171.15
  56178.09 171.32 171.32
  56278.14 171.49 171.49
  56378.19 171.67 171.67
  56478.24 171.84 171.84
  56578.29 172.01 172.01
  56678.34 172.18 172.18
  56778.39 172.36 172.36
  56878.44 172.53 172.53
  56978.49 172.71 172.71
  57078.54 172.89 172.89
  57178.59 173.06 173.06
  57278.64 173.24 173.24
  57378.69 173.42 173.42
  57478.74 173.60 173.60
  57578.79 173.78 173.78
  57678.84 173.96 173.96
  57778.89 174.15 174.15
  57878.94 174.33 174.33
  57978.99 174.52 174.52
  58079.04 174.70 174.70
  58179.09 174.89 174.89
  58279.14 175.07 175.07
  58379.19 175.26 175.26
  58479.24 175.45 175.45
  58579.29 175.64 175.64
  58679.34 175.83 175.83
  58779.39 176.02 176.02
  58879.44 176.21 176.21
  58979.49 176.40 176.40
  59079.54 176.59 176.59
  59179.59 176.79 176.79
  59279.64 176.98 176.98
  59379.69 177.18 177.18
  59479.74 177.37 177.37
  59579.79 177.57 177.57
  59679.84 177.77 177.77
  59779.89 177.96 177.96
  59879.94 178.16 178.16
  59979.99 178.36 178.36
  60080.04 178.56 178.56
  60180.09 178.76 178.76
  60280.14 178.96 178.96
  60380.19 179.17 179.17
  60480.24 179.37 179.37
  60580.29 179.57 179.57
  60680.34 179.78 179.78
  60780.39 179.98 179.98
  60880.44 180.19 180.19
  60980.49 180.39 180.39
  61080.54 180.60 180.60
  61180.59 180.81 180.81
  61280.64 181.01 181.01
  61380.69 181.22 181.22
  61480.74 181.43 181.43
  61580.79 181.64 181.64
  61680.84 181.85 181.85
  61780.89 182.06 182.06
  61880.94 182.27 182.27
  61980.99 182.49 182.49
  62081.04 182.70 182.70
  62181.09 182.91 182.91
  62281.14 183.13 183.13
  62381.19 183.34 183.34
  62481.24 183.55 183.55
  62581.29 183.77 183.77
  62681.34 183.99 183.99
  62781.39 184.20 184.20
  62881.44 184.42 184.42
  62981.49 184.64 184.64
  63081.54 184.85 184.85
  63181.59 185.07 185.07
  63281.64 185.29 185.29
  63381.69 185.51 185.51
  63481.74 185.73 185.73
  63581.79 185.95 185.95
  63681.84 186.17 186.17
  63781.89 186.39 186.39
  63881.94 186.61 186.61
  63981.99 186.83 186.83
  64082.04 187.06 187.06
  64182.09 187.28 187.28
  64282.14 187.50 187.50
  64382.19 187.72 187.72
  64482.24 187.95 187.95
  64582.29 188.17 188.17
  64682.34 188.40 188.40
  64782.39 188.62 188.62
  64882.44 188.84 188.84
  64982.49 189.07 189.07
  65082.54 189.29 189.29
  65182.59 189.52 189.52
  65282.64 189.74 189.74
  65382.69 189.97 189.97
  65482.74 190.20 190.20
  65582.79 190.42 190.42
  65682.84 190.65 190.65
  65782.89 190.88 190.88
  65882.94 191.10 191.10
  65982.99 191.33 191.33
  66083.04 191.56 191.56
  66183.09 191.78 191.78
  66283.14 192.01 192.01
  66383.19 192.24 192.24
  66483.24 192.47 192.47
  66583.29 192.69 192.69
  66683.34 192.92 192.92
  66783.39 193.15 193.15
  66883.44 193.38 193.38
  66983.49 193.60 193.60
  67083.54 193.83 193.83
  67183.59 194.06 194.06
  67283.64 194.29 194.29
  67383.69 194.51 194.51
  67483.74 194.74 194.74
  67583.79 194.97 194.97
  67683.84 195.19 195.19
  67783.89 195.42 195.42
  67883.94 195.65 195.65
  67983.99 195.88 195.88
  68084.04 196.10 196.10
  68184.09 196.33 196.33
  68284.14 196.56 196.56
  68384.19 196.78 196.78
  68484.24 197.01 197.01
  68584.29 197.23 197.23
  68684.34 197.46 197.46
  68784.39 197.68 197.68
  68884.44 197.91 197.91
  68984.49 198.13 198.13
  69084.54 198.36 198.36
  69184.59 198.58 198.58
  69284.64 198.80 198.80
  69384.69 199.03 199.03
  69484.74 199.25 199.25
  69584.79 199.47 199.47
  69684.84 199.69 199.69
  69784.89 199.92 199.92
  69884.94 200.14 200.14
  69984.99 200.36 200.36
  70085.04 200.58 200.58
  70185.09 200.80 200.80
  70285.14 201.02 201.02
  70385.19 201.23 201.23
  70485.24 201.45 201.45
  70585.29 201.67 201.67
  70685.34 201.89 201.89
  70785.39 202.10 202.10
  70885.44 202.32 202.32
  70985.49 202.53 202.55
  71085.54 202.75 202.77
  71185.59 202.96 203.00
  71285.64 203.17 203.22
  71385.69 203.38 203.45
  71485.74 203.59 203.68
  71585.79 203.81 203.91
  71685.84 204.01 204.15
  71785.89 204.22 204.38
  71885.94 204.43 204.62
  71985.99 204.64 204.86
  72086.04 204.84 205.10
  72186.09 205.05 205.34
  72286.14 205.25 205.59
  72386.19 205.46 205.83
  72486.24 205.66 206.08
  72586.29 205.86 206.33
  72686.34 206.06 206.59
  72786.39 206.26 206.84
  72886.44 206.46 207.10
  72986.49 206.66 207.35
  73086.54 206.85 207.62
  73186.59 207.05 207.88
  73286.64 207.24 208.14
  73386.69 207.44 208.41
  73486.74 207.63 208.68
  73586.79 207.82 208.95
  73686.84 208.01 209.22
  73786.89 208.20 209.50
  73886.94 208.38 209.78
  73986.99 208.57 210.06
  74087.04 208.75 210.34
  74187.09 208.93 210.62
  74287.14 209.12 210.91
  74387.19 209.30 211.20
  74487.24 209.48 211.49
  74587.29 209.65 211.79
  74687.34 209.83 212.09
  74787.39 210.00 212.38
  74887.44 210.18 212.69
  74987.49 210.35 212.99
  75087.54 210.52 213.30
  75187.59 210.69 213.61
  75287.64 210.85 213.92
  75387.69 211.02 214.24
  75487.74 211.18 214.56
  75587.79 211.35 214.88
  75687.84 211.51 215.20
  75787.89 211.67 215.53
  75887.94 211.82 215.86
  75987.99 211.98 216.19
  76088.04 212.13 216.53
  76188.09 212.29 216.86
  76288.14 212.44 217.21
  76388.19 212.58 217.55
  76488.24 212.73 217.90
  76588.29 212.88 218.25
  76688.34 213.02 218.60
  76788.39 213.16 218.96
  76888.44 213.30 219.32
  76988.49 213.44 219.69
  77088.54 213.57 220.06
  77188.59 213.71 220.43
  77288.64 213.84 220.80
  77388.69 213.97 221.18
  77488.74 214.09 221.56
  77588.79 214.22 221.95
  77688.84 214.34 222.34
  77788.89 214.46 222.73
  77888.94 214.58 223.13
  77988.99 214.70 223.53
  78089.04 214.81 223.94
  78189.09 214.93 224.35
  78289.14 215.04 224.76
  78389.19 215.15 225.18
  78489.24 215.25 225.60
  78589.29 215.35 226.03
  78689.34 215.46 226.46
  78789.39 215.56 226.89
  78889.44 215.65 227.33
  78989.49 215.75 227.78
  79089.54 215.84 228.22
  79189.59 215.93 228.68
  79289.64 216.01 229.14
  79389.69 216.10 229.60
  79489.74 216.18 230.07
  79589.79 216.26 230.54
  79689.84 216.34 231.02
  79789.89 216.41 231.51
  79889.94 216.48 232.00
  79989.99 216.55 232.49
  80090.05 216.62 232.99
  80190.10 216.68 233.50
  80290.15 216.74 234.01
  80390.20 216.80 234.53
  80490.25 216.86 235.05
  80590.30 216.91 235.58
  80690.35 216.96 236.12
  80790.40 217.01 236.66
  80890.45 217.05 237.21
  80990.50 217.10 237.77
  81090.55 217.14 238.33
  81190.60 217.17 238.90
  81290.65 217.21 239.47
  81390.70 217.24 240.06
  81490.75 217.26 240.65
  81590.80 217.29 241.25
  81690.85 217.31 241.85
  81790.90 217.33 242.46
  81890.95 217.35 243.09
  81991.00 217.36 243.71
  82091.05 217.37 244.35
  82191.10 217.38 245.00
  82291.15 217.38 245.65
  82391.20 217.38 246.32
  82491.25 217.38 246.99
  82591.30 217.37 247.67
  82691.35 217.36 248.36
  82791.40 217.35 249.06
  82891.45 217.34 249.77
  82991.50 217.32 250.49
  83091.55 217.30 251.22
  83191.60 217.27 251.96
  83291.65 217.24 252.71
  83391.70 217.21 253.47
  83491.75 217.18 254.24
  83591.80 217.14 255.03
  83691.85 217.10 255.82
  83791.90 217.05 256.63
  83891.95 217.01 257.45
  83992.00 216.96 258.29
  84092.05 216.90 259.13
  84192.10 216.84 259.99
  84292.15 216.78 260.86
  84392.20 216.72 261.75
  84492.25 216.65 262.65
  84592.30 216.58 263.56
  84692.35 216.50 264.49
  84792.40 216.42 265.44
  84892.45 216.34 266.40
  84992.50 216.25 267.38
  85092.55 216.16 268.37
  85192.60 216.07 269.38
  85292.65 215.97 270.41
  85392.70 215.87 271.45
  85492.75 215.77 272.52
  85592.80 215.66 273.60
  85692.85 215.55 274.70
  85792.90 215.43 275.82
  85892.95 215.31 276.96
  85993.00 215.19 278.13
  86093.05 215.06 279.31
  86193.10 214.93 280.52
  86293.15 214.80 281.75
  86393.20 214.66 283.00
  86493.25 214.52 284.27
  86593.30 214.38 285.57
  86693.35 214.23 286.90
  86793.40 214.07 288.25
  86893.45 213.92 289.63
  86993.50 213.76 291.03
  87093.55 213.59 292.47
  87193.60 213.42 293.93
  87293.65 213.25 295.42
  87393.70 213.08 296.95
  87493.75 212.90 298.50
  87593.80 212.71 300.09
  87693.85 212.52 301.70
  87793.90 212.33 303.36
  87893.95 212.14 305.05
  87994.00 211.94 306.77
  88094.05 211.73 308.53
  88194.10 211.53 310.33
  88294.15 211.31 312.17
  88394.20 211.10 314.05
  88494.25 210.88 315.97
  88594.30 210.66 317.93
  88694.35 210.43 319.94
  88794.40 210.20 321.99
  88894.45 209.96 324.09
  88994.50 209.72 326.24
  89094.55 209.48 328.43
  89194.60 209.23 330.68
  89294.65 208.98 332.97
  89394.70 208.72 335.33
  89494.75 208.46 337.73
  89594.80 208.20 340.19
  89694.85 207.93 342.72
  89794.90 207.65 345.30
  89894.95 207.38 347.94
  89995.00 207.10 350.65
  90095.05 206.81 353.42
  90195.10 206.52 356.26
  90295.15 206.23 359.17
  90395.20 205.93 362.15
  90495.25 205.63 365.21
  90595.30 205.33 368.34
  90695.35 205.02 371.55
  90795.40 204.70 374.84
  90895.45 204.38 378.22
  90995.50 204.06 381.68
  91095.55 203.73 385.23
  91195.60 203.40 388.87
  91295.65 203.07 392.61
  91395.70 202.73 396.44
  91495.75 202.39 400.38
  91595.80 202.04 404.42
  91695.85 201.69 408.57
  91795.90 201.33 412.82
  91895.95 200.97 417.20
  91996.00 200.61 421.69
  92096.05 200.24 426.30
  92196.10 199.86 431.04
  92296.15 199.49 435.91
  92396.20 199.11 440.92
  92496.25 198.72 446.06
  92596.30 198.33 451.35
  92696.35 197.94 456.79
  92796.40 197.54 462.38
  92896.45 197.14 468.13
  92996.50 196.73 474.05
  93096.55 196.32 480.13
  93196.60 195.91 486.39
  93296.65 195.49 492.84
  93396.70 195.07 499.47
  93496.75 194.64 506.29
  93596.80 194.21 513.31
  93696.85 193.77 520.55
  93796.90 193.33 527.99
  93896.95 192.89 535.66
  93997.00 192.44 543.55
  94097.05 191.99 551.69
  94197.10 191.53 560.06
  94297.15 191.07 568.69
  94397.20 190.61 577.58
  94497.25 190.14 586.73
  94597.30 189.66 596.17
  94697.35 189.19 605.88
  94797.40 188.71 615.90
  94897.45 188.22 626.21
  94997.50 187.73 636.83
  95097.55 187.24 647.78
  95197.60 186.74 659.06
  95297.65 186.24 670.67
  95397.70 185.73 682.63
  95497.75 185.23 694.96
  95597.80 184.71 707.64
  95697.85 184.19 720.71
  95797.90 183.67 734.16
  95897.95 183.15 748.00
  95998.00 182.62 762.24
  96098.05 182.08 776.89
  96198.10 181.55 791.96
  96298.15 181.00 807.46
  96398.20 180.46 823.38
  96498.25 179.91 839.75
  96598.30 179.35 856.56
  96698.35 178.80 873.82
  96798.40 178.24 891.53
  96898.45 177.67 909.69
  96998.50 177.10 928.32
  97098.55 176.53 947.40
  97198.60 175.95 966.94
  97298.65 175.37 986.94
  97398.70 174.79 1007.39
  97498.75 174.20 1028.30
  97598.80 173.60 1049.66
  97698.85 173.01 1071.47
  97798.90 172.41 1093.72
  97898.95 171.81 1116.41
  97999.00 171.20 1139.52
  98099.05 170.59 1163.04
  98199.10 169.97 1186.96
  98299.15 169.35 1211.28
  98399.20 168.73 1235.96
  98499.25 168.11 1261.00
  98599.30 167.48 1286.37
  98699.35 166.84 1312.07
  98799.40 166.21 1338.16
  98899.45 165.57 1364.72
  98999.50 164.92 1391.73
  99099.55 164.28 1419.18
  99199.60 163.63 1447.04
  99299.65 162.97 1475.29
  99399.70 162.32 1503.89
  99499.75 161.66 1532.82
  99599.80 160.99 1562.05
  99699.85 160.32 1591.53
  99799.90 159.65 1621.23
  99899.95 158.98 1651.14
 100000.00 158.30 1681.20
