  -1000.00 355.52 1681.20
   -998.00 355.52 1681.19
   -996.00 355.52 1681.18
   -993.99 355.53 1681.17
   -991.99 355.53 1681.16
   -989.99 355.53 1681.15
   -987.99 355.53 1681.14
   -985.99 355.54 1681.13
   -983.98 355.54 1681.12
   -981.98 355.54 1681.11
   -979.98 355.54 1681.10
   -977.98 355.55 1681.09
   -975.98 355.55 1681.08
   -973.97 355.55 1681.07
   -971.97 355.55 1681.07
   -969.97 355.56 1681.06
   -967.97 355.56 1681.05
   -965.97 355.56 1681.04
   -963.96 355.56 1681.03
   -961.96 355.57 1681.02
   -959.96 355.57 1681.01
   -957.96 355.57 1681.00
   -955.96 355.57 1680.99
   -953.95 355.57 1680.98
   -951.95 355.58 1680.97
   -949.95 355.58 1680.96
   -947.95 355.58 1680.96
   -945.95 355.58 1680.95
   -943.94 355.59 1680.94
   -941.94 355.59 1680.93
   -939.94 355.59 1680.92
   -937.94 355.59 1680.91
   -935.94 355.60 1680.90
   -933.93 355.60 1680.89
   -931.93 355.60 1680.88
   -929.93 355.60 1680.88
   -927.93 355.60 1680.87
   -925.93 355.61 1680.86
   -923.92 355.61 1680.85
   -921.92 355.61 1680.84
   -919.92 355.61 1680.83
   -917.92 355.62 1680.82
   -915.92 355.62 1680.82
   -913.91 355.62 1680.81
   -911.91 355.62 1680.80
   -909.91 355.63 1680.79
   -907.91 355.63 1680.78
   -905.91 355.63 1680.77
   -903.90 355.63 1680.77
   -901.90 355.63 1680.76
   -899.90 355.64 1680.75
   -897.90 355.64 1680.74
   -895.90 355.64 1680.73
   -893.89 355.64 1680.73
   -891.89 355.65 1680.72
   -889.89 355.65 1680.71
   -887.89 355.65 1680.70
   -885.89 355.65 1680.69
   -883.88 355.65 1680.69
   -881.88 355.66 1680.68
   -879.88 355.66 1680.67
   -877.88 355.66 1680.66
   -875.88 355.66 1680.65
   -873.87 355.66 1680.65
   -871.87 355.67 1680.64
   -869.87 355.67 1680.63
   -867.87 355.67 1680.62
   -865.87 355.67 1680.61
   -863.86 355.68 1680.61
   -861.86 355.68 1680.60
   -859.86 355.68 1680.59
   -857.86 355.68 1680.58
   -855.86 355.68 1680.58
   -853.85 355.69 1680.57
   -851.85 355.69 1680.56
   -849.85 355.69 1680.55
   -847.85 355.69 1680.55
   -845.85 355.69 1680.54
   -843.84 355.70 1680.53
   -841.84 355.70 1680.53
   -839.84 355.70 1680.52
   -837.84 355.70 1680.51
   -835.84 355.70 1680.50
   -833.83 355.71 1680.50
   -831.83 355.71 1680.49
   -829.83 355.71 1680.48
   -827.83 355.71 1680.48
   -825.83 355.72 1680.47
   -823.82 355.72 1680.46
   -821.82 355.72 1680.45
   -819.82 355.72 1680.45
   -817.82 355.72 1680.44
   -815.82 355.73 1680.43
   -813.81 355.73 1680.43
   -811.81 355.73 1680.42
   -809.81 355.73 1680.41
   -807.81 355.73 1680.41
   -805.81 355.74 1680.40
   -803.80 355.74 1680.39
   -801.80 355.74 1680.39
   -799.80 355.74 1680.38
   -797.80 355.74 1680.37
   -795.80 355.75 1680.37
   -793.79 355.75 1680.36
   -791.79 355.75 1680.35
   -789.79 355.75 1680.35
   -787.79 355.75 1680.34
   -785.79 355.75 1680.33
   -783.78 355.76 1680.33
   -781.78 355.76 1680.32
   -779.78 355.76 1680.31
   -777.78 355.76 1680.31
   -775.78 355.76 1680.30
   -773.77 355.77 1680.30
   -771.77 355.77 1680.29
   -769.77 355.77 1680.28
   -767.77 355.77 1680.28
   -765.77 355.77 1680.27
   -763.76 355.78 1680.27
   -761.76 355.78 1680.26
   -759.76 355.78 1680.25
   -757.76 355.78 1680.25
   -755.76 355.78 1680.24
   -753.75 355.79 1680.24
   -751.75 355.79 1680.23
   -749.75 355.79 1680.22
   -747.75 355.79 1680.22
   -745.75 355.79 1680.21
   -743.74 355.79 1680.21
   -741.74 355.80 1680.20
   -739.74 355.80 1680.19
   -737.74 355.80 1680.19
   -735.74 355.80 1680.18
   -733.73 355.80 1680.18
   -731.73 355.81 1680.17
   -729.73 355.81 1680.17
   -727.73 355.81 1680.16
   -725.73 355.81 1680.15
   -723.72 355.81 1680.15
   -721.72 355.81 1680.14
   -719.72 355.82 1680.14
   -717.72 355.82 1680.13
   -715.72 355.82 1680.13
   -713.71 355.82 1680.12
   -711.71 355.82 1680.12
   -709.71 355.83 1680.11
   -707.71 355.83 1680.11
   -705.71 355.83 1680.10
   -703.70 355.83 1680.10
   -701.70 355.83 1680.09
   -699.70 355.83 1680.09
   -697.70 355.84 1680.08
   -695.70 355.84 1680.08
   -693.69 355.84 1680.07
   -691.69 355.84 1680.06
   -689.69 355.84 1680.06
   -687.69 355.84 1680.05
   -685.69 355.85 1680.05
   -683.68 355.85 1680.04
   -681.68 355.85 1680.04
   -679.68 355.85 1680.04
   -677.68 355.85 1680.03
   -675.68 355.85 1680.03
   -673.67 355.86 1680.02
   -671.67 355.86 1680.02
   -669.67 355.86 1680.01
   -667.67 355.86 1680.01
   -665.67 355.86 1680.00
   -663.66 355.86 1680.00
   -661.66 355.87 1679.99
   -659.66 355.87 1679.99
   -657.66 355.87 1679.98
   -655.66 355.87 1679.98
   -653.65 355.87 1679.97
   -651.65 355.87 1679.97
   -649.65 355.88 1679.96
   -647.65 355.88 1679.96
   -645.65 355.88 1679.96
   -643.64 355.88 1679.95
   -641.64 355.88 1679.95
   -639.64 355.88 1679.94
   -637.64 355.89 1679.94
   -635.64 355.89 1679.93
   -633.63 355.89 1679.93
   -631.63 355.89 1679.93
   -629.63 355.89 1679.92
   -627.63 355.89 1679.92
   -625.63 355.89 1679.91
   -623.62 355.90 1679.91
   -621.62 355.90 1679.90
   -619.62 355.90 1679.90
   -617.62 355.90 1679.90
   -615.62 355.90 1679.89
   -613.61 355.90 1679.89
   -611.61 355.91 1679.88
   -609.61 355.91 1679.88
   -607.61 355.91 1679.88
   -605.61 355.91 1679.87
   -603.60 355.91 1679.87
   -601.60 355.91 1679.87
   -599.60 355.91 1679.86
   -597.60 355.92 1679.86
   -595.60 355.92 1679.85
   -593.59 355.92 1679.85
   -591.59 355.92 1679.85
   -589.59 355.92 1679.84
   -587.59 355.92 1679.84
   -585.59 355.92 1679.84
   -583.58 355.93 1679.83
   -581.58 355.93 1679.83
   -579.58 355.93 1679.82
   -577.58 355.93 1679.82
   -575.58 355.93 1679.82
   -573.57 355.93 1679.81
   -571.57 355.93 1679.81
   -569.57 355.94 1679.81
   -567.57 355.94 1679.80
   -565.57 355.94 1679.80
   -563.56 355.94 1679.80
   -561.56 355.94 1679.79
   -559.56 355.94 1679.79
   -557.56 355.94 1679.79
   -555.56 355.95 1679.78
   -553.55 355.95 1679.78
   -551.55 355.95 1679.78
   -549.55 355.95 1679.77
   -547.55 355.95 1679.77
   -545.55 355.95 1679.77
   -543.54 355.95 1679.76
   -541.54 355.95 1679.76
   -539.54 355.96 1679.76
   -537.54 355.96 1679.76
   -535.54 355.96 1679.75
   -533.53 355.96 1679.75
   -531.53 355.96 1679.75
   -529.53 355.96 1679.74
   -527.53 355.96 1679.74
   -525.53 355.97 1679.74
   -523.52 355.97 1679.73
   -521.52 355.97 1679.73
   -519.52 355.97 1679.73
   -517.52 355.97 1679.73
   -515.52 355.97 1679.72
   -513.51 355.97 1679.72
   -511.51 355.97 1679.72
   -509.51 355.98 1679.71
   -507.51 355.98 1679.71
   -505.51 355.98 1679.71
   -503.50 355.98 1679.71
   -501.50 355.98 1679.70
   -499.50 355.98 1679.70
   -497.50 355.98 1679.70
   -495.50 355.98 1679.70
   -493.49 355.99 1679.69
   -491.49 355.99 1679.69
   -489.49 355.99 1679.69
   -487.49 355.99 1679.69
   -485.49 355.99 1679.68
   -483.48 355.99 1679.68
   -481.48 355.99 1679.68
   -479.48 355.99 1679.68
   -477.48 356.00 1679.67
   -475.48 356.00 1679.67
   -473.47 356.00 1679.67
   -471.47 356.00 1679.67
   -469.47 356.00 1679.66
   -467.47 356.00 1679.66
   -465.47 356.00 1679.66
   -463.46 356.00 1679.66
   -461.46 356.00 1679.66
   -459.46 356.01 1679.65
   -457.46 356.01 1679.65
   -455.46 356.01 1679.65
   -453.45 356.01 1679.65
   -451.45 356.01 1679.65
   -449.45 356.01 1679.64
   -447.45 356.01 1679.64
   -445.45 356.01 1679.64
   -443.44 356.01 1679.64
   -441.44 356.02 1679.64
   -439.44 356.02 1679.63
   -437.44 356.02 1679.63
   -435.44 356.02 1679.63
   -433.43 356.02 1679.63
   -431.43 356.02 1679.63
   -429.43 356.02 1679.62
   -427.43 356.02 1679.62
   -425.43 356.02 1679.62
   -423.42 356.03 1679.62
   -421.42 356.03 1679.62
   -419.42 356.03 1679.61
   -417.42 356.03 1679.61
   -415.42 356.03 1679.61
   -413.41 356.03 1679.61
   -411.41 356.03 1679.61
   -409.41 356.03 1679.61
   -407.41 356.03 1679.60
   -405.41 356.03 1679.60
   -403.40 356.04 1679.60
   -401.40 356.04 1679.60
   -399.40 356.04 1679.60
   -397.40 356.04 1679.60
   -395.40 356.04 1679.60
   -393.39 356.04 1679.59
   -391.39 356.04 1679.59
   -389.39 356.04 1679.59
   -387.39 356.04 1679.59
   -385.39 356.04 1679.59
   -383.38 356.05 1679.59
   -381.38 356.05 1679.58
   -379.38 356.05 1679.58
   -377.38 356.05 1679.58
   -375.38 356.05 1679.58
   -373.37 356.05 1679.58
   -371.37 356.05 1679.58
   -369.37 356.05 1679.58
   -367.37 356.05 1679.58
   -365.37 356.05 1679.57
   -363.36 356.05 1679.57
   -361.36 356.06 1679.57
   -359.36 356.06 1679.57
   -357.36 356.06 1679.57
   -355.36 356.06 1679.57
   -353.35 356.06 1679.57
   -351.35 356.06 1679.57
   -349.35 356.06 1679.56
   -347.35 356.06 1679.56
   -345.35 356.06 1679.56
   -343.34 356.06 1679.56
   -341.34 356.06 1679.56
   -339.34 356.06 1679.56
   -337.34 356.07 1679.56
   -335.34 356.07 1679.56
   -333.33 356.07 1679.56
   -331.33 356.07 1679.56
   -329.33 356.07 1679.55
   -327.33 356.07 1679.55
   -325.33 356.07 1679.55
   -323.32 356.07 1679.55
   -321.32 356.07 1679.55
   -319.32 356.07 1679.55
   -317.32 356.07 1679.55
   -315.32 356.07 1679.55
   -313.31 356.08 1679.55
   -311.31 356.08 1679.55
   -309.31 356.08 1679.55
   -307.31 356.08 1679.54
   -305.31 356.08 1679.54
   -303.30 356.08 1679.54
   -301.30 356.08 1679.54
   -299.30 356.08 1679.54
   -297.30 356.08 1679.54
   -295.30 356.08 1679.54
   -293.29 356.08 1679.54
   -291.29 356.08 1679.54
   -289.29 356.08 1679.54
   -287.29 356.08 1679.54
   -285.29 356.09 1679.54
   -283.28 356.09 1679.54
   -281.28 356.09 1679.53
   -279.28 356.09 1679.53
   -277.28 356.09 1679.53
   -275.28 356.09 1679.53
   -273.27 356.09 1679.53
   -271.27 356.09 1679.53
   -269.27 356.09 1679.53
   -267.27 356.09 1679.53
   -265.27 356.09 1679.53
   -263.26 356.09 1679.53
   -261.26 356.09 1679.53
   -259.26 356.09 1679.53
   -257.26 356.09 1679.53
   -255.26 356.10 1679.53
   -253.25 356.10 1679.53
   -251.25 356.10 1679.53
   -249.25 356.10 1679.53
   -247.25 356.10 1679.53
   -245.25 356.10 1679.53
   -243.24 356.10 1679.52
   -241.24 356.10 1679.52
   -239.24 356.10 1679.52
   -237.24 356.10 1679.52
   -235.24 356.10 1679.52
   -233.23 356.10 1679.52
   -231.23 356.10 1679.52
   -229.23 356.10 1679.52
   -227.23 356.10 1679.52
   -225.23 356.10 1679.52
   -223.22 356.11 1679.52
   -221.22 356.11 1679.52
   -219.22 356.11 1679.52
   -217.22 356.11 1679.52
   -215.22 356.11 1679.52
   -213.21 356.11 1679.52
   -211.21 356.11 1679.52
   -209.21 356.11 1679.52
   -207.21 356.11 1679.52
   -205.21 356.11 1679.52
   -203.20 356.11 1679.52
   -201.20 356.11 1679.52
   -199.20 356.11 1679.52
   -197.20 356.11 1679.52
   -195.20 356.11 1679.52
   -193.19 356.11 1679.52
   -191.19 356.11 1679.52
   -189.19 356.11 1679.52
   -187.19 356.11 1679.52
   -185.19 356.11 1679.52
   -183.18 356.12 1679.52
   -181.18 356.12 1679.52
   -179.18 356.12 1679.52
   -177.18 356.12 1679.52
   -175.18 356.12 1679.52
   -173.17 356.12 1679.51
   -171.17 356.12 1679.51
   -169.17 356.12 1679.51
   -167.17 356.12 1679.51
   -165.17 356.12 1679.51
   -163.16 356.12 1679.51
   -161.16 356.12 1679.51
   -159.16 356.12 1679.51
   -157.16 356.12 1679.51
   -155.16 356.12 1679.51
   -153.15 356.12 1679.51
   -151.15 356.12 1679.51
   -149.15 356.12 1679.51
   -147.15 356.12 1679.51
   -145.15 356.12 1679.51
   -143.14 356.12 1679.51
   -141.14 356.12 1679.51
   -139.14 356.12 1679.51
   -137.14 356.12 1679.51
   -135.14 356.12 1679.51
   -133.13 356.12 1679.51
   -131.13 356.13 1679.51
   -129.13 356.13 1679.51
   -127.13 356.13 1679.51
   -125.13 356.13 1679.51
   -123.12 356.13 1679.51
   -121.12 356.13 1679.51
   -119.12 356.13 1679.51
   -117.12 356.13 1679.51
   -115.12 356.13 1679.51
   -113.11 356.13 1679.51
   -111.11 356.13 1679.51
   -109.11 356.13 1679.51
   -107.11 356.13 1679.51
   -105.11 356.13 1679.51
   -103.10 356.13 1679.51
   -101.10 356.13 1679.51
    -99.10 356.13 1679.51
    -97.10 356.13 1679.51
    -95.10 356.13 1679.51
    -93.09 356.13 1679.51
    -91.09 356.13 1679.51
    -89.09 356.13 1679.51
    -87.09 356.13 1679.51
    -85.09 356.13 1679.51
    -83.08 356.13 1679.51
    -81.08 356.13 1679.51
    -79.08 356.13 1679.51
    -77.08 356.13 1679.51
    -75.08 356.13 1679.51
    -73.07 356.13 1679.51
    -71.07 356.13 1679.51
    -69.07 356.13 1679.51
    -67.07 356.13 1679.51
    -65.07 356.13 1679.51
    -63.06 356.13 1679.51
    -61.06 356.13 1679.51
    -59.06 356.13 1679.51
    -57.06 356.13 1679.51
    -55.06 356.13 1679.51
    -53.05 356.13 1679.51
    -51.05 356.13 1679.51
    -49.05 356.13 1679.51
    -47.05 356.13 1679.51
    -45.05 356.13 1679.51
    -43.04 356.13 1679.51
    -41.04 356.13 1679.51
    -39.04 356.13 1679.51
    -37.04 356.13 1679.51
    -35.04 356.14 1679.51
    -33.03 356.14 1679.51
    -31.03 356.14 1679.51
    -29.03 356.14 1679.51
    -27.03 356.14 1679.51
    -25.03 356.14 1679.51
    -23.02 356.14 1679.51
    -21.02 356.14 1679.51
    -19.02 356.14 1679.51
    -17.02 356.14 1679.51
    -15.02 356.14 1679.51
    -13.01 356.14 1679.51
    -11.01 356.14 1679.51
     -9.01 356.14 1679.51
     -7.01 356.14 1679.51
     -5.01 356.14 1679.51
     -3.00 356.14 1679.51
     -1.00 356.14 1679.51
      1.00 356.14 1679.51
      3.00 356.14 1679.51
      5.01 356.14 1679.51
      7.01 356.14 1679.51
      9.01 356.14 1679.51
     11.01 356.14 1679.51
     13.01 356.14 1679.51
     15.02 356.14 1679.51
     17.02 356.14 1679.51
     19.02 356.14 1679.51
     21.02 356.14 1679.51
     23.02 356.14 1679.51
     25.03 356.14 1679.51
     27.03 356.14 1679.51
     29.03 356.14 1679.51
     31.03 356.14 1679.51
     33.03 356.14 1679.51
     35.04 356.14 1679.51
     37.04 356.13 1679.51
     39.04 356.13 1679.51
     41.04 356.13 1679.51
     43.04 356.13 1679.51
     45.05 356.13 1679.51
     47.05 356.13 1679.51
     49.05 356.13 1679.51
     51.05 356.13 1679.51
     53.05 356.13 1679.51
     55.06 356.13 1679.51
     57.06 356.13 1679.51
     59.06 356.13 1679.51
     61.06 356.13 1679.51
     63.06 356.13 1679.51
     65.07 356.13 1679.51
     67.07 356.13 1679.51
     69.07 356.13 1679.51
     71.07 356.13 1679.51
     73.07 356.13 1679.51
     75.08 356.13 1679.51
     77.08 356.13 1679.51
     79.08 356.13 1679.51
     81.08 356.13 1679.51
     83.08 356.13 1679.51
     85.09 356.13 1679.51
     87.09 356.13 1679.51
     89.09 356.13 1679.51
     91.09 356.13 1679.51
     93.09 356.13 1679.51
     95.10 356.13 1679.51
     97.10 356.13 1679.51
     99.10 356.13 1679.51
    101.10 356.13 1679.51
    103.10 356.13 1679.51
    105.11 356.13 1679.51
    107.11 356.13 1679.51
    109.11 356.13 1679.51
    111.11 356.13 1679.51
    113.11 356.13 1679.51
    115.12 356.13 1679.51
    117.12 356.13 1679.51
    119.12 356.13 1679.51
    121.12 356.13 1679.51
    123.12 356.13 1679.51
    125.13 356.13 1679.51
    127.13 356.13 1679.51
    129.13 356.13 1679.51
    131.13 356.13 1679.51
    133.13 356.12 1679.51
    135.14 356.12 1679.51
    137.14 356.12 1679.51
    139.14 356.12 1679.51
    141.14 356.12 1679.51
    143.14 356.12 1679.51
    145.15 356.12 1679.51
    147.15 356.12 1679.51
    149.15 356.12 1679.51
    151.15 356.12 1679.51
    153.15 356.12 1679.51
    155.16 356.12 1679.51
    157.16 356.12 1679.51
    159.16 356.12 1679.51
    161.16 356.12 1679.51
    163.16 356.12 1679.51
    165.17 356.12 1679.51
    167.17 356.12 1679.51
    169.17 356.12 1679.51
    171.17 356.12 1679.51
    173.17 356.12 1679.51
    175.18 356.12 1679.52
    177.18 356.12 1679.52
    179.18 356.12 1679.52
    181.18 356.12 1679.52
    183.18 356.12 1679.52
    185.19 356.11 1679.52
    187.19 356.11 1679.52
    189.19 356.11 1679.52
    191.19 356.11 1679.52
    193.19 356.11 1679.52
    195.20 356.11 1679.52
    197.20 356.11 1679.52
    199.20 356.11 1679.52
    201.20 356.11 1679.52
    203.20 356.11 1679.52
    205.21 356.11 1679.52
    207.21 356.11 1679.52
    209.21 356.11 1679.52
    211.21 356.11 1679.52
    213.21 356.11 1679.52
    215.22 356.11 1679.52
    217.22 356.11 1679.52
    219.22 356.11 1679.52
    221.22 356.11 1679.52
    223.22 356.11 1679.52
    225.23 356.10 1679.52
    227.23 356.10 1679.52
    229.23 356.10 1679.52
    231.23 356.10 1679.52
    233.23 356.10 1679.52
    235.24 356.10 1679.52
    237.24 356.10 1679.52
    239.24 356.10 1679.52
    241.24 356.10 1679.52
    243.24 356.10 1679.52
    245.25 356.10 1679.53
    247.25 356.10 1679.53
    249.25 356.10 1679.53
    251.25 356.10 1679.53
    253.25 356.10 1679.53
    255.26 356.10 1679.53
    257.26 356.09 1679.53
    259.26 356.09 1679.53
    261.26 356.09 1679.53
    263.26 356.09 1679.53
    265.27 356.09 1679.53
    267.27 356.09 1679.53
    269.27 356.09 1679.53
    271.27 356.09 1679.53
    273.27 356.09 1679.53
    275.28 356.09 1679.53
    277.28 356.09 1679.53
    279.28 356.09 1679.53
    281.28 356.09 1679.53
    283.28 356.09 1679.54
    285.29 356.09 1679.54
    287.29 356.08 1679.54
    289.29 356.08 1679.54
    291.29 356.08 1679.54
    293.29 356.08 1679.54
    295.30 356.08 1679.54
    297.30 356.08 1679.54
    299.30 356.08 1679.54
    301.30 356.08 1679.54
    303.30 356.08 1679.54
    305.31 356.08 1679.54
    307.31 356.08 1679.54
    309.31 356.08 1679.55
    311.31 356.08 1679.55
    313.31 356.08 1679.55
    315.32 356.07 1679.55
    317.32 356.07 1679.55
    319.32 356.07 1679.55
    321.32 356.07 1679.55
    323.32 356.07 1679.55
    325.33 356.07 1679.55
    327.33 356.07 1679.55
    329.33 356.07 1679.55
    331.33 356.07 1679.56
    333.33 356.07 1679.56
    335.34 356.07 1679.56
    337.34 356.07 1679.56
    339.34 356.06 1679.56
    341.34 356.06 1679.56
    343.34 356.06 1679.56
    345.35 356.06 1679.56
    347.35 356.06 1679.56
    349.35 356.06 1679.56
    351.35 356.06 1679.57
    353.35 356.06 1679.57
    355.36 356.06 1679.57
    357.36 356.06 1679.57
    359.36 356.06 1679.57
    361.36 356.06 1679.57
    363.36 356.05 1679.57
    365.37 356.05 1679.57
    367.37 356.05 1679.58
    369.37 356.05 1679.58
    371.37 356.05 1679.58
    373.37 356.05 1679.58
    375.38 356.05 1679.58
    377.38 356.05 1679.58
    379.38 356.05 1679.58
    381.38 356.05 1679.58
    383.38 356.05 1679.59
    385.39 356.04 1679.59
    387.39 356.04 1679.59
    389.39 356.04 1679.59
    391.39 356.04 1679.59
    393.39 356.04 1679.59
    395.40 356.04 1679.60
    397.40 356.04 1679.60
    399.40 356.04 1679.60
    401.40 356.04 1679.60
    403.40 356.04 1679.60
    405.41 356.03 1679.60
    407.41 356.03 1679.60
    409.41 356.03 1679.61
    411.41 356.03 1679.61
    413.41 356.03 1679.61
    415.42 356.03 1679.61
    417.42 356.03 1679.61
    419.42 356.03 1679.61
    421.42 356.03 1679.62
    423.42 356.03 1679.62
    425.43 356.02 1679.62
    427.43 356.02 1679.62
    429.43 356.02 1679.62
    431.43 356.02 1679.63
    433.43 356.02 1679.63
    435.44 356.02 1679.63
    437.44 356.02 1679.63
    439.44 356.02 1679.63
    441.44 356.02 1679.64
    443.44 356.01 1679.64
    445.45 356.01 1679.64
    447.45 356.01 1679.64
    449.45 356.01 1679.64
    451.45 356.01 1679.65
    453.45 356.01 1679.65
    455.46 356.01 1679.65
    457.46 356.01 1679.65
    459.46 356.01 1679.65
    461.46 356.00 1679.66
    463.46 356.00 1679.66
    465.47 356.00 1679.66
    467.47 356.00 1679.66
    469.47 356.00 1679.66
    471.47 356.00 1679.67
    473.47 356.00 1679.67
    475.48 356.00 1679.67
    477.48 356.00 1679.67
    479.48 355.99 1679.68
    481.48 355.99 1679.68
    483.48 355.99 1679.68
    485.49 355.99 1679.68
    487.49 355.99 1679.69
    489.49 355.99 1679.69
    491.49 355.99 1679.69
    493.49 355.99 1679.69
    495.50 355.98 1679.70
    497.50 355.98 1679.70
    499.50 355.98 1679.70
    501.50 355.98 1679.70
    503.50 355.98 1679.71
    505.51 355.98 1679.71
    507.51 355.98 1679.71
    509.51 355.98 1679.71
    511.51 355.97 1679.72
    513.51 355.97 1679.72
    515.52 355.97 1679.72
    517.52 355.97 1679.73
    519.52 355.97 1679.73
    521.52 355.97 1679.73
    523.52 355.97 1679.73
    525.53 355.97 1679.74
    527.53 355.96 1679.74
    529.53 355.96 1679.74
    531.53 355.96 1679.75
    533.53 355.96 1679.75
    535.54 355.96 1679.75
    537.54 355.96 1679.76
    539.54 355.96 1679.76
    541.54 355.95 1679.76
    543.54 355.95 1679.76
    545.55 355.95 1679.77
    547.55 355.95 1679.77
    549.55 355.95 1679.77
    551.55 355.95 1679.78
    553.55 355.95 1679.78
    555.56 355.95 1679.78
    557.56 355.94 1679.79
    559.56 355.94 1679.79
    561.56 355.94 1679.79
    563.56 355.94 1679.80
    565.57 355.94 1679.80
    567.57 355.94 1679.80
    569.57 355.94 1679.81
    571.57 355.93 1679.81
    573.57 355.93 1679.81
    575.58 355.93 1679.82
    577.58 355.93 1679.82
    579.58 355.93 1679.82
    581.58 355.93 1679.83
    583.58 355.93 1679.83
    585.59 355.92 1679.84
    587.59 355.92 1679.84
    589.59 355.92 1679.84
    591.59 355.92 1679.85
    593.59 355.92 1679.85
    595.60 355.92 1679.85
    597.60 355.92 1679.86
    599.60 355.91 1679.86
    601.60 355.91 1679.87
    603.60 355.91 1679.87
    605.61 355.91 1679.87
    607.61 355.91 1679.88
    609.61 355.91 1679.88
    611.61 355.91 1679.88
    613.61 355.90 1679.89
    615.62 355.90 1679.89
    617.62 355.90 1679.90
    619.62 355.90 1679.90
    621.62 355.90 1679.90
    623.62 355.90 1679.91
    625.63 355.89 1679.91
    627.63 355.89 1679.92
    629.63 355.89 1679.92
    631.63 355.89 1679.93
    633.63 355.89 1679.93
    635.64 355.89 1679.93
    637.64 355.89 1679.94
    639.64 355.88 1679.94
    641.64 355.88 1679.95
    643.64 355.88 1679.95
    645.65 355.88 1679.96
    647.65 355.88 1679.96
    649.65 355.88 1679.96
    651.65 355.87 1679.97
    653.65 355.87 1679.97
    655.66 355.87 1679.98
    657.66 355.87 1679.98
    659.66 355.87 1679.99
    661.66 355.87 1679.99
    663.66 355.86 1680.00
    665.67 355.86 1680.00
    667.67 355.86 1680.01
    669.67 355.86 1680.01
    671.67 355.86 1680.02
    673.67 355.86 1680.02
    675.68 355.85 1680.03
    677.68 355.85 1680.03
    679.68 355.85 1680.04
    681.68 355.85 1680.04
    683.68 355.85 1680.04
    685.69 355.85 1680.05
    687.69 355.84 1680.05
    689.69 355.84 1680.06
    691.69 355.84 1680.06
    693.69 355.84 1680.07
    695.70 355.84 1680.08
    697.70 355.84 1680.08
    699.70 355.83 1680.09
    701.70 355.83 1680.09
    703.70 355.83 1680.10
    705.71 355.83 1680.10
    707.71 355.83 1680.11
    709.71 355.83 1680.11
    711.71 355.82 1680.12
    713.71 355.82 1680.12
    715.72 355.82 1680.13
    717.72 355.82 1680.13
    719.72 355.82 1680.14
    721.72 355.81 1680.14
    723.72 355.81 1680.15
    725.73 355.81 1680.15
    727.73 355.81 1680.16
    729.73 355.81 1680.17
    731.73 355.81 1680.17
    733.73 355.80 1680.18
    735.74 355.80 1680.18
    737.74 355.80 1680.19
    739.74 355.80 1680.19
    741.74 355.80 1680.20
    743.74 355.79 1680.21
    745.75 355.79 1680.21
    747.75 355.79 1680.22
    749.75 355.79 1680.22
    751.75 355.79 1680.23
    753.75 355.79 1680.24
    755.76 355.78 1680.24
    757.76 355.78 1680.25
    759.76 355.78 1680.25
    761.76 355.78 1680.26
    763.76 355.78 1680.27
    765.77 355.77 1680.27
    767.77 355.77 1680.28
    769.77 355.77 1680.28
    771.77 355.77 1680.29
    773.77 355.77 1680.30
    775.78 355.76 1680.30
    777.78 355.76 1680.31
    779.78 355.76 1680.31
    781.78 355.76 1680.32
    783.78 355.76 1680.33
    785.79 355.75 1680.33
    787.79 355.75 1680.34
    789.79 355.75 1680.35
    791.79 355.75 1680.35
    793.79 355.75 1680.36
    795.80 355.75 1680.37
    797.80 355.74 1680.37
    799.80 355.74 1680.38
    801.80 355.74 1680.39
    803.80 355.74 1680.39
    805.81 355.74 1680.40
    807.81 355.73 1680.41
    809.81 355.73 1680.41
    811.81 355.73 1680.42
    813.81 355.73 1680.43
    815.82 355.73 1680.43
    817.82 355.72 1680.44
    819.82 355.72 1680.45
    821.82 355.72 1680.45
    823.82 355.72 1680.46
    825.83 355.72 1680.47
    827.83 355.71 1680.48
    829.83 355.71 1680.48
    831.83 355.71 1680.49
    833.83 355.71 1680.50
    835.84 355.70 1680.50
    837.84 355.70 1680.51
    839.84 355.70 1680.52
    841.84 355.70 1680.53
    843.84 355.70 1680.53
    845.85 355.69 1680.54
    847.85 355.69 1680.55
    849.85 355.69 1680.55
    851.85 355.69 1680.56
    853.85 355.69 1680.57
    855.86 355.68 1680.58
    857.86 355.68 1680.58
    859.86 355.68 1680.59
    861.86 355.68 1680.60
    863.86 355.68 1680.61
    865.87 355.67 1680.61
    867.87 355.67 1680.62
    869.87 355.67 1680.63
    871.87 355.67 1680.64
    873.87 355.66 1680.65
    875.88 355.66 1680.65
    877.88 355.66 1680.66
    879.88 355.66 1680.67
    881.88 355.66 1680.68
    883.88 355.65 1680.69
    885.89 355.65 1680.69
    887.89 355.65 1680.70
    889.89 355.65 1680.71
    891.89 355.65 1680.72
    893.89 355.64 1680.73
    895.90 355.64 1680.73
    897.90 355.64 1680.74
    899.90 355.64 1680.75
    901.90 355.63 1680.76
    903.90 355.63 1680.77
    905.91 355.63 1680.77
    907.91 355.63 1680.78
    909.91 355.63 1680.79
    911.91 355.62 1680.80
    913.91 355.62 1680.81
    915.92 355.62 1680.82
    917.92 355.62 1680.82
    919.92 355.61 1680.83
    921.92 355.61 1680.84
    923.92 355.61 1680.85
    925.93 355.61 1680.86
    927.93 355.60 1680.87
    929.93 355.60 1680.88
    931.93 355.60 1680.88
    933.93 355.60 1680.89
    935.94 355.60 1680.90
    937.94 355.59 1680.91
    939.94 355.59 1680.92
    941.94 355.59 1680.93
    943.94 355.59 1680.94
    945.95 355.58 1680.95
    947.95 355.58 1680.96
    949.95 355.58 1680.96
    951.95 355.58 1680.97
    953.95 355.57 1680.98
    955.96 355.57 1680.99
    957.96 355.57 1681.00
    959.96 355.57 1681.01
    961.96 355.57 1681.02
    963.96 355.56 1681.03
    965.97 355.56 1681.04
    967.97 355.56 1681.05
    969.97 355.56 1681.06
    971.97 355.55 1681.07
    973.97 355.55 1681.07
    975.98 355.55 1681.08
    977.98 355.55 1681.09
    979.98 355.54 1681.10
    981.98 355.54 1681.11
    983.98 355.54 1681.12
    985.99 355.54 1681.13
    987.99 355.53 1681.14
    989.99 355.53 1681.15
    991.99 355.53 1681.16
    993.99 355.53 1681.17
    996.00 355.52 1681.18
    998.00 355.52 1681.19
   1000.00 355.52 1681.20
