  -1000.00 1616.99 1616.99
   -998.00 1616.98 1616.98
   -996.00 1616.96 1616.96
   -993.99 1616.95 1616.95
   -991.99 1616.93 1616.93
   -989.99 1616.92 1616.92
   -987.99 1616.90 1616.90
   -985.99 1616.89 1616.89
   -983.98 1616.88 1616.88
   -981.98 1616.86 1616.86
   -979.98 1616.85 1616.85
   -977.98 1616.83 1616.83
   -975.98 1616.82 1616.82
   -973.97 1616.80 1616.80
   -971.97 1616.79 1616.79
   -969.97 1616.78 1616.78
   -967.97 1616.76 1616.76
   -965.97 1616.75 1616.75
   -963.96 1616.73 1616.73
   -961.96 1616.72 1616.72
   -959.96 1616.70 1616.70
   -957.96 1616.69 1616.69
   -955.96 1616.68 1616.68
   -953.95 1616.66 1616.66
   -951.95 1616.65 1616.65
   -949.95 1616.63 1616.63
   -947.95 1616.62 1616.62
   -945.95 1616.61 1616.61
   -943.94 1616.59 1616.59
   -941.94 1616.58 1616.58
   -939.94 1616.57 1616.57
   -937.94 1616.55 1616.55
   -935.94 1616.54 1616.54
   -933.93 1616.52 1616.52
   -931.93 1616.51 1616.51
   -929.93 1616.50 1616.50
   -927.93 1616.48 1616.48
   -925.93 1616.47 1616.47
   -923.92 1616.46 1616.46
   -921.92 1616.44 1616.44
   -919.92 1616.43 1616.43
   -917.92 1616.42 1616.42
   -915.92 1616.40 1616.40
   -913.91 1616.39 1616.39
   -911.91 1616.38 1616.38
   -909.91 1616.36 1616.36
   -907.91 1616.35 1616.35
   -905.91 1616.34 1616.34
   -903.90 1616.32 1616.32
   -901.90 1616.31 1616.31
   -899.90 1616.30 1616.30
   -897.90 1616.28 1616.28
   -895.90 1616.27 1616.27
   -893.89 1616.26 1616.26
   -891.89 1616.24 1616.24
   -889.89 1616.23 1616.23
   -887.89 1616.22 1616.22
   -885.89 1616.20 1616.20
   -883.88 1616.19 1616.19
   -881.88 1616.18 1616.18
   -879.88 1616.16 1616.16
   -877.88 1616.15 1616.15
   -875.88 1616.14 1616.14
   -873.87 1616.13 1616.13
   -871.87 1616.11 1616.11
   -869.87 1616.10 1616.10
   -867.87 1616.09 1616.09
   -865.87 1616.07 1616.07
   -863.86 1616.06 1616.06
   -861.86 1616.05 1616.05
   -859.86 1616.04 1616.04
   -857.86 1616.02 1616.02
   -855.86 1616.01 1616.01
   -853.85 1616.00 1616.00
   -851.85 1615.98 1615.98
   -849.85 1615.97 1615.97
   -847.85 1615.96 1615.96
   -845.85 1615.95 1615.95
   -843.84 1615.93 1615.93
   -841.84 1615.92 1615.92
   -839.84 1615.91 1615.91
   -837.84 1615.90 1615.90
   -835.84 1615.88 1615.88
   -833.83 1615.87 1615.87
   -831.83 1615.86 1615.86
   -829.83 1615.85 1615.85
   -827.83 1615.84 1615.84
   -825.83 1615.82 1615.82
   -823.82 1615.81 1615.81
   -821.82 1615.80 1615.80
   -819.82 1615.79 1615.79
   -817.82 1615.77 1615.77
   -815.82 1615.76 1615.76
   -813.81 1615.75 1615.75
   -811.81 1615.74 1615.74
   -809.81 1615.73 1615.73
   -807.81 1615.71 1615.71
   -805.81 1615.70 1615.70
   -803.80 1615.69 1615.69
   -801.80 1615.68 1615.68
   -799.80 1615.67 1615.67
   -797.80 1615.65 1615.65
   -795.80 1615.64 1615.64
   -793.79 1615.63 1615.63
   -791.79 1615.62 1615.62
   -789.79 1615.61 1615.61
   -787.79 1615.59 1615.59
   -785.79 1615.58 1615.58
   -783.78 1615.57 1615.57
   -781.78 1615.56 1615.56
   -779.78 1615.55 1615.55
   -777.78 1615.54 1615.54
   -775.78 1615.52 1615.52
   -773.77 1615.51 1615.51
   -771.77 1615.50 1615.50
   -769.77 1615.49 1615.49
   -767.77 1615.48 1615.48
   -765.77 1615.47 1615.47
   -763.76 1615.46 1615.46
   -761.76 1615.44 1615.44
   -759.76 1615.43 1615.43
   -757.76 1615.42 1615.42
   -755.76 1615.41 1615.41
   -753.75 1615.40 1615.40
   -751.75 1615.39 1615.39
   -749.75 1615.38 1615.38
   -747.75 1615.36 1615.36
   -745.75 1615.35 1615.35
   -743.74 1615.34 1615.34
   -741.74 1615.33 1615.33
   -739.74 1615.32 1615.32
   -737.74 1615.31 1615.31
   -735.74 1615.30 1615.30
   -733.73 1615.29 1615.29
   -731.73 1615.28 1615.28
   -729.73 1615.26 1615.26
   -727.73 1615.25 1615.25
   -725.73 1615.24 1615.24
   -723.72 1615.23 1615.23
   -721.72 1615.22 1615.22
   -719.72 1615.21 1615.21
   -717.72 1615.20 1615.20
   -715.72 1615.19 1615.19
   -713.71 1615.18 1615.18
   -711.71 1615.17 1615.17
   -709.71 1615.16 1615.16
   -707.71 1615.15 1615.15
   -705.71 1615.14 1615.14
   -703.70 1615.12 1615.12
   -701.70 1615.11 1615.11
   -699.70 1615.10 1615.10
   -697.70 1615.09 1615.09
   -695.70 1615.08 1615.08
   -693.69 1615.07 1615.07
   -691.69 1615.06 1615.06
   -689.69 1615.05 1615.05
   -687.69 1615.04 1615.04
   -685.69 1615.03 1615.03
   -683.68 1615.02 1615.02
   -681.68 1615.01 1615.01
   -679.68 1615.00 1615.00
   -677.68 1614.99 1614.99
   -675.68 1614.98 1614.98
   -673.67 1614.97 1614.97
   -671.67 1614.96 1614.96
   -669.67 1614.95 1614.95
   -667.67 1614.94 1614.94
   -665.67 1614.93 1614.93
   -663.66 1614.92 1614.92
   -661.66 1614.91 1614.91
   -659.66 1614.90 1614.90
   -657.66 1614.89 1614.89
   -655.66 1614.88 1614.88
   -653.65 1614.87 1614.87
   -651.65 1614.86 1614.86
   -649.65 1614.85 1614.85
   -647.65 1614.84 1614.84
   -645.65 1614.83 1614.83
   -643.64 1614.82 1614.82
   -641.64 1614.81 1614.81
   -639.64 1614.80 1614.80
   -637.64 1614.79 1614.79
   -635.64 1614.78 1614.78
   -633.63 1614.77 1614.77
   -631.63 1614.76 1614.76
   -629.63 1614.75 1614.75
   -627.63 1614.74 1614.74
   -625.63 1614.73 1614.73
   -623.62 1614.72 1614.72
   -621.62 1614.71 1614.71
   -619.62 1614.70 1614.70
   -617.62 1614.69 1614.69
   -615.62 1614.68 1614.68
   -613.61 1614.68 1614.68
   -611.61 1614.67 1614.67
   -609.61 1614.66 1614.66
   -607.61 1614.65 1614.65
   -605.61 1614.64 1614.64
   -603.60 1614.63 1614.63
   -601.60 1614.62 1614.62
   -599.60 1614.61 1614.61
   -597.60 1614.60 1614.60
   -595.60 1614.59 1614.59
   -593.59 1614.58 1614.58
   -591.59 1614.57 1614.57
   -589.59 1614.57 1614.57
   -587.59 1614.56 1614.56
   -585.59 1614.55 1614.55
   -583.58 1614.54 1614.54
   -581.58 1614.53 1614.53
   -579.58 1614.52 1614.52
   -577.58 1614.51 1614.51
   -575.58 1614.50 1614.50
   -573.57 1614.49 1614.49
   -571.57 1614.49 1614.49
   -569.57 1614.48 1614.48
   -567.57 1614.47 1614.47
   -565.57 1614.46 1614.46
   -563.56 1614.45 1614.45
   -561.56 1614.44 1614.44
   -559.56 1614.43 1614.43
   -557.56 1614.42 1614.42
   -555.56 1614.42 1614.42
   -553.55 1614.41 1614.41
   -551.55 1614.40 1614.40
   -549.55 1614.39 1614.39
   -547.55 1614.38 1614.38
   -545.55 1614.37 1614.37
   -543.54 1614.37 1614.37
   -541.54 1614.36 1614.36
   -539.54 1614.35 1614.35
   -537.54 1614.34 1614.34
   -535.54 1614.33 1614.33
   -533.53 1614.32 1614.32
   -531.53 1614.32 1614.32
   -529.53 1614.31 1614.31
   -527.53 1614.30 1614.30
   -525.53 1614.29 1614.29
   -523.52 1614.28 1614.28
   -521.52 1614.28 1614.28
   -519.52 1614.27 1614.27
   -517.52 1614.26 1614.26
   -515.52 1614.25 1614.25
   -513.51 1614.24 1614.24
   -511.51 1614.24 1614.24
   -509.51 1614.23 1614.23
   -507.51 1614.22 1614.22
   -505.51 1614.21 1614.21
   -503.50 1614.20 1614.20
   -501.50 1614.20 1614.20
   -499.50 1614.19 1614.19
   -497.50 1614.18 1614.18
   -495.50 1614.17 1614.17
   -493.49 1614.17 1614.17
   -491.49 1614.16 1614.16
   -489.49 1614.15 1614.15
   -487.49 1614.14 1614.14
   -485.49 1614.14 1614.14
   -483.48 1614.13 1614.13
   -481.48 1614.12 1614.12
   -479.48 1614.11 1614.11
   -477.48 1614.11 1614.11
   -475.48 1614.10 1614.10
   -473.47 1614.09 1614.09
   -471.47 1614.08 1614.08
   -469.47 1614.08 1614.08
   -467.47 1614.07 1614.07
   -465.47 1614.06 1614.06
   -463.46 1614.06 1614.06
   -461.46 1614.05 1614.05
   -459.46 1614.04 1614.04
   -457.46 1614.03 1614.03
   -455.46 1614.03 1614.03
   -453.45 1614.02 1614.02
   -451.45 1614.01 1614.01
   -449.45 1614.01 1614.01
   -447.45 1614.00 1614.00
   -445.45 1613.99 1613.99
   -443.44 1613.98 1613.98
   -441.44 1613.98 1613.98
   -439.44 1613.97 1613.97
   -437.44 1613.96 1613.96
   -435.44 1613.96 1613.96
   -433.43 1613.95 1613.95
   -431.43 1613.94 1613.94
   -429.43 1613.94 1613.94
   -427.43 1613.93 1613.93
   -425.43 1613.92 1613.92
   -423.42 1613.92 1613.92
   -421.42 1613.91 1613.91
   -419.42 1613.90 1613.90
   -417.42 1613.90 1613.90
   -415.42 1613.89 1613.89
   -413.41 1613.89 1613.89
   -411.41 1613.88 1613.88
   -409.41 1613.87 1613.87
   -407.41 1613.87 1613.87
   -405.41 1613.86 1613.86
   -403.40 1613.85 1613.85
   -401.40 1613.85 1613.85
   -399.40 1613.84 1613.84
   -397.40 1613.83 1613.83
   -395.40 1613.83 1613.83
   -393.39 1613.82 1613.82
   -391.39 1613.82 1613.82
   -389.39 1613.81 1613.81
   -387.39 1613.80 1613.80
   -385.39 1613.80 1613.80
   -383.38 1613.79 1613.79
   -381.38 1613.79 1613.79
   -379.38 1613.78 1613.78
   -377.38 1613.77 1613.77
   -375.38 1613.77 1613.77
   -373.37 1613.76 1613.76
   -371.37 1613.76 1613.76
   -369.37 1613.75 1613.75
   -367.37 1613.75 1613.75
   -365.37 1613.74 1613.74
   -363.36 1613.73 1613.73
   -361.36 1613.73 1613.73
   -359.36 1613.72 1613.72
   -357.36 1613.72 1613.72
   -355.36 1613.71 1613.71
   -353.35 1613.71 1613.71
   -351.35 1613.70 1613.70
   -349.35 1613.69 1613.69
   -347.35 1613.69 1613.69
   -345.35 1613.68 1613.68
   -343.34 1613.68 1613.68
   -341.34 1613.67 1613.67
   -339.34 1613.67 1613.67
   -337.34 1613.66 1613.66
   -335.34 1613.66 1613.66
   -333.33 1613.65 1613.65
   -331.33 1613.65 1613.65
   -329.33 1613.64 1613.64
   -327.33 1613.64 1613.64
   -325.33 1613.63 1613.63
   -323.32 1613.63 1613.63
   -321.32 1613.62 1613.62
   -319.32 1613.62 1613.62
   -317.32 1613.61 1613.61
   -315.32 1613.61 1613.61
   -313.31 1613.60 1613.60
   -311.31 1613.60 1613.60
   -309.31 1613.59 1613.59
   -307.31 1613.59 1613.59
   -305.31 1613.58 1613.58
   -303.30 1613.58 1613.58
   -301.30 1613.57 1613.57
   -299.30 1613.57 1613.57
   -297.30 1613.56 1613.56
   -295.30 1613.56 1613.56
   -293.29 1613.55 1613.55
   -291.29 1613.55 1613.55
   -289.29 1613.55 1613.55
   -287.29 1613.54 1613.54
   -285.29 1613.54 1613.54
   -283.28 1613.53 1613.53
   -281.28 1613.53 1613.53
   -279.28 1613.52 1613.52
   -277.28 1613.52 1613.52
   -275.28 1613.51 1613.51
   -273.27 1613.51 1613.51
   -271.27 1613.51 1613.51
   -269.27 1613.50 1613.50
   -267.27 1613.50 1613.50
   -265.27 1613.49 1613.49
   -263.26 1613.49 1613.49
   -261.26 1613.48 1613.48
   -259.26 1613.48 1613.48
   -257.26 1613.48 1613.48
   -255.26 1613.47 1613.47
   -253.25 1613.47 1613.47
   -251.25 1613.46 1613.46
   -249.25 1613.46 1613.46
   -247.25 1613.46 1613.46
   -245.25 1613.45 1613.45
   -243.24 1613.45 1613.45
   -241.24 1613.45 1613.45
   -239.24 1613.44 1613.44
   -237.24 1613.44 1613.44
   -235.24 1613.43 1613.43
   -233.23 1613.43 1613.43
   -231.23 1613.43 1613.43
   -229.23 1613.42 1613.42
   -227.23 1613.42 1613.42
   -225.23 1613.42 1613.42
   -223.22 1613.41 1613.41
   -221.22 1613.41 1613.41
   -219.22 1613.41 1613.41
   -217.22 1613.40 1613.40
   -215.22 1613.40 1613.40
   -213.21 1613.39 1613.39
   -211.21 1613.39 1613.39
   -209.21 1613.39 1613.39
   -207.21 1613.39 1613.39
   -205.21 1613.38 1613.38
   -203.20 1613.38 1613.38
   -201.20 1613.38 1613.38
   -199.20 1613.37 1613.37
   -197.20 1613.37 1613.37
   -195.20 1613.37 1613.37
   -193.19 1613.36 1613.36
   -191.19 1613.36 1613.36
   -189.19 1613.36 1613.36
   -187.19 1613.35 1613.35
   -185.19 1613.35 1613.35
   -183.18 1613.35 1613.35
   -181.18 1613.35 1613.35
   -179.18 1613.34 1613.34
   -177.18 1613.34 1613.34
   -175.18 1613.34 1613.34
   -173.17 1613.33 1613.33
   -171.17 1613.33 1613.33
   -169.17 1613.33 1613.33
   -167.17 1613.33 1613.33
   -165.17 1613.32 1613.32
   -163.16 1613.32 1613.32
   -161.16 1613.32 1613.32
   -159.16 1613.32 1613.32
   -157.16 1613.31 1613.31
   -155.16 1613.31 1613.31
   -153.15 1613.31 1613.31
   -151.15 1613.31 1613.31
   -149.15 1613.30 1613.30
   -147.15 1613.30 1613.30
   -145.15 1613.30 1613.30
   -143.14 1613.30 1613.30
   -141.14 1613.29 1613.29
   -139.14 1613.29 1613.29
   -137.14 1613.29 1613.29
   -135.14 1613.29 1613.29
   -133.13 1613.29 1613.29
   -131.13 1613.28 1613.28
   -129.13 1613.28 1613.28
   -127.13 1613.28 1613.28
   -125.13 1613.28 1613.28
   -123.12 1613.28 1613.28
   -121.12 1613.27 1613.27
   -119.12 1613.27 1613.27
   -117.12 1613.27 1613.27
   -115.12 1613.27 1613.27
   -113.11 1613.27 1613.27
   -111.11 1613.26 1613.26
   -109.11 1613.26 1613.26
   -107.11 1613.26 1613.26
   -105.11 1613.26 1613.26
   -103.10 1613.26 1613.26
   -101.10 1613.26 1613.26
    -99.10 1613.25 1613.25
    -97.10 1613.25 1613.25
    -95.10 1613.25 1613.25
    -93.09 1613.25 1613.25
    -91.09 1613.25 1613.25
    -89.09 1613.25 1613.25
    -87.09 1613.25 1613.25
    -85.09 1613.24 1613.24
    -83.08 1613.24 1613.24
    -81.08 1613.24 1613.24
    -79.08 1613.24 1613.24
    -77.08 1613.24 1613.24
    -75.08 1613.24 1613.24
    -73.07 1613.24 1613.24
    -71.07 1613.24 1613.24
    -69.07 1613.23 1613.23
    -67.07 1613.23 1613.23
    -65.07 1613.23 1613.23
    -63.06 1613.23 1613.23
    -61.06 1613.23 1613.23
    -59.06 1613.23 1613.23
    -57.06 1613.23 1613.23
    -55.06 1613.23 1613.23
    -53.05 1613.23 1613.23
    -51.05 1613.23 1613.23
    -49.05 1613.23 1613.23
    -47.05 1613.22 1613.22
    -45.05 1613.22 1613.22
    -43.04 1613.22 1613.22
    -41.04 1613.22 1613.22
    -39.04 1613.22 1613.22
    -37.04 1613.22 1613.22
    -35.04 1613.22 1613.22
    -33.03 1613.22 1613.22
    -31.03 1613.22 1613.22
    -29.03 1613.22 1613.22
    -27.03 1613.22 1613.22
    -25.03 1613.22 1613.22
    -23.02 1613.22 1613.22
    -21.02 1613.22 1613.22
    -19.02 1613.22 1613.22
    -17.02 1613.22 1613.22
    -15.02 1613.22 1613.22
    -13.01 1613.22 1613.22
    -11.01 1613.22 1613.22
     -9.01 1613.22 1613.22
     -7.01 1613.22 1613.22
     -5.01 1613.22 1613.22
     -3.00 1613.22 1613.22
     -1.00 1613.22 1613.22
      1.00 1613.22 1613.22
      3.00 1613.22 1613.22
      5.01 1613.22 1613.22
      7.01 1613.22 1613.22
      9.01 1613.22 1613.22
     11.01 1613.22 1613.22
     13.01 1613.22 1613.22
     15.02 1613.22 1613.22
     17.02 1613.22 1613.22
     19.02 1613.22 1613.22
     21.02 1613.22 1613.22
     23.02 1613.22 1613.22
     25.03 1613.22 1613.22
     27.03 1613.22 1613.22
     29.03 1613.22 1613.22
     31.03 1613.22 1613.22
     33.03 1613.22 1613.22
     35.04 1613.22 1613.22
     37.04 1613.22 1613.22
     39.04 1613.22 1613.22
     41.04 1613.22 1613.22
     43.04 1613.22 1613.22
     45.05 1613.22 1613.22
     47.05 1613.22 1613.22
     49.05 1613.23 1613.23
     51.05 1613.23 1613.23
     53.05 1613.23 1613.23
     55.06 1613.23 1613.23
     57.06 1613.23 1613.23
     59.06 1613.23 1613.23
     61.06 1613.23 1613.23
     63.06 1613.23 1613.23
     65.07 1613.23 1613.23
     67.07 1613.23 1613.23
     69.07 1613.23 1613.23
     71.07 1613.24 1613.24
     73.07 1613.24 1613.24
     75.08 1613.24 1613.24
     77.08 1613.24 1613.24
     79.08 1613.24 1613.24
     81.08 1613.24 1613.24
     83.08 1613.24 1613.24
     85.09 1613.24 1613.24
     87.09 1613.25 1613.25
     89.09 1613.25 1613.25
     91.09 1613.25 1613.25
     93.09 1613.25 1613.25
     95.10 1613.25 1613.25
     97.10 1613.25 1613.25
     99.10 1613.25 1613.25
    101.10 1613.26 1613.26
    103.10 1613.26 1613.26
    105.11 1613.26 1613.26
    107.11 1613.26 1613.26
    109.11 1613.26 1613.26
    111.11 1613.26 1613.26
    113.11 1613.27 1613.27
    115.12 1613.27 1613.27
    117.12 1613.27 1613.27
    119.12 1613.27 1613.27
    121.12 1613.27 1613.27
    123.12 1613.28 1613.28
    125.13 1613.28 1613.28
    127.13 1613.28 1613.28
    129.13 1613.28 1613.28
    131.13 1613.28 1613.28
    133.13 1613.29 1613.29
    135.14 1613.29 1613.29
    137.14 1613.29 1613.29
    139.14 1613.29 1613.29
    141.14 1613.29 1613.29
    143.14 1613.30 1613.30
    145.15 1613.30 1613.30
    147.15 1613.30 1613.30
    149.15 1613.30 1613.30
    151.15 1613.31 1613.31
    153.15 1613.31 1613.31
    155.16 1613.31 1613.31
    157.16 1613.31 1613.31
    159.16 1613.32 1613.32
    161.16 1613.32 1613.32
    163.16 1613.32 1613.32
    165.17 1613.32 1613.32
    167.17 1613.33 1613.33
    169.17 1613.33 1613.33
    171.17 1613.33 1613.33
    173.17 1613.33 1613.33
    175.18 1613.34 1613.34
    177.18 1613.34 1613.34
    179.18 1613.34 1613.34
    181.18 1613.35 1613.35
    183.18 1613.35 1613.35
    185.19 1613.35 1613.35
    187.19 1613.35 1613.35
    189.19 1613.36 1613.36
    191.19 1613.36 1613.36
    193.19 1613.36 1613.36
    195.20 1613.37 1613.37
    197.20 1613.37 1613.37
    199.20 1613.37 1613.37
    201.20 1613.38 1613.38
    203.20 1613.38 1613.38
    205.21 1613.38 1613.38
    207.21 1613.39 1613.39
    209.21 1613.39 1613.39
    211.21 1613.39 1613.39
    213.21 1613.39 1613.39
    215.22 1613.40 1613.40
    217.22 1613.40 1613.40
    219.22 1613.41 1613.41
    221.22 1613.41 1613.41
    223.22 1613.41 1613.41
    225.23 1613.42 1613.42
    227.23 1613.42 1613.42
    229.23 1613.42 1613.42
    231.23 1613.43 1613.43
    233.23 1613.43 1613.43
    235.24 1613.43 1613.43
    237.24 1613.44 1613.44
    239.24 1613.44 1613.44
    241.24 1613.45 1613.45
    243.24 1613.45 1613.45
    245.25 1613.45 1613.45
    247.25 1613.46 1613.46
    249.25 1613.46 1613.46
    251.25 1613.46 1613.46
    253.25 1613.47 1613.47
    255.26 1613.47 1613.47
    257.26 1613.48 1613.48
    259.26 1613.48 1613.48
    261.26 1613.48 1613.48
    263.26 1613.49 1613.49
    265.27 1613.49 1613.49
    267.27 1613.50 1613.50
    269.27 1613.50 1613.50
    271.27 1613.51 1613.51
    273.27 1613.51 1613.51
    275.28 1613.51 1613.51
    277.28 1613.52 1613.52
    279.28 1613.52 1613.52
    281.28 1613.53 1613.53
    283.28 1613.53 1613.53
    285.29 1613.54 1613.54
    287.29 1613.54 1613.54
    289.29 1613.55 1613.55
    291.29 1613.55 1613.55
    293.29 1613.55 1613.55
    295.30 1613.56 1613.56
    297.30 1613.56 1613.56
    299.30 1613.57 1613.57
    301.30 1613.57 1613.57
    303.30 1613.58 1613.58
    305.31 1613.58 1613.58
    307.31 1613.59 1613.59
    309.31 1613.59 1613.59
    311.31 1613.60 1613.60
    313.31 1613.60 1613.60
    315.32 1613.61 1613.61
    317.32 1613.61 1613.61
    319.32 1613.62 1613.62
    321.32 1613.62 1613.62
    323.32 1613.63 1613.63
    325.33 1613.63 1613.63
    327.33 1613.64 1613.64
    329.33 1613.64 1613.64
    331.33 1613.65 1613.65
    333.33 1613.65 1613.65
    335.34 1613.66 1613.66
    337.34 1613.66 1613.66
    339.34 1613.67 1613.67
    341.34 1613.67 1613.67
    343.34 1613.68 1613.68
    345.35 1613.68 1613.68
    347.35 1613.69 1613.69
    349.35 1613.69 1613.69
    351.35 1613.70 1613.70
    353.35 1613.71 1613.71
    355.36 1613.71 1613.71
    357.36 1613.72 1613.72
    359.36 1613.72 1613.72
    361.36 1613.73 1613.73
    363.36 1613.73 1613.73
    365.37 1613.74 1613.74
    367.37 1613.75 1613.75
    369.37 1613.75 1613.75
    371.37 1613.76 1613.76
    373.37 1613.76 1613.76
    375.38 1613.77 1613.77
    377.38 1613.77 1613.77
    379.38 1613.78 1613.78
    381.38 1613.79 1613.79
    383.38 1613.79 1613.79
    385.39 1613.80 1613.80
    387.39 1613.80 1613.80
    389.39 1613.81 1613.81
    391.39 1613.82 1613.82
    393.39 1613.82 1613.82
    395.40 1613.83 1613.83
    397.40 1613.83 1613.83
    399.40 1613.84 1613.84
    401.40 1613.85 1613.85
    403.40 1613.85 1613.85
    405.41 1613.86 1613.86
    407.41 1613.87 1613.87
    409.41 1613.87 1613.87
    411.41 1613.88 1613.88
    413.41 1613.89 1613.89
    415.42 1613.89 1613.89
    417.42 1613.90 1613.90
    419.42 1613.90 1613.90
    421.42 1613.91 1613.91
    423.42 1613.92 1613.92
    425.43 1613.92 1613.92
    427.43 1613.93 1613.93
    429.43 1613.94 1613.94
    431.43 1613.94 1613.94
    433.43 1613.95 1613.95
    435.44 1613.96 1613.96
    437.44 1613.96 1613.96
    439.44 1613.97 1613.97
    441.44 1613.98 1613.98
    443.44 1613.98 1613.98
    445.45 1613.99 1613.99
    447.45 1614.00 1614.00
    449.45 1614.01 1614.01
    451.45 1614.01 1614.01
    453.45 1614.02 1614.02
    455.46 1614.03 1614.03
    457.46 1614.03 1614.03
    459.46 1614.04 1614.04
    461.46 1614.05 1614.05
    463.46 1614.06 1614.06
    465.47 1614.06 1614.06
    467.47 1614.07 1614.07
    469.47 1614.08 1614.08
    471.47 1614.08 1614.08
    473.47 1614.09 1614.09
    475.48 1614.10 1614.10
    477.48 1614.11 1614.11
    479.48 1614.11 1614.11
    481.48 1614.12 1614.12
    483.48 1614.13 1614.13
    485.49 1614.14 1614.14
    487.49 1614.14 1614.14
    489.49 1614.15 1614.15
    491.49 1614.16 1614.16
    493.49 1614.17 1614.17
    495.50 1614.17 1614.17
    497.50 1614.18 1614.18
    499.50 1614.19 1614.19
    501.50 1614.20 1614.20
    503.50 1614.20 1614.20
    505.51 1614.21 1614.21
    507.51 1614.22 1614.22
    509.51 1614.23 1614.23
    511.51 1614.24 1614.24
    513.51 1614.24 1614.24
    515.52 1614.25 1614.25
    517.52 1614.26 1614.26
    519.52 1614.27 1614.27
    521.52 1614.28 1614.28
    523.52 1614.28 1614.28
    525.53 1614.29 1614.29
    527.53 1614.30 1614.30
    529.53 1614.31 1614.31
    531.53 1614.32 1614.32
    533.53 1614.32 1614.32
    535.54 1614.33 1614.33
    537.54 1614.34 1614.34
    539.54 1614.35 1614.35
    541.54 1614.36 1614.36
    543.54 1614.37 1614.37
    545.55 1614.37 1614.37
    547.55 1614.38 1614.38
    549.55 1614.39 1614.39
    551.55 1614.40 1614.40
    553.55 1614.41 1614.41
    555.56 1614.42 1614.42
    557.56 1614.42 1614.42
    559.56 1614.43 1614.43
    561.56 1614.44 1614.44
    563.56 1614.45 1614.45
    565.57 1614.46 1614.46
    567.57 1614.47 1614.47
    569.57 1614.48 1614.48
    571.57 1614.49 1614.49
    573.57 1614.49 1614.49
    575.58 1614.50 1614.50
    577.58 1614.51 1614.51
    579.58 1614.52 1614.52
    581.58 1614.53 1614.53
    583.58 1614.54 1614.54
    585.59 1614.55 1614.55
    587.59 1614.56 1614.56
    589.59 1614.57 1614.57
    591.59 1614.57 1614.57
    593.59 1614.58 1614.58
    595.60 1614.59 1614.59
    597.60 1614.60 1614.60
    599.60 1614.61 1614.61
    601.60 1614.62 1614.62
    603.60 1614.63 1614.63
    605.61 1614.64 1614.64
    607.61 1614.65 1614.65
    609.61 1614.66 1614.66
    611.61 1614.67 1614.67
    613.61 1614.68 1614.68
    615.62 1614.68 1614.68
    617.62 1614.69 1614.69
    619.62 1614.70 1614.70
    621.62 1614.71 1614.71
    623.62 1614.72 1614.72
    625.63 1614.73 1614.73
    627.63 1614.74 1614.74
    629.63 1614.75 1614.75
    631.63 1614.76 1614.76
    633.63 1614.77 1614.77
    635.64 1614.78 1614.78
    637.64 1614.79 1614.79
    639.64 1614.80 1614.80
    641.64 1614.81 1614.81
    643.64 1614.82 1614.82
    645.65 1614.83 1614.83
    647.65 1614.84 1614.84
    649.65 1614.85 1614.85
    651.65 1614.86 1614.86
    653.65 1614.87 1614.87
    655.66 1614.88 1614.88
    657.66 1614.89 1614.89
    659.66 1614.90 1614.90
    661.66 1614.91 1614.91
    663.66 1614.92 1614.92
    665.67 1614.93 1614.93
    667.67 1614.94 1614.94
    669.67 1614.95 1614.95
    671.67 1614.96 1614.96
    673.67 1614.97 1614.97
    675.68 1614.98 1614.98
    677.68 1614.99 1614.99
    679.68 1615.00 1615.00
    681.68 1615.01 1615.01
    683.68 1615.02 1615.02
    685.69 1615.03 1615.03
    687.69 1615.04 1615.04
    689.69 1615.05 1615.05
    691.69 1615.06 1615.06
    693.69 1615.07 1615.07
    695.70 1615.08 1615.08
    697.70 1615.09 1615.09
    699.70 1615.10 1615.10
    701.70 1615.11 1615.11
    703.70 1615.12 1615.12
    705.71 1615.14 1615.14
    707.71 1615.15 1615.15
    709.71 1615.16 1615.16
    711.71 1615.17 1615.17
    713.71 1615.18 1615.18
    715.72 1615.19 1615.19
    717.72 1615.20 1615.20
    719.72 1615.21 1615.21
    721.72 1615.22 1615.22
    723.72 1615.23 1615.23
    725.73 1615.24 1615.24
    727.73 1615.25 1615.25
    729.73 1615.26 1615.26
    731.73 1615.28 1615.28
    733.73 1615.29 1615.29
    735.74 1615.30 1615.30
    737.74 1615.31 1615.31
    739.74 1615.32 1615.32
    741.74 1615.33 1615.33
    743.74 1615.34 1615.34
    745.75 1615.35 1615.35
    747.75 1615.36 1615.36
    749.75 1615.38 1615.38
    751.75 1615.39 1615.39
    753.75 1615.40 1615.40
    755.76 1615.41 1615.41
    757.76 1615.42 1615.42
    759.76 1615.43 1615.43
    761.76 1615.44 1615.44
    763.76 1615.46 1615.46
    765.77 1615.47 1615.47
    767.77 1615.48 1615.48
    769.77 1615.49 1615.49
    771.77 1615.50 1615.50
    773.77 1615.51 1615.51
    775.78 1615.52 1615.52
    777.78 1615.54 1615.54
    779.78 1615.55 1615.55
    781.78 1615.56 1615.56
    783.78 1615.57 1615.57
    785.79 1615.58 1615.58
    787.79 1615.59 1615.59
    789.79 1615.61 1615.61
    791.79 1615.62 1615.62
    793.79 1615.63 1615.63
    795.80 1615.64 1615.64
    797.80 1615.65 1615.65
    799.80 1615.67 1615.67
    801.80 1615.68 1615.68
    803.80 1615.69 1615.69
    805.81 1615.70 1615.70
    807.81 1615.71 1615.71
    809.81 1615.73 1615.73
    811.81 1615.74 1615.74
    813.81 1615.75 1615.75
    815.82 1615.76 1615.76
    817.82 1615.77 1615.77
    819.82 1615.79 1615.79
    821.82 1615.80 1615.80
    823.82 1615.81 1615.81
    825.83 1615.82 1615.82
    827.83 1615.84 1615.84
    829.83 1615.85 1615.85
    831.83 1615.86 1615.86
    833.83 1615.87 1615.87
    835.84 1615.88 1615.88
    837.84 1615.90 1615.90
    839.84 1615.91 1615.91
    841.84 1615.92 1615.92
    843.84 1615.93 1615.93
    845.85 1615.95 1615.95
    847.85 1615.96 1615.96
    849.85 1615.97 1615.97
    851.85 1615.98 1615.98
    853.85 1616.00 1616.00
    855.86 1616.01 1616.01
    857.86 1616.02 1616.02
    859.86 1616.04 1616.04
    861.86 1616.05 1616.05
    863.86 1616.06 1616.06
    865.87 1616.07 1616.07
    867.87 1616.09 1616.09
    869.87 1616.10 1616.10
    871.87 1616.11 1616.11
    873.87 1616.13 1616.13
    875.88 1616.14 1616.14
    877.88 1616.15 1616.15
    879.88 1616.16 1616.16
    881.88 1616.18 1616.18
    883.88 1616.19 1616.19
    885.89 1616.20 1616.20
    887.89 1616.22 1616.22
    889.89 1616.23 1616.23
    891.89 1616.24 1616.24
    893.89 1616.26 1616.26
    895.90 1616.27 1616.27
    897.90 1616.28 1616.28
    899.90 1616.30 1616.30
    901.90 1616.31 1616.31
    903.90 1616.32 1616.32
    905.91 1616.34 1616.34
    907.91 1616.35 1616.35
    909.91 1616.36 1616.36
    911.91 1616.38 1616.38
    913.91 1616.39 1616.39
    915.92 1616.40 1616.40
    917.92 1616.42 1616.42
    919.92 1616.43 1616.43
    921.92 1616.44 1616.44
    923.92 1616.46 1616.46
    925.93 1616.47 1616.47
    927.93 1616.48 1616.48
    929.93 1616.50 1616.50
    931.93 1616.51 1616.51
    933.93 1616.52 1616.52
    935.94 1616.54 1616.54
    937.94 1616.55 1616.55
    939.94 1616.57 1616.57
    941.94 1616.58 1616.58
    943.94 1616.59 1616.59
    945.95 1616.61 1616.61
    947.95 1616.62 1616.62
    949.95 1616.63 1616.63
    951.95 1616.65 1616.65
    953.95 1616.66 1616.66
    955.96 1616.68 1616.68
    957.96 1616.69 1616.69
    959.96 1616.70 1616.70
    961.96 1616.72 1616.72
    963.96 1616.73 1616.73
    965.97 1616.75 1616.75
    967.97 1616.76 1616.76
    969.97 1616.78 1616.78
    971.97 1616.79 1616.79
    973.97 1616.80 1616.80
    975.98 1616.82 1616.82
    977.98 1616.83 1616.83
    979.98 1616.85 1616.85
    981.98 1616.86 1616.86
    983.98 1616.88 1616.88
    985.99 1616.89 1616.89
    987.99 1616.90 1616.90
    989.99 1616.92 1616.92
    991.99 1616.93 1616.93
    993.99 1616.95 1616.95
    996.00 1616.96 1616.96
    998.00 1616.98 1616.98
   1000.00 1616.99 1616.99
