  -1000.00 1508.17 1508.17
   -998.00 1508.12 1508.12
   -996.00 1508.08 1508.08
   -993.99 1508.03 1508.03
   -991.99 1507.99 1507.99
   -989.99 1507.94 1507.94
   -987.99 1507.90 1507.90
   -985.99 1507.86 1507.86
   -983.98 1507.81 1507.81
   -981.98 1507.77 1507.77
   -979.98 1507.73 1507.73
   -977.98 1507.68 1507.68
   -975.98 1507.64 1507.64
   -973.97 1507.60 1507.60
   -971.97 1507.55 1507.55
   -969.97 1507.51 1507.51
   -967.97 1507.47 1507.47
   -965.97 1507.42 1507.42
   -963.96 1507.38 1507.38
   -961.96 1507.34 1507.34
   -959.96 1507.29 1507.29
   -957.96 1507.25 1507.25
   -955.96 1507.21 1507.21
   -953.95 1507.17 1507.17
   -951.95 1507.12 1507.12
   -949.95 1507.08 1507.08
   -947.95 1507.04 1507.04
   -945.95 1507.00 1507.00
   -943.94 1506.95 1506.95
   -941.94 1506.91 1506.91
   -939.94 1506.87 1506.87
   -937.94 1506.83 1506.83
   -935.94 1506.79 1506.79
   -933.93 1506.74 1506.74
   -931.93 1506.70 1506.70
   -929.93 1506.66 1506.66
   -927.93 1506.62 1506.62
   -925.93 1506.58 1506.58
   -923.92 1506.54 1506.54
   -921.92 1506.50 1506.50
   -919.92 1506.46 1506.46
   -917.92 1506.41 1506.41
   -915.92 1506.37 1506.37
   -913.91 1506.33 1506.33
   -911.91 1506.29 1506.29
   -909.91 1506.25 1506.25
   -907.91 1506.21 1506.21
   -905.91 1506.17 1506.17
   -903.90 1506.13 1506.13
   -901.90 1506.09 1506.09
   -899.90 1506.05 1506.05
   -897.90 1506.01 1506.01
   -895.90 1505.97 1505.97
   -893.89 1505.93 1505.93
   -891.89 1505.89 1505.89
   -889.89 1505.85 1505.85
   -887.89 1505.81 1505.81
   -885.89 1505.77 1505.77
   -883.88 1505.73 1505.73
   -881.88 1505.69 1505.69
   -879.88 1505.65 1505.65
   -877.88 1505.61 1505.61
   -875.88 1505.57 1505.57
   -873.87 1505.53 1505.53
   -871.87 1505.50 1505.50
   -869.87 1505.46 1505.46
   -867.87 1505.42 1505.42
   -865.87 1505.38 1505.38
   -863.86 1505.34 1505.34
   -861.86 1505.30 1505.30
   -859.86 1505.26 1505.26
   -857.86 1505.23 1505.23
   -855.86 1505.19 1505.19
   -853.85 1505.15 1505.15
   -851.85 1505.11 1505.11
   -849.85 1505.07 1505.07
   -847.85 1505.03 1505.03
   -845.85 1505.00 1505.00
   -843.84 1504.96 1504.96
   -841.84 1504.92 1504.92
   -839.84 1504.88 1504.88
   -837.84 1504.85 1504.85
   -835.84 1504.81 1504.81
   -833.83 1504.77 1504.77
   -831.83 1504.73 1504.73
   -829.83 1504.70 1504.70
   -827.83 1504.66 1504.66
   -825.83 1504.62 1504.62
   -823.82 1504.59 1504.59
   -821.82 1504.55 1504.55
   -819.82 1504.51 1504.51
   -817.82 1504.48 1504.48
   -815.82 1504.44 1504.44
   -813.81 1504.40 1504.40
   -811.81 1504.37 1504.37
   -809.81 1504.33 1504.33
   -807.81 1504.29 1504.29
   -805.81 1504.26 1504.26
   -803.80 1504.22 1504.22
   -801.80 1504.19 1504.19
   -799.80 1504.15 1504.15
   -797.80 1504.11 1504.11
   -795.80 1504.08 1504.08
   -793.79 1504.04 1504.04
   -791.79 1504.01 1504.01
   -789.79 1503.97 1503.97
   -787.79 1503.94 1503.94
   -785.79 1503.90 1503.90
   -783.78 1503.87 1503.87
   -781.78 1503.83 1503.83
   -779.78 1503.80 1503.80
   -777.78 1503.76 1503.76
   -775.78 1503.73 1503.73
   -773.77 1503.69 1503.69
   -771.77 1503.66 1503.66
   -769.77 1503.62 1503.62
   -767.77 1503.59 1503.59
   -765.77 1503.55 1503.55
   -763.76 1503.52 1503.52
   -761.76 1503.49 1503.49
   -759.76 1503.45 1503.45
   -757.76 1503.42 1503.42
   -755.76 1503.38 1503.38
   -753.75 1503.35 1503.35
   -751.75 1503.32 1503.32
   -749.75 1503.28 1503.28
   -747.75 1503.25 1503.25
   -745.75 1503.22 1503.22
   -743.74 1503.18 1503.18
   -741.74 1503.15 1503.15
   -739.74 1503.12 1503.12
   -737.74 1503.08 1503.08
   -735.74 1503.05 1503.05
   -733.73 1503.02 1503.02
   -731.73 1502.98 1502.98
   -729.73 1502.95 1502.95
   -727.73 1502.92 1502.92
   -725.73 1502.89 1502.89
   -723.72 1502.85 1502.85
   -721.72 1502.82 1502.82
   -719.72 1502.79 1502.79
   -717.72 1502.76 1502.76
   -715.72 1502.72 1502.72
   -713.71 1502.69 1502.69
   -711.71 1502.66 1502.66
   -709.71 1502.63 1502.63
   -707.71 1502.60 1502.60
   -705.71 1502.56 1502.56
   -703.70 1502.53 1502.53
   -701.70 1502.50 1502.50
   -699.70 1502.47 1502.47
   -697.70 1502.44 1502.44
   -695.70 1502.41 1502.41
   -693.69 1502.38 1502.38
   -691.69 1502.34 1502.34
   -689.69 1502.31 1502.31
   -687.69 1502.28 1502.28
   -685.69 1502.25 1502.25
   -683.68 1502.22 1502.22
   -681.68 1502.19 1502.19
   -679.68 1502.16 1502.16
   -677.68 1502.13 1502.13
   -675.68 1502.10 1502.10
   -673.67 1502.07 1502.07
   -671.67 1502.04 1502.04
   -669.67 1502.01 1502.01
   -667.67 1501.98 1501.98
   -665.67 1501.95 1501.95
   -663.66 1501.92 1501.92
   -661.66 1501.89 1501.89
   -659.66 1501.86 1501.86
   -657.66 1501.83 1501.83
   -655.66 1501.80 1501.80
   -653.65 1501.77 1501.77
   -651.65 1501.74 1501.74
   -649.65 1501.71 1501.71
   -647.65 1501.68 1501.68
   -645.65 1501.65 1501.65
   -643.64 1501.62 1501.62
   -641.64 1501.60 1501.60
   -639.64 1501.57 1501.57
   -637.64 1501.54 1501.54
   -635.64 1501.51 1501.51
   -633.63 1501.48 1501.48
   -631.63 1501.45 1501.45
   -629.63 1501.42 1501.42
   -627.63 1501.40 1501.40
   -625.63 1501.37 1501.37
   -623.62 1501.34 1501.34
   -621.62 1501.31 1501.31
   -619.62 1501.28 1501.28
   -617.62 1501.26 1501.26
   -615.62 1501.23 1501.23
   -613.61 1501.20 1501.20
   -611.61 1501.17 1501.17
   -609.61 1501.14 1501.14
   -607.61 1501.12 1501.12
   -605.61 1501.09 1501.09
   -603.60 1501.06 1501.06
   -601.60 1501.04 1501.04
   -599.60 1501.01 1501.01
   -597.60 1500.98 1500.98
   -595.60 1500.95 1500.95
   -593.59 1500.93 1500.93
   -591.59 1500.90 1500.90
   -589.59 1500.87 1500.87
   -587.59 1500.85 1500.85
   -585.59 1500.82 1500.82
   -583.58 1500.80 1500.80
   -581.58 1500.77 1500.77
   -579.58 1500.74 1500.74
   -577.58 1500.72 1500.72
   -575.58 1500.69 1500.69
   -573.57 1500.67 1500.67
   -571.57 1500.64 1500.64
   -569.57 1500.61 1500.61
   -567.57 1500.59 1500.59
   -565.57 1500.56 1500.56
   -563.56 1500.54 1500.54
   -561.56 1500.51 1500.51
   -559.56 1500.49 1500.49
   -557.56 1500.46 1500.46
   -555.56 1500.44 1500.44
   -553.55 1500.41 1500.41
   -551.55 1500.39 1500.39
   -549.55 1500.36 1500.36
   -547.55 1500.34 1500.34
   -545.55 1500.31 1500.31
   -543.54 1500.29 1500.29
   -541.54 1500.26 1500.26
   -539.54 1500.24 1500.24
   -537.54 1500.21 1500.21
   -535.54 1500.19 1500.19
   -533.53 1500.17 1500.17
   -531.53 1500.14 1500.14
   -529.53 1500.12 1500.12
   -527.53 1500.09 1500.09
   -525.53 1500.07 1500.07
   -523.52 1500.05 1500.05
   -521.52 1500.02 1500.02
   -519.52 1500.00 1500.00
   -517.52 1499.98 1499.98
   -515.52 1499.95 1499.95
   -513.51 1499.93 1499.93
   -511.51 1499.91 1499.91
   -509.51 1499.88 1499.88
   -507.51 1499.86 1499.86
   -505.51 1499.84 1499.84
   -503.50 1499.81 1499.81
   -501.50 1499.79 1499.79
   -499.50 1499.77 1499.77
   -497.50 1499.75 1499.75
   -495.50 1499.72 1499.72
   -493.49 1499.70 1499.70
   -491.49 1499.68 1499.68
   -489.49 1499.66 1499.66
   -487.49 1499.64 1499.64
   -485.49 1499.61 1499.61
   -483.48 1499.59 1499.59
   -481.48 1499.57 1499.57
   -479.48 1499.55 1499.55
   -477.48 1499.53 1499.53
   -475.48 1499.51 1499.51
   -473.47 1499.48 1499.48
   -471.47 1499.46 1499.46
   -469.47 1499.44 1499.44
   -467.47 1499.42 1499.42
   -465.47 1499.40 1499.40
   -463.46 1499.38 1499.38
   -461.46 1499.36 1499.36
   -459.46 1499.34 1499.34
   -457.46 1499.32 1499.32
   -455.46 1499.30 1499.30
   -453.45 1499.27 1499.27
   -451.45 1499.25 1499.25
   -449.45 1499.23 1499.23
   -447.45 1499.21 1499.21
   -445.45 1499.19 1499.19
   -443.44 1499.17 1499.17
   -441.44 1499.15 1499.15
   -439.44 1499.13 1499.13
   -437.44 1499.11 1499.11
   -435.44 1499.09 1499.09
   -433.43 1499.07 1499.07
   -431.43 1499.05 1499.05
   -429.43 1499.03 1499.03
   -427.43 1499.02 1499.02
   -425.43 1499.00 1499.00
   -423.42 1498.98 1498.98
   -421.42 1498.96 1498.96
   -419.42 1498.94 1498.94
   -417.42 1498.92 1498.92
   -415.42 1498.90 1498.90
   -413.41 1498.88 1498.88
   -411.41 1498.86 1498.86
   -409.41 1498.85 1498.85
   -407.41 1498.83 1498.83
   -405.41 1498.81 1498.81
   -403.40 1498.79 1498.79
   -401.40 1498.77 1498.77
   -399.40 1498.75 1498.75
   -397.40 1498.74 1498.74
   -395.40 1498.72 1498.72
   -393.39 1498.70 1498.70
   -391.39 1498.68 1498.68
   -389.39 1498.66 1498.66
   -387.39 1498.65 1498.65
   -385.39 1498.63 1498.63
   -383.38 1498.61 1498.61
   -381.38 1498.59 1498.59
   -379.38 1498.58 1498.58
   -377.38 1498.56 1498.56
   -375.38 1498.54 1498.54
   -373.37 1498.53 1498.53
   -371.37 1498.51 1498.51
   -369.37 1498.49 1498.49
   -367.37 1498.48 1498.48
   -365.37 1498.46 1498.46
   -363.36 1498.44 1498.44
   -361.36 1498.43 1498.43
   -359.36 1498.41 1498.41
   -357.36 1498.39 1498.39
   -355.36 1498.38 1498.38
   -353.35 1498.36 1498.36
   -351.35 1498.35 1498.35
   -349.35 1498.33 1498.33
   -347.35 1498.31 1498.31
   -345.35 1498.30 1498.30
   -343.34 1498.28 1498.28
   -341.34 1498.27 1498.27
   -339.34 1498.25 1498.25
   -337.34 1498.24 1498.24
   -335.34 1498.22 1498.22
   -333.33 1498.21 1498.21
   -331.33 1498.19 1498.19
   -329.33 1498.18 1498.18
   -327.33 1498.16 1498.16
   -325.33 1498.15 1498.15
   -323.32 1498.13 1498.13
   -321.32 1498.12 1498.12
   -319.32 1498.10 1498.10
   -317.32 1498.09 1498.09
   -315.32 1498.07 1498.07
   -313.31 1498.06 1498.06
   -311.31 1498.05 1498.05
   -309.31 1498.03 1498.03
   -307.31 1498.02 1498.02
   -305.31 1498.00 1498.00
   -303.30 1497.99 1497.99
   -301.30 1497.98 1497.98
   -299.30 1497.96 1497.96
   -297.30 1497.95 1497.95
   -295.30 1497.94 1497.94
   -293.29 1497.92 1497.92
   -291.29 1497.91 1497.91
   -289.29 1497.90 1497.90
   -287.29 1497.88 1497.88
   -285.29 1497.87 1497.87
   -283.28 1497.86 1497.86
   -281.28 1497.84 1497.84
   -279.28 1497.83 1497.83
   -277.28 1497.82 1497.82
   -275.28 1497.81 1497.81
   -273.27 1497.79 1497.79
   -271.27 1497.78 1497.78
   -269.27 1497.77 1497.77
   -267.27 1497.76 1497.76
   -265.27 1497.74 1497.74
   -263.26 1497.73 1497.73
   -261.26 1497.72 1497.72
   -259.26 1497.71 1497.71
   -257.26 1497.70 1497.70
   -255.26 1497.69 1497.69
   -253.25 1497.67 1497.67
   -251.25 1497.66 1497.66
   -249.25 1497.65 1497.65
   -247.25 1497.64 1497.64
   -245.25 1497.63 1497.63
   -243.24 1497.62 1497.62
   -241.24 1497.61 1497.61
   -239.24 1497.60 1497.60
   -237.24 1497.59 1497.59
   -235.24 1497.57 1497.57
   -233.23 1497.56 1497.56
   -231.23 1497.55 1497.55
   -229.23 1497.54 1497.54
   -227.23 1497.53 1497.53
   -225.23 1497.52 1497.52
   -223.22 1497.51 1497.51
   -221.22 1497.50 1497.50
   -219.22 1497.49 1497.49
   -217.22 1497.48 1497.48
   -215.22 1497.47 1497.47
   -213.21 1497.46 1497.46
   -211.21 1497.45 1497.45
   -209.21 1497.44 1497.44
   -207.21 1497.43 1497.43
   -205.21 1497.42 1497.42
   -203.20 1497.42 1497.42
   -201.20 1497.41 1497.41
   -199.20 1497.40 1497.40
   -197.20 1497.39 1497.39
   -195.20 1497.38 1497.38
   -193.19 1497.37 1497.37
   -191.19 1497.36 1497.36
   -189.19 1497.35 1497.35
   -187.19 1497.34 1497.34
   -185.19 1497.34 1497.34
   -183.18 1497.33 1497.33
   -181.18 1497.32 1497.32
   -179.18 1497.31 1497.31
   -177.18 1497.30 1497.30
   -175.18 1497.29 1497.29
   -173.17 1497.29 1497.29
   -171.17 1497.28 1497.28
   -169.17 1497.27 1497.27
   -167.17 1497.26 1497.26
   -165.17 1497.26 1497.26
   -163.16 1497.25 1497.25
   -161.16 1497.24 1497.24
   -159.16 1497.23 1497.23
   -157.16 1497.23 1497.23
   -155.16 1497.22 1497.22
   -153.15 1497.21 1497.21
   -151.15 1497.21 1497.21
   -149.15 1497.20 1497.20
   -147.15 1497.19 1497.19
   -145.15 1497.19 1497.19
   -143.14 1497.18 1497.18
   -141.14 1497.17 1497.17
   -139.14 1497.17 1497.17
   -137.14 1497.16 1497.16
   -135.14 1497.15 1497.15
   -133.13 1497.15 1497.15
   -131.13 1497.14 1497.14
   -129.13 1497.14 1497.14
   -127.13 1497.13 1497.13
   -125.13 1497.12 1497.12
   -123.12 1497.12 1497.12
   -121.12 1497.11 1497.11
   -119.12 1497.11 1497.11
   -117.12 1497.10 1497.10
   -115.12 1497.10 1497.10
   -113.11 1497.09 1497.09
   -111.11 1497.09 1497.09
   -109.11 1497.08 1497.08
   -107.11 1497.08 1497.08
   -105.11 1497.07 1497.07
   -103.10 1497.07 1497.07
   -101.10 1497.06 1497.06
    -99.10 1497.06 1497.06
    -97.10 1497.05 1497.05
    -95.10 1497.05 1497.05
    -93.09 1497.05 1497.05
    -91.09 1497.04 1497.04
    -89.09 1497.04 1497.04
    -87.09 1497.03 1497.03
    -85.09 1497.03 1497.03
    -83.08 1497.03 1497.03
    -81.08 1497.02 1497.02
    -79.08 1497.02 1497.02
    -77.08 1497.01 1497.01
    -75.08 1497.01 1497.01
    -73.07 1497.01 1497.01
    -71.07 1497.00 1497.00
    -69.07 1497.00 1497.00
    -67.07 1497.00 1497.00
    -65.07 1496.99 1496.99
    -63.06 1496.99 1496.99
    -61.06 1496.99 1496.99
    -59.06 1496.99 1496.99
    -57.06 1496.98 1496.98
    -55.06 1496.98 1496.98
    -53.05 1496.98 1496.98
    -51.05 1496.98 1496.98
    -49.05 1496.97 1496.97
    -47.05 1496.97 1496.97
    -45.05 1496.97 1496.97
    -43.04 1496.97 1496.97
    -41.04 1496.97 1496.97
    -39.04 1496.96 1496.96
    -37.04 1496.96 1496.96
    -35.04 1496.96 1496.96
    -33.03 1496.96 1496.96
    -31.03 1496.96 1496.96
    -29.03 1496.96 1496.96
    -27.03 1496.96 1496.96
    -25.03 1496.95 1496.95
    -23.02 1496.95 1496.95
    -21.02 1496.95 1496.95
    -19.02 1496.95 1496.95
    -17.02 1496.95 1496.95
    -15.02 1496.95 1496.95
    -13.01 1496.95 1496.95
    -11.01 1496.95 1496.95
     -9.01 1496.95 1496.95
     -7.01 1496.95 1496.95
     -5.01 1496.95 1496.95
     -3.00 1496.95 1496.95
     -1.00 1496.95 1496.95
      1.00 1496.95 1496.95
      3.00 1496.95 1496.95
      5.01 1496.95 1496.95
      7.01 1496.95 1496.95
      9.01 1496.95 1496.95
     11.01 1496.95 1496.95
     13.01 1496.95 1496.95
     15.02 1496.95 1496.95
     17.02 1496.95 1496.95
     19.02 1496.95 1496.95
     21.02 1496.95 1496.95
     23.02 1496.95 1496.95
     25.03 1496.95 1496.95
     27.03 1496.96 1496.96
     29.03 1496.96 1496.96
     31.03 1496.96 1496.96
     33.03 1496.96 1496.96
     35.04 1496.96 1496.96
     37.04 1496.96 1496.96
     39.04 1496.96 1496.96
     41.04 1496.97 1496.97
     43.04 1496.97 1496.97
     45.05 1496.97 1496.97
     47.05 1496.97 1496.97
     49.05 1496.97 1496.97
     51.05 1496.98 1496.98
     53.05 1496.98 1496.98
     55.06 1496.98 1496.98
     57.06 1496.98 1496.98
     59.06 1496.99 1496.99
     61.06 1496.99 1496.99
     63.06 1496.99 1496.99
     65.07 1496.99 1496.99
     67.07 1497.00 1497.00
     69.07 1497.00 1497.00
     71.07 1497.00 1497.00
     73.07 1497.01 1497.01
     75.08 1497.01 1497.01
     77.08 1497.01 1497.01
     79.08 1497.02 1497.02
     81.08 1497.02 1497.02
     83.08 1497.03 1497.03
     85.09 1497.03 1497.03
     87.09 1497.03 1497.03
     89.09 1497.04 1497.04
     91.09 1497.04 1497.04
     93.09 1497.05 1497.05
     95.10 1497.05 1497.05
     97.10 1497.05 1497.05
     99.10 1497.06 1497.06
    101.10 1497.06 1497.06
    103.10 1497.07 1497.07
    105.11 1497.07 1497.07
    107.11 1497.08 1497.08
    109.11 1497.08 1497.08
    111.11 1497.09 1497.09
    113.11 1497.09 1497.09
    115.12 1497.10 1497.10
    117.12 1497.10 1497.10
    119.12 1497.11 1497.11
    121.12 1497.11 1497.11
    123.12 1497.12 1497.12
    125.13 1497.12 1497.12
    127.13 1497.13 1497.13
    129.13 1497.14 1497.14
    131.13 1497.14 1497.14
    133.13 1497.15 1497.15
    135.14 1497.15 1497.15
    137.14 1497.16 1497.16
    139.14 1497.17 1497.17
    141.14 1497.17 1497.17
    143.14 1497.18 1497.18
    145.15 1497.19 1497.19
    147.15 1497.19 1497.19
    149.15 1497.20 1497.20
    151.15 1497.21 1497.21
    153.15 1497.21 1497.21
    155.16 1497.22 1497.22
    157.16 1497.23 1497.23
    159.16 1497.23 1497.23
    161.16 1497.24 1497.24
    163.16 1497.25 1497.25
    165.17 1497.26 1497.26
    167.17 1497.26 1497.26
    169.17 1497.27 1497.27
    171.17 1497.28 1497.28
    173.17 1497.29 1497.29
    175.18 1497.29 1497.29
    177.18 1497.30 1497.30
    179.18 1497.31 1497.31
    181.18 1497.32 1497.32
    183.18 1497.33 1497.33
    185.19 1497.34 1497.34
    187.19 1497.34 1497.34
    189.19 1497.35 1497.35
    191.19 1497.36 1497.36
    193.19 1497.37 1497.37
    195.20 1497.38 1497.38
    197.20 1497.39 1497.39
    199.20 1497.40 1497.40
    201.20 1497.41 1497.41
    203.20 1497.42 1497.42
    205.21 1497.42 1497.42
    207.21 1497.43 1497.43
    209.21 1497.44 1497.44
    211.21 1497.45 1497.45
    213.21 1497.46 1497.46
    215.22 1497.47 1497.47
    217.22 1497.48 1497.48
    219.22 1497.49 1497.49
    221.22 1497.50 1497.50
    223.22 1497.51 1497.51
    225.23 1497.52 1497.52
    227.23 1497.53 1497.53
    229.23 1497.54 1497.54
    231.23 1497.55 1497.55
    233.23 1497.56 1497.56
    235.24 1497.57 1497.57
    237.24 1497.59 1497.59
    239.24 1497.60 1497.60
    241.24 1497.61 1497.61
    243.24 1497.62 1497.62
    245.25 1497.63 1497.63
    247.25 1497.64 1497.64
    249.25 1497.65 1497.65
    251.25 1497.66 1497.66
    253.25 1497.67 1497.67
    255.26 1497.69 1497.69
    257.26 1497.70 1497.70
    259.26 1497.71 1497.71
    261.26 1497.72 1497.72
    263.26 1497.73 1497.73
    265.27 1497.74 1497.74
    267.27 1497.76 1497.76
    269.27 1497.77 1497.77
    271.27 1497.78 1497.78
    273.27 1497.79 1497.79
    275.28 1497.81 1497.81
    277.28 1497.82 1497.82
    279.28 1497.83 1497.83
    281.28 1497.84 1497.84
    283.28 1497.86 1497.86
    285.29 1497.87 1497.87
    287.29 1497.88 1497.88
    289.29 1497.90 1497.90
    291.29 1497.91 1497.91
    293.29 1497.92 1497.92
    295.30 1497.94 1497.94
    297.30 1497.95 1497.95
    299.30 1497.96 1497.96
    301.30 1497.98 1497.98
    303.30 1497.99 1497.99
    305.31 1498.00 1498.00
    307.31 1498.02 1498.02
    309.31 1498.03 1498.03
    311.31 1498.05 1498.05
    313.31 1498.06 1498.06
    315.32 1498.07 1498.07
    317.32 1498.09 1498.09
    319.32 1498.10 1498.10
    321.32 1498.12 1498.12
    323.32 1498.13 1498.13
    325.33 1498.15 1498.15
    327.33 1498.16 1498.16
    329.33 1498.18 1498.18
    331.33 1498.19 1498.19
    333.33 1498.21 1498.21
    335.34 1498.22 1498.22
    337.34 1498.24 1498.24
    339.34 1498.25 1498.25
    341.34 1498.27 1498.27
    343.34 1498.28 1498.28
    345.35 1498.30 1498.30
    347.35 1498.31 1498.31
    349.35 1498.33 1498.33
    351.35 1498.35 1498.35
    353.35 1498.36 1498.36
    355.36 1498.38 1498.38
    357.36 1498.39 1498.39
    359.36 1498.41 1498.41
    361.36 1498.43 1498.43
    363.36 1498.44 1498.44
    365.37 1498.46 1498.46
    367.37 1498.48 1498.48
    369.37 1498.49 1498.49
    371.37 1498.51 1498.51
    373.37 1498.53 1498.53
    375.38 1498.54 1498.54
    377.38 1498.56 1498.56
    379.38 1498.58 1498.58
    381.38 1498.59 1498.59
    383.38 1498.61 1498.61
    385.39 1498.63 1498.63
    387.39 1498.65 1498.65
    389.39 1498.66 1498.66
    391.39 1498.68 1498.68
    393.39 1498.70 1498.70
    395.40 1498.72 1498.72
    397.40 1498.74 1498.74
    399.40 1498.75 1498.75
    401.40 1498.77 1498.77
    403.40 1498.79 1498.79
    405.41 1498.81 1498.81
    407.41 1498.83 1498.83
    409.41 1498.85 1498.85
    411.41 1498.86 1498.86
    413.41 1498.88 1498.88
    415.42 1498.90 1498.90
    417.42 1498.92 1498.92
    419.42 1498.94 1498.94
    421.42 1498.96 1498.96
    423.42 1498.98 1498.98
    425.43 1499.00 1499.00
    427.43 1499.02 1499.02
    429.43 1499.03 1499.03
    431.43 1499.05 1499.05
    433.43 1499.07 1499.07
    435.44 1499.09 1499.09
    437.44 1499.11 1499.11
    439.44 1499.13 1499.13
    441.44 1499.15 1499.15
    443.44 1499.17 1499.17
    445.45 1499.19 1499.19
    447.45 1499.21 1499.21
    449.45 1499.23 1499.23
    451.45 1499.25 1499.25
    453.45 1499.27 1499.27
    455.46 1499.30 1499.30
    457.46 1499.32 1499.32
    459.46 1499.34 1499.34
    461.46 1499.36 1499.36
    463.46 1499.38 1499.38
    465.47 1499.40 1499.40
    467.47 1499.42 1499.42
    469.47 1499.44 1499.44
    471.47 1499.46 1499.46
    473.47 1499.48 1499.48
    475.48 1499.51 1499.51
    477.48 1499.53 1499.53
    479.48 1499.55 1499.55
    481.48 1499.57 1499.57
    483.48 1499.59 1499.59
    485.49 1499.61 1499.61
    487.49 1499.64 1499.64
    489.49 1499.66 1499.66
    491.49 1499.68 1499.68
    493.49 1499.70 1499.70
    495.50 1499.72 1499.72
    497.50 1499.75 1499.75
    499.50 1499.77 1499.77
    501.50 1499.79 1499.79
    503.50 1499.81 1499.81
    505.51 1499.84 1499.84
    507.51 1499.86 1499.86
    509.51 1499.88 1499.88
    511.51 1499.91 1499.91
    513.51 1499.93 1499.93
    515.52 1499.95 1499.95
    517.52 1499.98 1499.98
    519.52 1500.00 1500.00
    521.52 1500.02 1500.02
    523.52 1500.05 1500.05
    525.53 1500.07 1500.07
    527.53 1500.09 1500.09
    529.53 1500.12 1500.12
    531.53 1500.14 1500.14
    533.53 1500.17 1500.17
    535.54 1500.19 1500.19
    537.54 1500.21 1500.21
    539.54 1500.24 1500.24
    541.54 1500.26 1500.26
    543.54 1500.29 1500.29
    545.55 1500.31 1500.31
    547.55 1500.34 1500.34
    549.55 1500.36 1500.36
    551.55 1500.39 1500.39
    553.55 1500.41 1500.41
    555.56 1500.44 1500.44
    557.56 1500.46 1500.46
    559.56 1500.49 1500.49
    561.56 1500.51 1500.51
    563.56 1500.54 1500.54
    565.57 1500.56 1500.56
    567.57 1500.59 1500.59
    569.57 1500.61 1500.61
    571.57 1500.64 1500.64
    573.57 1500.67 1500.67
    575.58 1500.69 1500.69
    577.58 1500.72 1500.72
    579.58 1500.74 1500.74
    581.58 1500.77 1500.77
    583.58 1500.80 1500.80
    585.59 1500.82 1500.82
    587.59 1500.85 1500.85
    589.59 1500.87 1500.87
    591.59 1500.90 1500.90
    593.59 1500.93 1500.93
    595.60 1500.95 1500.95
    597.60 1500.98 1500.98
    599.60 1501.01 1501.01
    601.60 1501.04 1501.04
    603.60 1501.06 1501.06
    605.61 1501.09 1501.09
    607.61 1501.12 1501.12
    609.61 1501.14 1501.14
    611.61 1501.17 1501.17
    613.61 1501.20 1501.20
    615.62 1501.23 1501.23
    617.62 1501.26 1501.26
    619.62 1501.28 1501.28
    621.62 1501.31 1501.31
    623.62 1501.34 1501.34
    625.63 1501.37 1501.37
    627.63 1501.40 1501.40
    629.63 1501.42 1501.42
    631.63 1501.45 1501.45
    633.63 1501.48 1501.48
    635.64 1501.51 1501.51
    637.64 1501.54 1501.54
    639.64 1501.57 1501.57
    641.64 1501.60 1501.60
    643.64 1501.62 1501.62
    645.65 1501.65 1501.65
    647.65 1501.68 1501.68
    649.65 1501.71 1501.71
    651.65 1501.74 1501.74
    653.65 1501.77 1501.77
    655.66 1501.80 1501.80
    657.66 1501.83 1501.83
    659.66 1501.86 1501.86
    661.66 1501.89 1501.89
    663.66 1501.92 1501.92
    665.67 1501.95 1501.95
    667.67 1501.98 1501.98
    669.67 1502.01 1502.01
    671.67 1502.04 1502.04
    673.67 1502.07 1502.07
    675.68 1502.10 1502.10
    677.68 1502.13 1502.13
    679.68 1502.16 1502.16
    681.68 1502.19 1502.19
    683.68 1502.22 1502.22
    685.69 1502.25 1502.25
    687.69 1502.28 1502.28
    689.69 1502.31 1502.31
    691.69 1502.34 1502.34
    693.69 1502.38 1502.38
    695.70 1502.41 1502.41
    697.70 1502.44 1502.44
    699.70 1502.47 1502.47
    701.70 1502.50 1502.50
    703.70 1502.53 1502.53
    705.71 1502.56 1502.56
    707.71 1502.60 1502.60
    709.71 1502.63 1502.63
    711.71 1502.66 1502.66
    713.71 1502.69 1502.69
    715.72 1502.72 1502.72
    717.72 1502.76 1502.76
    719.72 1502.79 1502.79
    721.72 1502.82 1502.82
    723.72 1502.85 1502.85
    725.73 1502.89 1502.89
    727.73 1502.92 1502.92
    729.73 1502.95 1502.95
    731.73 1502.98 1502.98
    733.73 1503.02 1503.02
    735.74 1503.05 1503.05
    737.74 1503.08 1503.08
    739.74 1503.12 1503.12
    741.74 1503.15 1503.15
    743.74 1503.18 1503.18
    745.75 1503.22 1503.22
    747.75 1503.25 1503.25
    749.75 1503.28 1503.28
    751.75 1503.32 1503.32
    753.75 1503.35 1503.35
    755.76 1503.38 1503.38
    757.76 1503.42 1503.42
    759.76 1503.45 1503.45
    761.76 1503.49 1503.49
    763.76 1503.52 1503.52
    765.77 1503.55 1503.55
    767.77 1503.59 1503.59
    769.77 1503.62 1503.62
    771.77 1503.66 1503.66
    773.77 1503.69 1503.69
    775.78 1503.73 1503.73
    777.78 1503.76 1503.76
    779.78 1503.80 1503.80
    781.78 1503.83 1503.83
    783.78 1503.87 1503.87
    785.79 1503.90 1503.90
    787.79 1503.94 1503.94
    789.79 1503.97 1503.97
    791.79 1504.01 1504.01
    793.79 1504.04 1504.04
    795.80 1504.08 1504.08
    797.80 1504.11 1504.11
    799.80 1504.15 1504.15
    801.80 1504.19 1504.19
    803.80 1504.22 1504.22
    805.81 1504.26 1504.26
    807.81 1504.29 1504.29
    809.81 1504.33 1504.33
    811.81 1504.37 1504.37
    813.81 1504.40 1504.40
    815.82 1504.44 1504.44
    817.82 1504.48 1504.48
    819.82 1504.51 1504.51
    821.82 1504.55 1504.55
    823.82 1504.59 1504.59
    825.83 1504.62 1504.62
    827.83 1504.66 1504.66
    829.83 1504.70 1504.70
    831.83 1504.73 1504.73
    833.83 1504.77 1504.77
    835.84 1504.81 1504.81
    837.84 1504.85 1504.85
    839.84 1504.88 1504.88
    841.84 1504.92 1504.92
    843.84 1504.96 1504.96
    845.85 1505.00 1505.00
    847.85 1505.03 1505.03
    849.85 1505.07 1505.07
    851.85 1505.11 1505.11
    853.85 1505.15 1505.15
    855.86 1505.19 1505.19
    857.86 1505.23 1505.23
    859.86 1505.26 1505.26
    861.86 1505.30 1505.30
    863.86 1505.34 1505.34
    865.87 1505.38 1505.38
    867.87 1505.42 1505.42
    869.87 1505.46 1505.46
    871.87 1505.50 1505.50
    873.87 1505.53 1505.53
    875.88 1505.57 1505.57
    877.88 1505.61 1505.61
    879.88 1505.65 1505.65
    881.88 1505.69 1505.69
    883.88 1505.73 1505.73
    885.89 1505.77 1505.77
    887.89 1505.81 1505.81
    889.89 1505.85 1505.85
    891.89 1505.89 1505.89
    893.89 1505.93 1505.93
    895.90 1505.97 1505.97
    897.90 1506.01 1506.01
    899.90 1506.05 1506.05
    901.90 1506.09 1506.09
    903.90 1506.13 1506.13
    905.91 1506.17 1506.17
    907.91 1506.21 1506.21
    909.91 1506.25 1506.25
    911.91 1506.29 1506.29
    913.91 1506.33 1506.33
    915.92 1506.37 1506.37
    917.92 1506.41 1506.41
    919.92 1506.46 1506.46
    921.92 1506.50 1506.50
    923.92 1506.54 1506.54
    925.93 1506.58 1506.58
    927.93 1506.62 1506.62
    929.93 1506.66 1506.66
    931.93 1506.70 1506.70
    933.93 1506.74 1506.74
    935.94 1506.79 1506.79
    937.94 1506.83 1506.83
    939.94 1506.87 1506.87
    941.94 1506.91 1506.91
    943.94 1506.95 1506.95
    945.95 1507.00 1507.00
    947.95 1507.04 1507.04
    949.95 1507.08 1507.08
    951.95 1507.12 1507.12
    953.95 1507.17 1507.17
    955.96 1507.21 1507.21
    957.96 1507.25 1507.25
    959.96 1507.29 1507.29
    961.96 1507.34 1507.34
    963.96 1507.38 1507.38
    965.97 1507.42 1507.42
    967.97 1507.47 1507.47
    969.97 1507.51 1507.51
    971.97 1507.55 1507.55
    973.97 1507.60 1507.60
    975.98 1507.64 1507.64
    977.98 1507.68 1507.68
    979.98 1507.73 1507.73
    981.98 1507.77 1507.77
    983.98 1507.81 1507.81
    985.99 1507.86 1507.86
    987.99 1507.90 1507.90
    989.99 1507.94 1507.94
    991.99 1507.99 1507.99
    993.99 1508.03 1508.03
    996.00 1508.08 1508.08
    998.00 1508.12 1508.12
   1000.00 1508.17 1508.17
