  -1000.00 708.41 1681.20
   -998.00 708.45 1681.19
   -996.00 708.50 1681.18
   -993.99 708.55 1681.17
   -991.99 708.59 1681.16
   -989.99 708.64 1681.15
   -987.99 708.69 1681.14
   -985.99 708.74 1681.13
   -983.98 708.78 1681.12
   -981.98 708.83 1681.11
   -979.98 708.88 1681.10
   -977.98 708.92 1681.09
   -975.98 708.97 1681.08
   -973.97 709.01 1681.07
   -971.97 709.06 1681.07
   -969.97 709.11 1681.06
   -967.97 709.15 1681.05
   -965.97 709.20 1681.04
   -963.96 709.24 1681.03
   -961.96 709.29 1681.02
   -959.96 709.34 1681.01
   -957.96 709.38 1681.00
   -955.96 709.43 1680.99
   -953.95 709.47 1680.98
   -951.95 709.52 1680.97
   -949.95 709.56 1680.96
   -947.95 709.61 1680.96
   -945.95 709.65 1680.95
   -943.94 709.70 1680.94
   -941.94 709.74 1680.93
   -939.94 709.79 1680.92
   -937.94 709.83 1680.91
   -935.94 709.87 1680.90
   -933.93 709.92 1680.89
   -931.93 709.96 1680.88
   -929.93 710.01 1680.88
   -927.93 710.05 1680.87
   -925.93 710.10 1680.86
   -923.92 710.14 1680.85
   -921.92 710.18 1680.84
   -919.92 710.23 1680.83
   -917.92 710.27 1680.82
   -915.92 710.31 1680.82
   -913.91 710.36 1680.81
   -911.91 710.40 1680.80
   -909.91 710.44 1680.79
   -907.91 710.49 1680.78
   -905.91 710.53 1680.77
   -903.90 710.57 1680.77
   -901.90 710.62 1680.76
   -899.90 710.66 1680.75
   -897.90 710.70 1680.74
   -895.90 710.74 1680.73
   -893.89 710.79 1680.73
   -891.89 710.83 1680.72
   -889.89 710.87 1680.71
   -887.89 710.91 1680.70
   -885.89 710.95 1680.69
   -883.88 711.00 1680.69
   -881.88 711.04 1680.68
   -879.88 711.08 1680.67
   -877.88 711.12 1680.66
   -875.88 711.16 1680.65
   -873.87 711.21 1680.65
   -871.87 711.25 1680.64
   -869.87 711.29 1680.63
   -867.87 711.33 1680.62
   -865.87 711.37 1680.61
   -863.86 711.41 1680.61
   -861.86 711.45 1680.60
   -859.86 711.49 1680.59
   -857.86 711.53 1680.58
   -855.86 711.57 1680.58
   -853.85 711.61 1680.57
   -851.85 711.66 1680.56
   -849.85 711.70 1680.55
   -847.85 711.74 1680.55
   -845.85 711.78 1680.54
   -843.84 711.82 1680.53
   -841.84 711.86 1680.53
   -839.84 711.90 1680.52
   -837.84 711.94 1680.51
   -835.84 711.98 1680.50
   -833.83 712.02 1680.50
   -831.83 712.05 1680.49
   -829.83 712.09 1680.48
   -827.83 712.13 1680.48
   -825.83 712.17 1680.47
   -823.82 712.21 1680.46
   -821.82 712.25 1680.45
   -819.82 712.29 1680.45
   -817.82 712.33 1680.44
   -815.82 712.37 1680.43
   -813.81 712.41 1680.43
   -811.81 712.44 1680.42
   -809.81 712.48 1680.41
   -807.81 712.52 1680.41
   -805.81 712.56 1680.40
   -803.80 712.60 1680.39
   -801.80 712.64 1680.39
   -799.80 712.67 1680.38
   -797.80 712.71 1680.37
   -795.80 712.75 1680.37
   -793.79 712.79 1680.36
   -791.79 712.83 1680.35
   -789.79 712.86 1680.35
   -787.79 712.90 1680.34
   -785.79 712.94 1680.33
   -783.78 712.97 1680.33
   -781.78 713.01 1680.32
   -779.78 713.05 1680.31
   -777.78 713.09 1680.31
   -775.78 713.12 1680.30
   -773.77 713.16 1680.30
   -771.77 713.20 1680.29
   -769.77 713.23 1680.28
   -767.77 713.27 1680.28
   -765.77 713.31 1680.27
   -763.76 713.34 1680.27
   -761.76 713.38 1680.26
   -759.76 713.41 1680.25
   -757.76 713.45 1680.25
   -755.76 713.49 1680.24
   -753.75 713.52 1680.24
   -751.75 713.56 1680.23
   -749.75 713.59 1680.22
   -747.75 713.63 1680.22
   -745.75 713.66 1680.21
   -743.74 713.70 1680.21
   -741.74 713.74 1680.20
   -739.74 713.77 1680.19
   -737.74 713.81 1680.19
   -735.74 713.84 1680.18
   -733.73 713.88 1680.18
   -731.73 713.91 1680.17
   -729.73 713.94 1680.17
   -727.73 713.98 1680.16
   -725.73 714.01 1680.15
   -723.72 714.05 1680.15
   -721.72 714.08 1680.14
   -719.72 714.12 1680.14
   -717.72 714.15 1680.13
   -715.72 714.18 1680.13
   -713.71 714.22 1680.12
   -711.71 714.25 1680.12
   -709.71 714.29 1680.11
   -707.71 714.32 1680.11
   -705.71 714.35 1680.10
   -703.70 714.39 1680.10
   -701.70 714.42 1680.09
   -699.70 714.45 1680.09
   -697.70 714.49 1680.08
   -695.70 714.52 1680.08
   -693.69 714.55 1680.07
   -691.69 714.59 1680.06
   -689.69 714.62 1680.06
   -687.69 714.65 1680.05
   -685.69 714.68 1680.05
   -683.68 714.72 1680.04
   -681.68 714.75 1680.04
   -679.68 714.78 1680.04
   -677.68 714.81 1680.03
   -675.68 714.85 1680.03
   -673.67 714.88 1680.02
   -671.67 714.91 1680.02
   -669.67 714.94 1680.01
   -667.67 714.97 1680.01
   -665.67 715.00 1680.00
   -663.66 715.04 1680.00
   -661.66 715.07 1679.99
   -659.66 715.10 1679.99
   -657.66 715.13 1679.98
   -655.66 715.16 1679.98
   -653.65 715.19 1679.97
   -651.65 715.22 1679.97
   -649.65 715.25 1679.96
   -647.65 715.29 1679.96
   -645.65 715.32 1679.96
   -643.64 715.35 1679.95
   -641.64 715.38 1679.95
   -639.64 715.41 1679.94
   -637.64 715.44 1679.94
   -635.64 715.47 1679.93
   -633.63 715.50 1679.93
   -631.63 715.53 1679.93
   -629.63 715.56 1679.92
   -627.63 715.59 1679.92
   -625.63 715.62 1679.91
   -623.62 715.65 1679.91
   -621.62 715.68 1679.90
   -619.62 715.71 1679.90
   -617.62 715.74 1679.90
   -615.62 715.77 1679.89
   -613.61 715.79 1679.89
   -611.61 715.82 1679.88
   -609.61 715.85 1679.88
   -607.61 715.88 1679.88
   -605.61 715.91 1679.87
   -603.60 715.94 1679.87
   -601.60 715.97 1679.87
   -599.60 716.00 1679.86
   -597.60 716.02 1679.86
   -595.60 716.05 1679.85
   -593.59 716.08 1679.85
   -591.59 716.11 1679.85
   -589.59 716.14 1679.84
   -587.59 716.17 1679.84
   -585.59 716.19 1679.84
   -583.58 716.22 1679.83
   -581.58 716.25 1679.83
   -579.58 716.28 1679.82
   -577.58 716.30 1679.82
   -575.58 716.33 1679.82
   -573.57 716.36 1679.81
   -571.57 716.39 1679.81
   -569.57 716.41 1679.81
   -567.57 716.44 1679.80
   -565.57 716.47 1679.80
   -563.56 716.49 1679.80
   -561.56 716.52 1679.79
   -559.56 716.55 1679.79
   -557.56 716.57 1679.79
   -555.56 716.60 1679.78
   -553.55 716.63 1679.78
   -551.55 716.65 1679.78
   -549.55 716.68 1679.77
   -547.55 716.70 1679.77
   -545.55 716.73 1679.77
   -543.54 716.76 1679.76
   -541.54 716.78 1679.76
   -539.54 716.81 1679.76
   -537.54 716.83 1679.76
   -535.54 716.86 1679.75
   -533.53 716.88 1679.75
   -531.53 716.91 1679.75
   -529.53 716.93 1679.74
   -527.53 716.96 1679.74
   -525.53 716.99 1679.74
   -523.52 717.01 1679.73
   -521.52 717.03 1679.73
   -519.52 717.06 1679.73
   -517.52 717.08 1679.73
   -515.52 717.11 1679.72
   -513.51 717.13 1679.72
   -511.51 717.16 1679.72
   -509.51 717.18 1679.71
   -507.51 717.21 1679.71
   -505.51 717.23 1679.71
   -503.50 717.25 1679.71
   -501.50 717.28 1679.70
   -499.50 717.30 1679.70
   -497.50 717.33 1679.70
   -495.50 717.35 1679.70
   -493.49 717.37 1679.69
   -491.49 717.40 1679.69
   -489.49 717.42 1679.69
   -487.49 717.44 1679.69
   -485.49 717.47 1679.68
   -483.48 717.49 1679.68
   -481.48 717.51 1679.68
   -479.48 717.53 1679.68
   -477.48 717.56 1679.67
   -475.48 717.58 1679.67
   -473.47 717.60 1679.67
   -471.47 717.62 1679.67
   -469.47 717.65 1679.66
   -467.47 717.67 1679.66
   -465.47 717.69 1679.66
   -463.46 717.71 1679.66
   -461.46 717.74 1679.66
   -459.46 717.76 1679.65
   -457.46 717.78 1679.65
   -455.46 717.80 1679.65
   -453.45 717.82 1679.65
   -451.45 717.84 1679.65
   -449.45 717.87 1679.64
   -447.45 717.89 1679.64
   -445.45 717.91 1679.64
   -443.44 717.93 1679.64
   -441.44 717.95 1679.64
   -439.44 717.97 1679.63
   -437.44 717.99 1679.63
   -435.44 718.01 1679.63
   -433.43 718.03 1679.63
   -431.43 718.05 1679.63
   -429.43 718.07 1679.62
   -427.43 718.09 1679.62
   -425.43 718.11 1679.62
   -423.42 718.14 1679.62
   -421.42 718.16 1679.62
   -419.42 718.18 1679.61
   -417.42 718.20 1679.61
   -415.42 718.21 1679.61
   -413.41 718.23 1679.61
   -411.41 718.25 1679.61
   -409.41 718.27 1679.61
   -407.41 718.29 1679.60
   -405.41 718.31 1679.60
   -403.40 718.33 1679.60
   -401.40 718.35 1679.60
   -399.40 718.37 1679.60
   -397.40 718.39 1679.60
   -395.40 718.41 1679.60
   -393.39 718.43 1679.59
   -391.39 718.45 1679.59
   -389.39 718.46 1679.59
   -387.39 718.48 1679.59
   -385.39 718.50 1679.59
   -383.38 718.52 1679.59
   -381.38 718.54 1679.58
   -379.38 718.55 1679.58
   -377.38 718.57 1679.58
   -375.38 718.59 1679.58
   -373.37 718.61 1679.58
   -371.37 718.63 1679.58
   -369.37 718.64 1679.58
   -367.37 718.66 1679.58
   -365.37 718.68 1679.57
   -363.36 718.70 1679.57
   -361.36 718.71 1679.57
   -359.36 718.73 1679.57
   -357.36 718.75 1679.57
   -355.36 718.76 1679.57
   -353.35 718.78 1679.57
   -351.35 718.80 1679.57
   -349.35 718.81 1679.56
   -347.35 718.83 1679.56
   -345.35 718.85 1679.56
   -343.34 718.86 1679.56
   -341.34 718.88 1679.56
   -339.34 718.90 1679.56
   -337.34 718.91 1679.56
   -335.34 718.93 1679.56
   -333.33 718.94 1679.56
   -331.33 718.96 1679.56
   -329.33 718.98 1679.55
   -327.33 718.99 1679.55
   -325.33 719.01 1679.55
   -323.32 719.02 1679.55
   -321.32 719.04 1679.55
   -319.32 719.05 1679.55
   -317.32 719.07 1679.55
   -315.32 719.08 1679.55
   -313.31 719.10 1679.55
   -311.31 719.11 1679.55
   -309.31 719.13 1679.55
   -307.31 719.14 1679.54
   -305.31 719.16 1679.54
   -303.30 719.17 1679.54
   -301.30 719.19 1679.54
   -299.30 719.20 1679.54
   -297.30 719.21 1679.54
   -295.30 719.23 1679.54
   -293.29 719.24 1679.54
   -291.29 719.26 1679.54
   -289.29 719.27 1679.54
   -287.29 719.28 1679.54
   -285.29 719.30 1679.54
   -283.28 719.31 1679.54
   -281.28 719.32 1679.53
   -279.28 719.34 1679.53
   -277.28 719.35 1679.53
   -275.28 719.36 1679.53
   -273.27 719.38 1679.53
   -271.27 719.39 1679.53
   -269.27 719.40 1679.53
   -267.27 719.42 1679.53
   -265.27 719.43 1679.53
   -263.26 719.44 1679.53
   -261.26 719.45 1679.53
   -259.26 719.47 1679.53
   -257.26 719.48 1679.53
   -255.26 719.49 1679.53
   -253.25 719.50 1679.53
   -251.25 719.51 1679.53
   -249.25 719.53 1679.53
   -247.25 719.54 1679.53
   -245.25 719.55 1679.53
   -243.24 719.56 1679.52
   -241.24 719.57 1679.52
   -239.24 719.58 1679.52
   -237.24 719.60 1679.52
   -235.24 719.61 1679.52
   -233.23 719.62 1679.52
   -231.23 719.63 1679.52
   -229.23 719.64 1679.52
   -227.23 719.65 1679.52
   -225.23 719.66 1679.52
   -223.22 719.67 1679.52
   -221.22 719.68 1679.52
   -219.22 719.69 1679.52
   -217.22 719.70 1679.52
   -215.22 719.71 1679.52
   -213.21 719.72 1679.52
   -211.21 719.73 1679.52
   -209.21 719.74 1679.52
   -207.21 719.75 1679.52
   -205.21 719.76 1679.52
   -203.20 719.77 1679.52
   -201.20 719.78 1679.52
   -199.20 719.79 1679.52
   -197.20 719.80 1679.52
   -195.20 719.81 1679.52
   -193.19 719.82 1679.52
   -191.19 719.83 1679.52
   -189.19 719.84 1679.52
   -187.19 719.85 1679.52
   -185.19 719.86 1679.52
   -183.18 719.87 1679.52
   -181.18 719.87 1679.52
   -179.18 719.88 1679.52
   -177.18 719.89 1679.52
   -175.18 719.90 1679.52
   -173.17 719.91 1679.51
   -171.17 719.92 1679.51
   -169.17 719.92 1679.51
   -167.17 719.93 1679.51
   -165.17 719.94 1679.51
   -163.16 719.95 1679.51
   -161.16 719.96 1679.51
   -159.16 719.96 1679.51
   -157.16 719.97 1679.51
   -155.16 719.98 1679.51
   -153.15 719.99 1679.51
   -151.15 719.99 1679.51
   -149.15 720.00 1679.51
   -147.15 720.01 1679.51
   -145.15 720.01 1679.51
   -143.14 720.02 1679.51
   -141.14 720.03 1679.51
   -139.14 720.03 1679.51
   -137.14 720.04 1679.51
   -135.14 720.05 1679.51
   -133.13 720.05 1679.51
   -131.13 720.06 1679.51
   -129.13 720.07 1679.51
   -127.13 720.07 1679.51
   -125.13 720.08 1679.51
   -123.12 720.08 1679.51
   -121.12 720.09 1679.51
   -119.12 720.10 1679.51
   -117.12 720.10 1679.51
   -115.12 720.11 1679.51
   -113.11 720.11 1679.51
   -111.11 720.12 1679.51
   -109.11 720.12 1679.51
   -107.11 720.13 1679.51
   -105.11 720.13 1679.51
   -103.10 720.14 1679.51
   -101.10 720.14 1679.51
    -99.10 720.15 1679.51
    -97.10 720.15 1679.51
    -95.10 720.16 1679.51
    -93.09 720.16 1679.51
    -91.09 720.17 1679.51
    -89.09 720.17 1679.51
    -87.09 720.17 1679.51
    -85.09 720.18 1679.51
    -83.08 720.18 1679.51
    -81.08 720.19 1679.51
    -79.08 720.19 1679.51
    -77.08 720.19 1679.51
    -75.08 720.20 1679.51
    -73.07 720.20 1679.51
    -71.07 720.20 1679.51
    -69.07 720.21 1679.51
    -67.07 720.21 1679.51
    -65.07 720.21 1679.51
    -63.06 720.22 1679.51
    -61.06 720.22 1679.51
    -59.06 720.22 1679.51
    -57.06 720.23 1679.51
    -55.06 720.23 1679.51
    -53.05 720.23 1679.51
    -51.05 720.23 1679.51
    -49.05 720.24 1679.51
    -47.05 720.24 1679.51
    -45.05 720.24 1679.51
    -43.04 720.24 1679.51
    -41.04 720.24 1679.51
    -39.04 720.25 1679.51
    -37.04 720.25 1679.51
    -35.04 720.25 1679.51
    -33.03 720.25 1679.51
    -31.03 720.25 1679.51
    -29.03 720.25 1679.51
    -27.03 720.26 1679.51
    -25.03 720.26 1679.51
    -23.02 720.26 1679.51
    -21.02 720.26 1679.51
    -19.02 720.26 1679.51
    -17.02 720.26 1679.51
    -15.02 720.26 1679.51
    -13.01 720.26 1679.51
    -11.01 720.26 1679.51
     -9.01 720.26 1679.51
     -7.01 720.26 1679.51
     -5.01 720.26 1679.51
     -3.00 720.26 1679.51
     -1.00 720.26 1679.51
      1.00 720.26 1679.51
      3.00 720.26 1679.51
      5.01 720.26 1679.51
      7.01 720.26 1679.51
      9.01 720.26 1679.51
     11.01 720.26 1679.51
     13.01 720.26 1679.51
     15.02 720.26 1679.51
     17.02 720.26 1679.51
     19.02 720.26 1679.51
     21.02 720.26 1679.51
     23.02 720.26 1679.51
     25.03 720.26 1679.51
     27.03 720.26 1679.51
     29.03 720.25 1679.51
     31.03 720.25 1679.51
     33.03 720.25 1679.51
     35.04 720.25 1679.51
     37.04 720.25 1679.51
     39.04 720.25 1679.51
     41.04 720.24 1679.51
     43.04 720.24 1679.51
     45.05 720.24 1679.51
     47.05 720.24 1679.51
     49.05 720.24 1679.51
     51.05 720.23 1679.51
     53.05 720.23 1679.51
     55.06 720.23 1679.51
     57.06 720.23 1679.51
     59.06 720.22 1679.51
     61.06 720.22 1679.51
     63.06 720.22 1679.51
     65.07 720.21 1679.51
     67.07 720.21 1679.51
     69.07 720.21 1679.51
     71.07 720.20 1679.51
     73.07 720.20 1679.51
     75.08 720.20 1679.51
     77.08 720.19 1679.51
     79.08 720.19 1679.51
     81.08 720.19 1679.51
     83.08 720.18 1679.51
     85.09 720.18 1679.51
     87.09 720.17 1679.51
     89.09 720.17 1679.51
     91.09 720.17 1679.51
     93.09 720.16 1679.51
     95.10 720.16 1679.51
     97.10 720.15 1679.51
     99.10 720.15 1679.51
    101.10 720.14 1679.51
    103.10 720.14 1679.51
    105.11 720.13 1679.51
    107.11 720.13 1679.51
    109.11 720.12 1679.51
    111.11 720.12 1679.51
    113.11 720.11 1679.51
    115.12 720.11 1679.51
    117.12 720.10 1679.51
    119.12 720.10 1679.51
    121.12 720.09 1679.51
    123.12 720.08 1679.51
    125.13 720.08 1679.51
    127.13 720.07 1679.51
    129.13 720.07 1679.51
    131.13 720.06 1679.51
    133.13 720.05 1679.51
    135.14 720.05 1679.51
    137.14 720.04 1679.51
    139.14 720.03 1679.51
    141.14 720.03 1679.51
    143.14 720.02 1679.51
    145.15 720.01 1679.51
    147.15 720.01 1679.51
    149.15 720.00 1679.51
    151.15 719.99 1679.51
    153.15 719.99 1679.51
    155.16 719.98 1679.51
    157.16 719.97 1679.51
    159.16 719.96 1679.51
    161.16 719.96 1679.51
    163.16 719.95 1679.51
    165.17 719.94 1679.51
    167.17 719.93 1679.51
    169.17 719.92 1679.51
    171.17 719.92 1679.51
    173.17 719.91 1679.51
    175.18 719.90 1679.52
    177.18 719.89 1679.52
    179.18 719.88 1679.52
    181.18 719.87 1679.52
    183.18 719.87 1679.52
    185.19 719.86 1679.52
    187.19 719.85 1679.52
    189.19 719.84 1679.52
    191.19 719.83 1679.52
    193.19 719.82 1679.52
    195.20 719.81 1679.52
    197.20 719.80 1679.52
    199.20 719.79 1679.52
    201.20 719.78 1679.52
    203.20 719.77 1679.52
    205.21 719.76 1679.52
    207.21 719.75 1679.52
    209.21 719.74 1679.52
    211.21 719.73 1679.52
    213.21 719.72 1679.52
    215.22 719.71 1679.52
    217.22 719.70 1679.52
    219.22 719.69 1679.52
    221.22 719.68 1679.52
    223.22 719.67 1679.52
    225.23 719.66 1679.52
    227.23 719.65 1679.52
    229.23 719.64 1679.52
    231.23 719.63 1679.52
    233.23 719.62 1679.52
    235.24 719.61 1679.52
    237.24 719.60 1679.52
    239.24 719.58 1679.52
    241.24 719.57 1679.52
    243.24 719.56 1679.52
    245.25 719.55 1679.53
    247.25 719.54 1679.53
    249.25 719.53 1679.53
    251.25 719.51 1679.53
    253.25 719.50 1679.53
    255.26 719.49 1679.53
    257.26 719.48 1679.53
    259.26 719.47 1679.53
    261.26 719.45 1679.53
    263.26 719.44 1679.53
    265.27 719.43 1679.53
    267.27 719.42 1679.53
    269.27 719.40 1679.53
    271.27 719.39 1679.53
    273.27 719.38 1679.53
    275.28 719.36 1679.53
    277.28 719.35 1679.53
    279.28 719.34 1679.53
    281.28 719.32 1679.53
    283.28 719.31 1679.54
    285.29 719.30 1679.54
    287.29 719.28 1679.54
    289.29 719.27 1679.54
    291.29 719.26 1679.54
    293.29 719.24 1679.54
    295.30 719.23 1679.54
    297.30 719.21 1679.54
    299.30 719.20 1679.54
    301.30 719.19 1679.54
    303.30 719.17 1679.54
    305.31 719.16 1679.54
    307.31 719.14 1679.54
    309.31 719.13 1679.55
    311.31 719.11 1679.55
    313.31 719.10 1679.55
    315.32 719.08 1679.55
    317.32 719.07 1679.55
    319.32 719.05 1679.55
    321.32 719.04 1679.55
    323.32 719.02 1679.55
    325.33 719.01 1679.55
    327.33 718.99 1679.55
    329.33 718.98 1679.55
    331.33 718.96 1679.56
    333.33 718.94 1679.56
    335.34 718.93 1679.56
    337.34 718.91 1679.56
    339.34 718.90 1679.56
    341.34 718.88 1679.56
    343.34 718.86 1679.56
    345.35 718.85 1679.56
    347.35 718.83 1679.56
    349.35 718.81 1679.56
    351.35 718.80 1679.57
    353.35 718.78 1679.57
    355.36 718.76 1679.57
    357.36 718.75 1679.57
    359.36 718.73 1679.57
    361.36 718.71 1679.57
    363.36 718.70 1679.57
    365.37 718.68 1679.57
    367.37 718.66 1679.58
    369.37 718.64 1679.58
    371.37 718.63 1679.58
    373.37 718.61 1679.58
    375.38 718.59 1679.58
    377.38 718.57 1679.58
    379.38 718.55 1679.58
    381.38 718.54 1679.58
    383.38 718.52 1679.59
    385.39 718.50 1679.59
    387.39 718.48 1679.59
    389.39 718.46 1679.59
    391.39 718.45 1679.59
    393.39 718.43 1679.59
    395.40 718.41 1679.60
    397.40 718.39 1679.60
    399.40 718.37 1679.60
    401.40 718.35 1679.60
    403.40 718.33 1679.60
    405.41 718.31 1679.60
    407.41 718.29 1679.60
    409.41 718.27 1679.61
    411.41 718.25 1679.61
    413.41 718.23 1679.61
    415.42 718.21 1679.61
    417.42 718.20 1679.61
    419.42 718.18 1679.61
    421.42 718.16 1679.62
    423.42 718.14 1679.62
    425.43 718.11 1679.62
    427.43 718.09 1679.62
    429.43 718.07 1679.62
    431.43 718.05 1679.63
    433.43 718.03 1679.63
    435.44 718.01 1679.63
    437.44 717.99 1679.63
    439.44 717.97 1679.63
    441.44 717.95 1679.64
    443.44 717.93 1679.64
    445.45 717.91 1679.64
    447.45 717.89 1679.64
    449.45 717.87 1679.64
    451.45 717.84 1679.65
    453.45 717.82 1679.65
    455.46 717.80 1679.65
    457.46 717.78 1679.65
    459.46 717.76 1679.65
    461.46 717.74 1679.66
    463.46 717.71 1679.66
    465.47 717.69 1679.66
    467.47 717.67 1679.66
    469.47 717.65 1679.66
    471.47 717.62 1679.67
    473.47 717.60 1679.67
    475.48 717.58 1679.67
    477.48 717.56 1679.67
    479.48 717.53 1679.68
    481.48 717.51 1679.68
    483.48 717.49 1679.68
    485.49 717.47 1679.68
    487.49 717.44 1679.69
    489.49 717.42 1679.69
    491.49 717.40 1679.69
    493.49 717.37 1679.69
    495.50 717.35 1679.70
    497.50 717.33 1679.70
    499.50 717.30 1679.70
    501.50 717.28 1679.70
    503.50 717.25 1679.71
    505.51 717.23 1679.71
    507.51 717.21 1679.71
    509.51 717.18 1679.71
    511.51 717.16 1679.72
    513.51 717.13 1679.72
    515.52 717.11 1679.72
    517.52 717.08 1679.73
    519.52 717.06 1679.73
    521.52 717.03 1679.73
    523.52 717.01 1679.73
    525.53 716.99 1679.74
    527.53 716.96 1679.74
    529.53 716.93 1679.74
    531.53 716.91 1679.75
    533.53 716.88 1679.75
    535.54 716.86 1679.75
    537.54 716.83 1679.76
    539.54 716.81 1679.76
    541.54 716.78 1679.76
    543.54 716.76 1679.76
    545.55 716.73 1679.77
    547.55 716.70 1679.77
    549.55 716.68 1679.77
    551.55 716.65 1679.78
    553.55 716.63 1679.78
    555.56 716.60 1679.78
    557.56 716.57 1679.79
    559.56 716.55 1679.79
    561.56 716.52 1679.79
    563.56 716.49 1679.80
    565.57 716.47 1679.80
    567.57 716.44 1679.80
    569.57 716.41 1679.81
    571.57 716.39 1679.81
    573.57 716.36 1679.81
    575.58 716.33 1679.82
    577.58 716.30 1679.82
    579.58 716.28 1679.82
    581.58 716.25 1679.83
    583.58 716.22 1679.83
    585.59 716.19 1679.84
    587.59 716.17 1679.84
    589.59 716.14 1679.84
    591.59 716.11 1679.85
    593.59 716.08 1679.85
    595.60 716.05 1679.85
    597.60 716.02 1679.86
    599.60 716.00 1679.86
    601.60 715.97 1679.87
    603.60 715.94 1679.87
    605.61 715.91 1679.87
    607.61 715.88 1679.88
    609.61 715.85 1679.88
    611.61 715.82 1679.88
    613.61 715.79 1679.89
    615.62 715.77 1679.89
    617.62 715.74 1679.90
    619.62 715.71 1679.90
    621.62 715.68 1679.90
    623.62 715.65 1679.91
    625.63 715.62 1679.91
    627.63 715.59 1679.92
    629.63 715.56 1679.92
    631.63 715.53 1679.93
    633.63 715.50 1679.93
    635.64 715.47 1679.93
    637.64 715.44 1679.94
    639.64 715.41 1679.94
    641.64 715.38 1679.95
    643.64 715.35 1679.95
    645.65 715.32 1679.96
    647.65 715.29 1679.96
    649.65 715.25 1679.96
    651.65 715.22 1679.97
    653.65 715.19 1679.97
    655.66 715.16 1679.98
    657.66 715.13 1679.98
    659.66 715.10 1679.99
    661.66 715.07 1679.99
    663.66 715.04 1680.00
    665.67 715.00 1680.00
    667.67 714.97 1680.01
    669.67 714.94 1680.01
    671.67 714.91 1680.02
    673.67 714.88 1680.02
    675.68 714.85 1680.03
    677.68 714.81 1680.03
    679.68 714.78 1680.04
    681.68 714.75 1680.04
    683.68 714.72 1680.04
    685.69 714.68 1680.05
    687.69 714.65 1680.05
    689.69 714.62 1680.06
    691.69 714.59 1680.06
    693.69 714.55 1680.07
    695.70 714.52 1680.08
    697.70 714.49 1680.08
    699.70 714.45 1680.09
    701.70 714.42 1680.09
    703.70 714.39 1680.10
    705.71 714.35 1680.10
    707.71 714.32 1680.11
    709.71 714.29 1680.11
    711.71 714.25 1680.12
    713.71 714.22 1680.12
    715.72 714.18 1680.13
    717.72 714.15 1680.13
    719.72 714.12 1680.14
    721.72 714.08 1680.14
    723.72 714.05 1680.15
    725.73 714.01 1680.15
    727.73 713.98 1680.16
    729.73 713.94 1680.17
    731.73 713.91 1680.17
    733.73 713.88 1680.18
    735.74 713.84 1680.18
    737.74 713.81 1680.19
    739.74 713.77 1680.19
    741.74 713.74 1680.20
    743.74 713.70 1680.21
    745.75 713.66 1680.21
    747.75 713.63 1680.22
    749.75 713.59 1680.22
    751.75 713.56 1680.23
    753.75 713.52 1680.24
    755.76 713.49 1680.24
    757.76 713.45 1680.25
    759.76 713.41 1680.25
    761.76 713.38 1680.26
    763.76 713.34 1680.27
    765.77 713.31 1680.27
    767.77 713.27 1680.28
    769.77 713.23 1680.28
    771.77 713.20 1680.29
    773.77 713.16 1680.30
    775.78 713.12 1680.30
    777.78 713.09 1680.31
    779.78 713.05 1680.31
    781.78 713.01 1680.32
    783.78 712.97 1680.33
    785.79 712.94 1680.33
    787.79 712.90 1680.34
    789.79 712.86 1680.35
    791.79 712.83 1680.35
    793.79 712.79 1680.36
    795.80 712.75 1680.37
    797.80 712.71 1680.37
    799.80 712.67 1680.38
    801.80 712.64 1680.39
    803.80 712.60 1680.39
    805.81 712.56 1680.40
    807.81 712.52 1680.41
    809.81 712.48 1680.41
    811.81 712.44 1680.42
    813.81 712.41 1680.43
    815.82 712.37 1680.43
    817.82 712.33 1680.44
    819.82 712.29 1680.45
    821.82 712.25 1680.45
    823.82 712.21 1680.46
    825.83 712.17 1680.47
    827.83 712.13 1680.48
    829.83 712.09 1680.48
    831.83 712.05 1680.49
    833.83 712.02 1680.50
    835.84 711.98 1680.50
    837.84 711.94 1680.51
    839.84 711.90 1680.52
    841.84 711.86 1680.53
    843.84 711.82 1680.53
    845.85 711.78 1680.54
    847.85 711.74 1680.55
    849.85 711.70 1680.55
    851.85 711.66 1680.56
    853.85 711.61 1680.57
    855.86 711.57 1680.58
    857.86 711.53 1680.58
    859.86 711.49 1680.59
    861.86 711.45 1680.60
    863.86 711.41 1680.61
    865.87 711.37 1680.61
    867.87 711.33 1680.62
    869.87 711.29 1680.63
    871.87 711.25 1680.64
    873.87 711.21 1680.65
    875.88 711.16 1680.65
    877.88 711.12 1680.66
    879.88 711.08 1680.67
    881.88 711.04 1680.68
    883.88 711.00 1680.69
    885.89 710.95 1680.69
    887.89 710.91 1680.70
    889.89 710.87 1680.71
    891.89 710.83 1680.72
    893.89 710.79 1680.73
    895.90 710.74 1680.73
    897.90 710.70 1680.74
    899.90 710.66 1680.75
    901.90 710.62 1680.76
    903.90 710.57 1680.77
    905.91 710.53 1680.77
    907.91 710.49 1680.78
    909.91 710.44 1680.79
    911.91 710.40 1680.80
    913.91 710.36 1680.81
    915.92 710.31 1680.82
    917.92 710.27 1680.82
    919.92 710.23 1680.83
    921.92 710.18 1680.84
    923.92 710.14 1680.85
    925.93 710.10 1680.86
    927.93 710.05 1680.87
    929.93 710.01 1680.88
    931.93 709.96 1680.88
    933.93 709.92 1680.89
    935.94 709.87 1680.90
    937.94 709.83 1680.91
    939.94 709.79 1680.92
    941.94 709.74 1680.93
    943.94 709.70 1680.94
    945.95 709.65 1680.95
    947.95 709.61 1680.96
    949.95 709.56 1680.96
    951.95 709.52 1680.97
    953.95 709.47 1680.98
    955.96 709.43 1680.99
    957.96 709.38 1681.00
    959.96 709.34 1681.01
    961.96 709.29 1681.02
    963.96 709.24 1681.03
    965.97 709.20 1681.04
    967.97 709.15 1681.05
    969.97 709.11 1681.06
    971.97 709.06 1681.07
    973.97 709.01 1681.07
    975.98 708.97 1681.08
    977.98 708.92 1681.09
    979.98 708.88 1681.10
    981.98 708.83 1681.11
    983.98 708.78 1681.12
    985.99 708.74 1681.13
    987.99 708.69 1681.14
    989.99 708.64 1681.15
    991.99 708.59 1681.16
    993.99 708.55 1681.17
    996.00 708.50 1681.18
    998.00 708.45 1681.19
   1000.00 708.41 1681.20
