 -10000.00 329.97 1681.20
  -9989.99 330.15 1679.57
  -9979.99 330.32 1677.93
  -9969.98 330.50 1676.29
  -9959.98 330.67 1674.66
  -9949.97 330.85 1673.02
  -9939.97 331.02 1671.38
  -9929.96 331.20 1669.74
  -9919.96 331.37 1668.09
  -9909.95 331.55 1666.45
  -9899.95 331.72 1664.80
  -9889.94 331.90 1663.16
  -9879.94 332.07 1661.51
  -9869.93 332.25 1659.86
  -9859.93 332.43 1658.21
  -9849.92 332.60 1656.56
  -9839.92 332.78 1654.91
  -9829.91 332.95 1653.26
  -9819.91 333.13 1651.60
  -9809.90 333.31 1649.95
  -9799.90 333.48 1648.29
  -9789.89 333.66 1646.64
  -9779.89 333.84 1644.98
  -9769.88 334.01 1643.32
  -9759.88 334.19 1641.66
  -9749.87 334.37 1640.00
  -9739.87 334.54 1638.34
  -9729.86 334.72 1636.68
  -9719.86 334.90 1635.02
  -9709.85 335.07 1633.36
  -9699.85 335.25 1631.70
  -9689.84 335.43 1630.04
  -9679.84 335.60 1628.37
  -9669.83 335.78 1626.71
  -9659.83 335.96 1625.04
  -9649.82 336.14 1623.38
  -9639.82 336.31 1621.72
  -9629.81 336.49 1620.05
  -9619.81 336.67 1618.38
  -9609.80 336.85 1616.72
  -9599.80 337.02 1615.05
  -9589.79 337.20 1613.39
  -9579.79 337.38 1611.72
  -9569.78 337.56 1610.05
  -9559.78 337.74 1608.39
  -9549.77 337.91 1606.72
  -9539.77 338.09 1605.06
  -9529.76 338.27 1603.39
  -9519.76 338.45 1601.72
  -9509.75 338.63 1600.06
  -9499.75 338.81 1598.39
  -9489.74 338.98 1596.72
  -9479.74 339.16 1595.06
  -9469.73 339.34 1593.39
  -9459.73 339.52 1591.73
  -9449.72 339.70 1590.06
  -9439.72 339.88 1588.40
  -9429.71 340.06 1586.73
  -9419.71 340.24 1585.07
  -9409.70 340.41 1583.41
  -9399.70 340.59 1581.74
  -9389.69 340.77 1580.08
  -9379.69 340.95 1578.42
  -9369.68 341.13 1576.76
  -9359.68 341.31 1575.10
  -9349.67 341.49 1573.44
  -9339.67 341.67 1571.78
  -9329.66 341.85 1570.12
  -9319.66 342.03 1568.46
  -9309.65 342.21 1566.80
  -9299.65 342.39 1565.15
  -9289.64 342.57 1563.49
  -9279.64 342.75 1561.84
  -9269.63 342.93 1560.19
  -9259.63 343.11 1558.53
  -9249.62 343.29 1556.88
  -9239.62 343.47 1555.23
  -9229.61 343.64 1553.58
  -9219.61 343.82 1551.93
  -9209.60 344.01 1550.28
  -9199.60 344.19 1548.64
  -9189.59 344.37 1546.99
  -9179.59 344.55 1545.35
  -9169.58 344.73 1543.71
  -9159.58 344.91 1542.07
  -9149.57 345.09 1540.43
  -9139.57 345.27 1538.79
  -9129.56 345.45 1537.15
  -9119.56 345.63 1535.51
  -9109.55 345.81 1533.88
  -9099.55 345.99 1532.25
  -9089.54 346.17 1530.61
  -9079.54 346.35 1528.98
  -9069.53 346.53 1527.36
  -9059.53 346.71 1525.73
  -9049.52 346.89 1524.10
  -9039.52 347.07 1522.48
  -9029.51 347.25 1520.86
  -9019.51 347.43 1519.24
  -9009.50 347.62 1517.62
  -8999.50 347.80 1516.00
  -8989.49 347.98 1514.39
  -8979.49 348.16 1512.78
  -8969.48 348.34 1511.17
  -8959.48 348.52 1509.56
  -8949.47 348.70 1507.95
  -8939.47 348.88 1506.34
  -8929.46 349.06 1504.74
  -8919.46 349.25 1503.14
  -8909.45 349.43 1501.54
  -8899.45 349.61 1499.94
  -8889.44 349.79 1498.35
  -8879.44 349.97 1496.75
  -8869.43 350.15 1495.16
  -8859.43 350.33 1493.57
  -8849.42 350.52 1491.99
  -8839.42 350.70 1490.40
  -8829.41 350.88 1488.82
  -8819.41 351.06 1487.24
  -8809.40 351.24 1485.66
  -8799.40 351.42 1484.09
  -8789.39 351.60 1482.52
  -8779.39 351.79 1480.95
  -8769.38 351.97 1479.38
  -8759.38 352.15 1477.81
  -8749.37 352.33 1476.25
  -8739.37 352.51 1474.69
  -8729.36 352.69 1473.13
  -8719.36 352.88 1471.57
  -8709.35 353.06 1470.02
  -8699.35 353.24 1468.47
  -8689.34 353.42 1466.91
  -8679.34 353.60 1465.36
  -8669.33 353.79 1463.81
  -8659.33 353.97 1462.27
  -8649.32 354.15 1460.72
  -8639.32 354.33 1459.17
  -8629.31 354.51 1457.62
  -8619.31 354.70 1456.08
  -8609.30 354.88 1454.53
  -8599.30 355.06 1452.99
  -8589.29 355.24 1451.45
  -8579.29 355.42 1449.90
  -8569.28 355.61 1448.36
  -8559.28 355.79 1446.82
  -8549.27 355.97 1445.28
  -8539.27 356.15 1443.74
  -8529.26 356.33 1442.20
  -8519.26 356.52 1440.66
  -8509.25 356.70 1439.12
  -8499.25 356.88 1437.58
  -8489.24 357.06 1436.05
  -8479.24 357.25 1434.51
  -8469.23 357.43 1432.98
  -8459.23 357.61 1431.44
  -8449.22 357.79 1429.91
  -8439.22 357.97 1428.38
  -8429.21 358.16 1426.85
  -8419.21 358.34 1425.32
  -8409.20 358.52 1423.79
  -8399.20 358.70 1422.26
  -8389.19 358.89 1420.74
  -8379.19 359.07 1419.21
  -8369.18 359.25 1417.69
  -8359.18 359.43 1416.16
  -8349.17 359.62 1414.64
  -8339.17 359.80 1413.12
  -8329.16 359.98 1411.60
  -8319.16 360.16 1410.08
  -8309.15 360.34 1408.56
  -8299.15 360.53 1407.05
  -8289.14 360.71 1405.53
  -8279.14 360.89 1404.02
  -8269.13 361.07 1402.51
  -8259.13 361.26 1401.00
  -8249.12 361.44 1399.49
  -8239.12 361.62 1397.98
  -8229.11 361.80 1396.47
  -8219.11 361.98 1394.97
  -8209.10 362.17 1393.47
  -8199.10 362.35 1391.96
  -8189.09 362.53 1390.46
  -8179.09 362.71 1388.96
  -8169.08 362.90 1387.47
  -8159.08 363.08 1385.97
  -8149.07 363.26 1384.48
  -8139.07 363.44 1382.99
  -8129.06 363.62 1381.50
  -8119.06 363.81 1380.01
  -8109.05 363.99 1378.52
  -8099.05 364.17 1377.04
  -8089.04 364.35 1375.55
  -8079.04 364.54 1374.07
  -8069.03 364.72 1372.59
  -8059.03 364.90 1371.11
  -8049.02 365.08 1369.64
  -8039.02 365.26 1368.16
  -8029.01 365.45 1366.69
  -8019.01 365.63 1365.22
  -8009.00 365.81 1363.75
  -7999.00 365.99 1362.28
  -7988.99 366.17 1360.82
  -7978.99 366.36 1359.36
  -7968.98 366.54 1357.90
  -7958.98 366.72 1356.44
  -7948.97 366.90 1354.98
  -7938.97 367.08 1353.53
  -7928.96 367.27 1352.07
  -7918.96 367.45 1350.62
  -7908.95 367.63 1349.17
  -7898.95 367.81 1347.73
  -7888.94 367.99 1346.28
  -7878.94 368.17 1344.84
  -7868.93 368.36 1343.40
  -7858.93 368.54 1341.96
  -7848.92 368.72 1340.53
  -7838.92 368.90 1339.09
  -7828.91 369.08 1337.66
  -7818.91 369.26 1336.23
  -7808.90 369.45 1334.81
  -7798.90 369.63 1333.38
  -7788.89 369.81 1331.96
  -7778.89 369.99 1330.54
  -7768.88 370.17 1329.12
  -7758.88 370.35 1327.71
  -7748.87 370.54 1326.30
  -7738.87 370.72 1324.89
  -7728.86 370.90 1323.48
  -7718.86 371.08 1322.07
  -7708.85 371.26 1320.67
  -7698.85 371.44 1319.27
  -7688.84 371.62 1317.87
  -7678.84 371.80 1316.48
  -7668.83 371.99 1315.09
  -7658.83 372.17 1313.70
  -7648.82 372.35 1312.31
  -7638.82 372.53 1310.92
  -7628.81 372.71 1309.54
  -7618.81 372.89 1308.16
  -7608.80 373.07 1306.78
  -7598.80 373.25 1305.41
  -7588.79 373.43 1304.04
  -7578.79 373.61 1302.67
  -7568.78 373.79 1301.30
  -7558.78 373.97 1299.94
  -7548.77 374.16 1298.58
  -7538.77 374.34 1297.22
  -7528.76 374.52 1295.86
  -7518.76 374.70 1294.51
  -7508.75 374.88 1293.16
  -7498.75 375.06 1291.81
  -7488.74 375.24 1290.47
  -7478.74 375.42 1289.13
  -7468.73 375.60 1287.79
  -7458.73 375.78 1286.45
  -7448.72 375.96 1285.12
  -7438.72 376.14 1283.79
  -7428.71 376.32 1282.46
  -7418.71 376.50 1281.14
  -7408.70 376.68 1279.82
  -7398.70 376.86 1278.50
  -7388.69 377.04 1277.18
  -7378.69 377.22 1275.87
  -7368.68 377.40 1274.56
  -7358.68 377.58 1273.25
  -7348.67 377.76 1271.95
  -7338.67 377.94 1270.65
  -7328.66 378.12 1269.35
  -7318.66 378.30 1268.06
  -7308.65 378.48 1266.76
  -7298.65 378.66 1265.47
  -7288.64 378.83 1264.19
  -7278.64 379.01 1262.91
  -7268.63 379.19 1261.63
  -7258.63 379.37 1260.35
  -7248.62 379.55 1259.08
  -7238.62 379.73 1257.80
  -7228.61 379.91 1256.54
  -7218.61 380.09 1255.27
  -7208.60 380.27 1254.01
  -7198.60 380.45 1252.75
  -7188.59 380.62 1251.50
  -7178.59 380.80 1250.24
  -7168.58 380.98 1249.00
  -7158.58 381.16 1247.75
  -7148.57 381.34 1246.51
  -7138.57 381.52 1245.27
  -7128.56 381.69 1244.03
  -7118.56 381.87 1242.80
  -7108.55 382.05 1241.57
  -7098.55 382.23 1240.34
  -7088.54 382.41 1239.12
  -7078.54 382.58 1237.90
  -7068.53 382.76 1236.68
  -7058.53 382.94 1235.47
  -7048.52 383.12 1234.26
  -7038.52 383.30 1233.05
  -7028.51 383.47 1231.85
  -7018.51 383.65 1230.65
  -7008.50 383.83 1229.45
  -6998.50 384.01 1228.25
  -6988.49 384.18 1227.06
  -6978.49 384.36 1225.88
  -6968.48 384.54 1224.69
  -6958.48 384.71 1223.51
  -6948.47 384.89 1222.34
  -6938.47 385.07 1221.16
  -6928.46 385.24 1219.99
  -6918.46 385.42 1218.83
  -6908.45 385.60 1217.66
  -6898.45 385.77 1216.50
  -6888.44 385.95 1215.35
  -6878.44 386.13 1214.19
  -6868.43 386.30 1213.04
  -6858.43 386.48 1211.90
  -6848.42 386.66 1210.76
  -6838.42 386.83 1209.62
  -6828.41 387.01 1208.48
  -6818.41 387.18 1207.35
  -6808.40 387.36 1206.22
  -6798.40 387.53 1205.10
  -6788.39 387.71 1203.97
  -6778.39 387.89 1202.86
  -6768.38 388.06 1201.74
  -6758.38 388.24 1200.63
  -6748.37 388.41 1199.52
  -6738.37 388.59 1198.42
  -6728.36 388.76 1197.32
  -6718.36 388.94 1196.22
  -6708.35 389.11 1195.13
  -6698.35 389.29 1194.04
  -6688.34 389.46 1192.96
  -6678.34 389.64 1191.88
  -6668.33 389.81 1190.80
  -6658.33 389.98 1189.72
  -6648.32 390.16 1188.65
  -6638.32 390.33 1187.58
  -6628.31 390.51 1186.52
  -6618.31 390.68 1185.46
  -6608.30 390.85 1184.40
  -6598.30 391.03 1183.35
  -6588.29 391.20 1182.30
  -6578.29 391.38 1181.26
  -6568.28 391.55 1180.21
  -6558.28 391.72 1179.17
  -6548.27 391.90 1178.14
  -6538.27 392.07 1177.11
  -6528.26 392.24 1176.08
  -6518.26 392.41 1175.06
  -6508.25 392.59 1174.04
  -6498.25 392.76 1173.02
  -6488.24 392.93 1172.01
  -6478.24 393.10 1171.00
  -6468.23 393.28 1170.00
  -6458.23 393.45 1169.00
  -6448.22 393.62 1168.00
  -6438.22 393.79 1167.00
  -6428.21 393.97 1166.01
  -6418.21 394.14 1165.03
  -6408.20 394.31 1164.05
  -6398.20 394.48 1163.07
  -6388.19 394.65 1162.09
  -6378.19 394.82 1161.12
  -6368.18 394.99 1160.15
  -6358.18 395.17 1159.19
  -6348.17 395.34 1158.23
  -6338.17 395.51 1157.27
  -6328.16 395.68 1156.32
  -6318.16 395.85 1155.37
  -6308.15 396.02 1154.43
  -6298.15 396.19 1153.48
  -6288.14 396.36 1152.55
  -6278.14 396.53 1151.61
  -6268.13 396.70 1150.68
  -6258.13 396.87 1149.76
  -6248.12 397.04 1148.83
  -6238.12 397.21 1147.91
  -6228.11 397.38 1147.00
  -6218.11 397.55 1146.09
  -6208.10 397.72 1145.18
  -6198.10 397.89 1144.28
  -6188.09 398.06 1143.38
  -6178.09 398.23 1142.48
  -6168.08 398.39 1141.59
  -6158.08 398.56 1140.70
  -6148.07 398.73 1139.82
  -6138.07 398.90 1138.93
  -6128.06 399.07 1138.06
  -6118.06 399.24 1137.18
  -6108.05 399.40 1136.31
  -6098.05 399.57 1135.45
  -6088.04 399.74 1134.59
  -6078.04 399.91 1133.73
  -6068.03 400.08 1132.87
  -6058.03 400.24 1132.02
  -6048.02 400.41 1131.17
  -6038.02 400.58 1130.33
  -6028.01 400.74 1129.49
  -6018.01 400.91 1128.65
  -6008.00 401.08 1127.82
  -5998.00 401.24 1126.99
  -5987.99 401.41 1126.17
  -5977.99 401.58 1125.35
  -5967.98 401.74 1124.53
  -5957.98 401.91 1123.72
  -5947.97 402.07 1122.91
  -5937.97 402.24 1122.10
  -5927.96 402.41 1121.30
  -5917.96 402.57 1120.50
  -5907.95 402.74 1119.71
  -5897.95 402.90 1118.92
  -5887.94 403.07 1118.13
  -5877.94 403.23 1117.34
  -5867.93 403.40 1116.56
  -5857.93 403.56 1115.79
  -5847.92 403.73 1115.02
  -5837.92 403.89 1114.25
  -5827.91 404.05 1113.48
  -5817.91 404.22 1112.72
  -5807.90 404.38 1111.96
  -5797.90 404.55 1111.21
  -5787.89 404.71 1110.46
  -5777.89 404.87 1109.71
  -5767.88 405.04 1108.97
  -5757.88 405.20 1108.23
  -5747.87 405.36 1107.50
  -5737.87 405.52 1106.76
  -5727.86 405.69 1106.04
  -5717.86 405.85 1105.31
  -5707.85 406.01 1104.59
  -5697.85 406.17 1103.87
  -5687.84 406.34 1103.16
  -5677.84 406.50 1102.45
  -5667.83 406.66 1101.75
  -5657.83 406.82 1101.04
  -5647.82 406.98 1100.34
  -5637.82 407.14 1099.65
  -5627.81 407.30 1098.96
  -5617.81 407.46 1098.27
  -5607.80 407.63 1097.59
  -5597.80 407.79 1096.91
  -5587.79 407.95 1096.23
  -5577.79 408.11 1095.56
  -5567.78 408.27 1094.89
  -5557.78 408.43 1094.22
  -5547.77 408.59 1093.56
  -5537.77 408.75 1092.90
  -5527.76 408.91 1092.24
  -5517.76 409.06 1091.59
  -5507.75 409.22 1090.94
  -5497.75 409.38 1090.30
  -5487.74 409.54 1089.66
  -5477.74 409.70 1089.02
  -5467.73 409.86 1088.39
  -5457.73 410.02 1087.75
  -5447.72 410.17 1087.13
  -5437.72 410.33 1086.50
  -5427.71 410.49 1085.88
  -5417.71 410.65 1085.27
  -5407.70 410.81 1084.65
  -5397.70 410.96 1084.05
  -5387.69 411.12 1083.44
  -5377.69 411.28 1082.84
  -5367.68 411.43 1082.24
  -5357.68 411.59 1081.64
  -5347.67 411.75 1081.05
  -5337.67 411.90 1080.46
  -5327.66 412.06 1079.88
  -5317.66 412.21 1079.30
  -5307.65 412.37 1078.72
  -5297.65 412.53 1078.14
  -5287.64 412.68 1077.57
  -5277.64 412.84 1077.00
  -5267.63 412.99 1076.44
  -5257.63 413.14 1075.88
  -5247.62 413.30 1075.32
  -5237.62 413.45 1074.76
  -5227.61 413.61 1074.21
  -5217.61 413.76 1073.66
  -5207.60 413.92 1073.12
  -5197.60 414.07 1072.58
  -5187.59 414.22 1072.04
  -5177.59 414.38 1071.51
  -5167.58 414.53 1070.98
  -5157.58 414.68 1070.45
  -5147.57 414.83 1069.92
  -5137.57 414.99 1069.40
  -5127.56 415.14 1068.88
  -5117.56 415.29 1068.37
  -5107.55 415.44 1067.86
  -5097.55 415.60 1067.35
  -5087.54 415.75 1066.84
  -5077.54 415.90 1066.34
  -5067.53 416.05 1065.84
  -5057.53 416.20 1065.35
  -5047.52 416.35 1064.86
  -5037.52 416.50 1064.37
  -5027.51 416.65 1063.88
  -5017.51 416.80 1063.40
  -5007.50 416.95 1062.92
  -4997.50 417.10 1062.44
  -4987.49 417.25 1061.97
  -4977.49 417.40 1061.50
  -4967.48 417.55 1061.03
  -4957.48 417.70 1060.57
  -4947.47 417.85 1060.11
  -4937.47 418.00 1059.65
  -4927.46 418.15 1059.19
  -4917.46 418.29 1058.74
  -4907.45 418.44 1058.29
  -4897.45 418.59 1057.85
  -4887.44 418.74 1057.40
  -4877.44 418.88 1056.96
  -4867.43 419.03 1056.53
  -4857.43 419.18 1056.09
  -4847.42 419.33 1055.66
  -4837.42 419.47 1055.24
  -4827.41 419.62 1054.81
  -4817.41 419.76 1054.39
  -4807.40 419.91 1053.97
  -4797.40 420.06 1053.55
  -4787.39 420.20 1053.14
  -4777.39 420.35 1052.73
  -4767.38 420.49 1052.32
  -4757.38 420.64 1051.92
  -4747.37 420.78 1051.52
  -4737.37 420.93 1051.12
  -4727.36 421.07 1050.72
  -4717.36 421.21 1050.33
  -4707.35 421.36 1049.94
  -4697.35 421.50 1049.55
  -4687.34 421.65 1049.17
  -4677.34 421.79 1048.79
  -4667.33 421.93 1048.41
  -4657.33 422.08 1048.03
  -4647.32 422.22 1047.66
  -4637.32 422.36 1047.29
  -4627.31 422.50 1046.92
  -4617.31 422.64 1046.55
  -4607.30 422.79 1046.19
  -4597.30 422.93 1045.83
  -4587.29 423.07 1045.47
  -4577.29 423.21 1045.12
  -4567.28 423.35 1044.77
  -4557.28 423.49 1044.42
  -4547.27 423.63 1044.07
  -4537.27 423.77 1043.73
  -4527.26 423.91 1043.38
  -4517.26 424.05 1043.05
  -4507.25 424.19 1042.71
  -4497.25 424.33 1042.38
  -4487.24 424.47 1042.04
  -4477.24 424.61 1041.72
  -4467.23 424.75 1041.39
  -4457.23 424.89 1041.07
  -4447.22 425.02 1040.74
  -4437.22 425.16 1040.43
  -4427.21 425.30 1040.11
  -4417.21 425.44 1039.80
  -4407.20 425.57 1039.48
  -4397.20 425.71 1039.18
  -4387.19 425.85 1038.87
  -4377.19 425.98 1038.56
  -4367.18 426.12 1038.26
  -4357.18 426.26 1037.96
  -4347.17 426.39 1037.67
  -4337.17 426.53 1037.37
  -4327.16 426.66 1037.08
  -4317.16 426.80 1036.79
  -4307.15 426.93 1036.50
  -4297.15 427.07 1036.22
  -4287.14 427.20 1035.94
  -4277.14 427.34 1035.65
  -4267.13 427.47 1035.38
  -4257.13 427.61 1035.10
  -4247.12 427.74 1034.83
  -4237.12 427.87 1034.56
  -4227.11 428.01 1034.29
  -4217.11 428.14 1034.02
  -4207.10 428.27 1033.75
  -4197.10 428.40 1033.49
  -4187.09 428.54 1033.23
  -4177.09 428.67 1032.97
  -4167.08 428.80 1032.72
  -4157.08 428.93 1032.46
  -4147.07 429.06 1032.21
  -4137.07 429.19 1031.96
  -4127.06 429.32 1031.71
  -4117.06 429.45 1031.47
  -4107.05 429.58 1031.22
  -4097.05 429.71 1030.98
  -4087.04 429.84 1030.74
  -4077.04 429.97 1030.51
  -4067.03 430.10 1030.27
  -4057.03 430.23 1030.04
  -4047.02 430.36 1029.81
  -4037.02 430.49 1029.58
  -4027.01 430.62 1029.35
  -4017.01 430.74 1029.12
  -4007.00 430.87 1028.90
  -3997.00 431.00 1028.68
  -3986.99 431.13 1028.46
  -3976.99 431.25 1028.24
  -3966.98 431.38 1028.03
  -3956.98 431.51 1027.81
  -3946.97 431.63 1027.60
  -3936.97 431.76 1027.39
  -3926.96 431.88 1027.18
  -3916.96 432.01 1026.98
  -3906.95 432.14 1026.77
  -3896.95 432.26 1026.57
  -3886.94 432.38 1026.37
  -3876.94 432.51 1026.17
  -3866.93 432.63 1025.97
  -3856.93 432.76 1025.78
  -3846.92 432.88 1025.58
  -3836.92 433.00 1025.39
  -3826.91 433.13 1025.20
  -3816.91 433.25 1025.01
  -3806.90 433.37 1024.83
  -3796.90 433.50 1024.64
  -3786.89 433.62 1024.46
  -3776.89 433.74 1024.28
  -3766.88 433.86 1024.10
  -3756.88 433.98 1023.92
  -3746.87 434.10 1023.74
  -3736.87 434.22 1023.57
  -3726.86 434.34 1023.39
  -3716.86 434.47 1023.22
  -3706.85 434.59 1023.05
  -3696.85 434.71 1022.88
  -3686.84 434.82 1022.72
  -3676.84 434.94 1022.55
  -3666.83 435.06 1022.39
  -3656.83 435.18 1022.22
  -3646.82 435.30 1022.06
  -3636.82 435.42 1021.91
  -3626.81 435.54 1021.75
  -3616.81 435.65 1021.59
  -3606.80 435.77 1021.44
  -3596.80 435.89 1021.28
  -3586.79 436.01 1021.13
  -3576.79 436.12 1020.98
  -3566.78 436.24 1020.83
  -3556.78 436.35 1020.69
  -3546.77 436.47 1020.54
  -3536.77 436.59 1020.39
  -3526.76 436.70 1020.25
  -3516.76 436.82 1020.11
  -3506.75 436.93 1019.97
  -3496.75 437.04 1019.83
  -3486.74 437.16 1019.69
  -3476.74 437.27 1019.56
  -3466.73 437.39 1019.42
  -3456.73 437.50 1019.29
  -3446.72 437.61 1019.16
  -3436.72 437.73 1019.03
  -3426.71 437.84 1018.90
  -3416.71 437.95 1018.77
  -3406.70 438.06 1018.64
  -3396.70 438.17 1018.52
  -3386.69 438.29 1018.39
  -3376.69 438.40 1018.27
  -3366.68 438.51 1018.15
  -3356.68 438.62 1018.03
  -3346.67 438.73 1017.91
  -3336.67 438.84 1017.79
  -3326.66 438.95 1017.67
  -3316.66 439.06 1017.55
  -3306.65 439.17 1017.44
  -3296.65 439.28 1017.33
  -3286.64 439.38 1017.21
  -3276.64 439.49 1017.10
  -3266.63 439.60 1016.99
  -3256.63 439.71 1016.88
  -3246.62 439.82 1016.78
  -3236.62 439.92 1016.67
  -3226.61 440.03 1016.57
  -3216.61 440.14 1016.46
  -3206.60 440.24 1016.36
  -3196.60 440.35 1016.26
  -3186.59 440.45 1016.16
  -3176.59 440.56 1016.06
  -3166.58 440.66 1015.96
  -3156.58 440.77 1015.86
  -3146.57 440.87 1015.76
  -3136.57 440.98 1015.67
  -3126.56 441.08 1015.57
  -3116.56 441.19 1015.48
  -3106.55 441.29 1015.39
  -3096.55 441.39 1015.29
  -3086.54 441.50 1015.20
  -3076.54 441.60 1015.11
  -3066.53 441.70 1015.02
  -3056.53 441.80 1014.94
  -3046.52 441.90 1014.85
  -3036.52 442.01 1014.76
  -3026.51 442.11 1014.68
  -3016.51 442.21 1014.60
  -3006.50 442.31 1014.51
  -2996.50 442.41 1014.43
  -2986.49 442.51 1014.35
  -2976.49 442.61 1014.27
  -2966.48 442.71 1014.19
  -2956.48 442.81 1014.11
  -2946.47 442.91 1014.03
  -2936.47 443.00 1013.96
  -2926.46 443.10 1013.88
  -2916.46 443.20 1013.81
  -2906.45 443.30 1013.73
  -2896.45 443.39 1013.66
  -2886.44 443.49 1013.59
  -2876.44 443.59 1013.52
  -2866.43 443.68 1013.45
  -2856.43 443.78 1013.38
  -2846.42 443.88 1013.31
  -2836.42 443.97 1013.24
  -2826.41 444.07 1013.17
  -2816.41 444.16 1013.11
  -2806.40 444.26 1013.04
  -2796.40 444.35 1012.97
  -2786.39 444.45 1012.91
  -2776.39 444.54 1012.85
  -2766.38 444.63 1012.78
  -2756.38 444.73 1012.72
  -2746.37 444.82 1012.66
  -2736.37 444.91 1012.60
  -2726.36 445.00 1012.54
  -2716.36 445.09 1012.48
  -2706.35 445.19 1012.42
  -2696.35 445.28 1012.37
  -2686.34 445.37 1012.31
  -2676.34 445.46 1012.25
  -2666.33 445.55 1012.20
  -2656.33 445.64 1012.14
  -2646.32 445.73 1012.09
  -2636.32 445.82 1012.03
  -2626.31 445.91 1011.98
  -2616.31 446.00 1011.93
  -2606.30 446.09 1011.88
  -2596.30 446.17 1011.83
  -2586.29 446.26 1011.78
  -2576.29 446.35 1011.73
  -2566.28 446.44 1011.68
  -2556.28 446.52 1011.63
  -2546.27 446.61 1011.58
  -2536.27 446.70 1011.53
  -2526.26 446.78 1011.49
  -2516.26 446.87 1011.44
  -2506.25 446.95 1011.40
  -2496.25 447.04 1011.35
  -2486.24 447.12 1011.31
  -2476.24 447.21 1011.26
  -2466.23 447.29 1011.22
  -2456.23 447.38 1011.18
  -2446.22 447.46 1011.14
  -2436.22 447.54 1011.10
  -2426.21 447.63 1011.05
  -2416.21 447.71 1011.01
  -2406.20 447.79 1010.97
  -2396.20 447.87 1010.94
  -2386.19 447.95 1010.90
  -2376.19 448.04 1010.86
  -2366.18 448.12 1010.82
  -2356.18 448.20 1010.78
  -2346.17 448.28 1010.75
  -2336.17 448.36 1010.71
  -2326.16 448.44 1010.68
  -2316.16 448.52 1010.64
  -2306.15 448.60 1010.61
  -2296.15 448.67 1010.57
  -2286.14 448.75 1010.54
  -2276.14 448.83 1010.51
  -2266.13 448.91 1010.47
  -2256.13 448.99 1010.44
  -2246.12 449.06 1010.41
  -2236.12 449.14 1010.38
  -2226.11 449.22 1010.35
  -2216.11 449.29 1010.32
  -2206.10 449.37 1010.29
  -2196.10 449.45 1010.26
  -2186.09 449.52 1010.23
  -2176.09 449.60 1010.20
  -2166.08 449.67 1010.17
  -2156.08 449.74 1010.14
  -2146.07 449.82 1010.12
  -2136.07 449.89 1010.09
  -2126.06 449.97 1010.06
  -2116.06 450.04 1010.04
  -2106.05 450.11 1010.01
  -2096.05 450.18 1009.98
  -2086.04 450.26 1009.96
  -2076.04 450.33 1009.93
  -2066.03 450.40 1009.91
  -2056.03 450.47 1009.89
  -2046.02 450.54 1009.86
  -2036.02 450.61 1009.84
  -2026.01 450.68 1009.82
  -2016.01 450.75 1009.79
  -2006.00 450.82 1009.77
  -1996.00 450.89 1009.75
  -1985.99 450.96 1009.73
  -1975.99 451.03 1009.71
  -1965.98 451.09 1009.69
  -1955.98 451.16 1009.67
  -1945.97 451.23 1009.65
  -1935.97 451.30 1009.63
  -1925.96 451.36 1009.61
  -1915.96 451.43 1009.59
  -1905.95 451.50 1009.57
  -1895.95 451.56 1009.55
  -1885.94 451.63 1009.53
  -1875.94 451.69 1009.51
  -1865.93 451.76 1009.50
  -1855.93 451.82 1009.48
  -1845.92 451.89 1009.46
  -1835.92 451.95 1009.44
  -1825.91 452.01 1009.43
  -1815.91 452.08 1009.41
  -1805.90 452.14 1009.40
  -1795.90 452.20 1009.38
  -1785.89 452.26 1009.37
  -1775.89 452.33 1009.35
  -1765.88 452.39 1009.34
  -1755.88 452.45 1009.32
  -1745.87 452.51 1009.31
  -1735.87 452.57 1009.29
  -1725.86 452.63 1009.28
  -1715.86 452.69 1009.27
  -1705.85 452.75 1009.25
  -1695.85 452.81 1009.24
  -1685.84 452.87 1009.23
  -1675.84 452.93 1009.21
  -1665.83 452.99 1009.20
  -1655.83 453.04 1009.19
  -1645.82 453.10 1009.18
  -1635.82 453.16 1009.17
  -1625.81 453.21 1009.15
  -1615.81 453.27 1009.14
  -1605.80 453.33 1009.13
  -1595.80 453.38 1009.12
  -1585.79 453.44 1009.11
  -1575.79 453.49 1009.10
  -1565.78 453.55 1009.09
  -1555.78 453.60 1009.08
  -1545.77 453.66 1009.07
  -1535.77 453.71 1009.06
  -1525.76 453.76 1009.05
  -1515.76 453.82 1009.04
  -1505.75 453.87 1009.03
  -1495.75 453.92 1009.02
  -1485.74 453.97 1009.01
  -1475.74 454.03 1009.01
  -1465.73 454.08 1009.00
  -1455.73 454.13 1008.99
  -1445.72 454.18 1008.98
  -1435.72 454.23 1008.97
  -1425.71 454.28 1008.97
  -1415.71 454.33 1008.96
  -1405.70 454.38 1008.95
  -1395.70 454.43 1008.94
  -1385.69 454.48 1008.94
  -1375.69 454.53 1008.93
  -1365.68 454.57 1008.92
  -1355.68 454.62 1008.92
  -1345.67 454.67 1008.91
  -1335.67 454.72 1008.90
  -1325.66 454.76 1008.90
  -1315.66 454.81 1008.89
  -1305.65 454.85 1008.89
  -1295.65 454.90 1008.88
  -1285.64 454.95 1008.88
  -1275.64 454.99 1008.87
  -1265.63 455.03 1008.87
  -1255.63 455.08 1008.86
  -1245.62 455.12 1008.85
  -1235.62 455.17 1008.85
  -1225.61 455.21 1008.85
  -1215.61 455.25 1008.84
  -1205.60 455.30 1008.84
  -1195.60 455.34 1008.83
  -1185.59 455.38 1008.83
  -1175.59 455.42 1008.82
  -1165.58 455.46 1008.82
  -1155.58 455.50 1008.81
  -1145.57 455.54 1008.81
  -1135.57 455.58 1008.81
  -1125.56 455.62 1008.80
  -1115.56 455.66 1008.80
  -1105.55 455.70 1008.80
  -1095.55 455.74 1008.79
  -1085.54 455.78 1008.79
  -1075.54 455.82 1008.79
  -1065.53 455.85 1008.78
  -1055.53 455.89 1008.78
  -1045.52 455.93 1008.78
  -1035.52 455.97 1008.77
  -1025.51 456.00 1008.77
  -1015.51 456.04 1008.77
  -1005.50 456.07 1008.77
   -995.50 456.11 1008.76
   -985.49 456.14 1008.76
   -975.49 456.18 1008.76
   -965.48 456.21 1008.76
   -955.48 456.25 1008.75
   -945.47 456.28 1008.75
   -935.47 456.31 1008.75
   -925.46 456.35 1008.75
   -915.46 456.38 1008.75
   -905.45 456.41 1008.74
   -895.45 456.44 1008.74
   -885.44 456.47 1008.74
   -875.44 456.50 1008.74
   -865.43 456.54 1008.74
   -855.43 456.57 1008.74
   -845.42 456.60 1008.73
   -835.42 456.63 1008.73
   -825.41 456.65 1008.73
   -815.41 456.68 1008.73
   -805.40 456.71 1008.73
   -795.40 456.74 1008.73
   -785.39 456.77 1008.73
   -775.39 456.80 1008.72
   -765.38 456.82 1008.72
   -755.38 456.85 1008.72
   -745.37 456.88 1008.72
   -735.37 456.90 1008.72
   -725.36 456.93 1008.72
   -715.36 456.95 1008.72
   -705.35 456.98 1008.72
   -695.35 457.00 1008.72
   -685.34 457.03 1008.72
   -675.34 457.05 1008.71
   -665.33 457.08 1008.71
   -655.33 457.10 1008.71
   -645.32 457.12 1008.71
   -635.32 457.15 1008.71
   -625.31 457.17 1008.71
   -615.31 457.19 1008.71
   -605.30 457.21 1008.71
   -595.30 457.23 1008.71
   -585.29 457.25 1008.71
   -575.29 457.27 1008.71
   -565.28 457.29 1008.71
   -555.28 457.31 1008.71
   -545.27 457.33 1008.71
   -535.27 457.35 1008.71
   -525.26 457.37 1008.71
   -515.26 457.39 1008.71
   -505.25 457.41 1008.71
   -495.25 457.43 1008.71
   -485.24 457.44 1008.70
   -475.24 457.46 1008.70
   -465.23 457.48 1008.70
   -455.23 457.49 1008.70
   -445.22 457.51 1008.70
   -435.22 457.52 1008.70
   -425.21 457.54 1008.70
   -415.21 457.55 1008.70
   -405.20 457.57 1008.70
   -395.20 457.58 1008.70
   -385.19 457.60 1008.70
   -375.19 457.61 1008.70
   -365.18 457.62 1008.70
   -355.18 457.64 1008.70
   -345.17 457.65 1008.70
   -335.17 457.66 1008.70
   -325.16 457.67 1008.70
   -315.16 457.68 1008.70
   -305.15 457.69 1008.70
   -295.15 457.71 1008.70
   -285.14 457.72 1008.70
   -275.14 457.73 1008.70
   -265.13 457.74 1008.70
   -255.13 457.74 1008.70
   -245.12 457.75 1008.70
   -235.12 457.76 1008.70
   -225.11 457.77 1008.70
   -215.11 457.78 1008.70
   -205.10 457.79 1008.70
   -195.10 457.79 1008.70
   -185.09 457.80 1008.70
   -175.09 457.81 1008.70
   -165.08 457.81 1008.70
   -155.08 457.82 1008.70
   -145.07 457.82 1008.70
   -135.07 457.83 1008.70
   -125.06 457.83 1008.70
   -115.06 457.84 1008.70
   -105.05 457.84 1008.70
    -95.05 457.84 1008.70
    -85.04 457.85 1008.70
    -75.04 457.85 1008.70
    -65.03 457.85 1008.70
    -55.03 457.85 1008.70
    -45.02 457.86 1008.70
    -35.02 457.86 1008.70
    -25.01 457.86 1008.70
    -15.01 457.86 1008.70
     -5.00 457.86 1008.70
      5.00 457.86 1008.70
     15.01 457.86 1008.70
     25.01 457.86 1008.70
     35.02 457.86 1008.70
     45.02 457.86 1008.70
     55.03 457.85 1008.70
     65.03 457.85 1008.70
     75.04 457.85 1008.70
     85.04 457.85 1008.70
     95.05 457.84 1008.70
    105.05 457.84 1008.70
    115.06 457.84 1008.70
    125.06 457.83 1008.70
    135.07 457.83 1008.70
    145.07 457.82 1008.70
    155.08 457.82 1008.70
    165.08 457.81 1008.70
    175.09 457.81 1008.70
    185.09 457.80 1008.70
    195.10 457.79 1008.70
    205.10 457.79 1008.70
    215.11 457.78 1008.70
    225.11 457.77 1008.70
    235.12 457.76 1008.70
    245.12 457.75 1008.70
    255.13 457.74 1008.70
    265.13 457.74 1008.70
    275.14 457.73 1008.70
    285.14 457.72 1008.70
    295.15 457.71 1008.70
    305.15 457.69 1008.70
    315.16 457.68 1008.70
    325.16 457.67 1008.70
    335.17 457.66 1008.70
    345.17 457.65 1008.70
    355.18 457.64 1008.70
    365.18 457.62 1008.70
    375.19 457.61 1008.70
    385.19 457.60 1008.70
    395.20 457.58 1008.70
    405.20 457.57 1008.70
    415.21 457.55 1008.70
    425.21 457.54 1008.70
    435.22 457.52 1008.70
    445.22 457.51 1008.70
    455.23 457.49 1008.70
    465.23 457.48 1008.70
    475.24 457.46 1008.70
    485.24 457.44 1008.70
    495.25 457.43 1008.71
    505.25 457.41 1008.71
    515.26 457.39 1008.71
    525.26 457.37 1008.71
    535.27 457.35 1008.71
    545.27 457.33 1008.71
    555.28 457.31 1008.71
    565.28 457.29 1008.71
    575.29 457.27 1008.71
    585.29 457.25 1008.71
    595.30 457.23 1008.71
    605.30 457.21 1008.71
    615.31 457.19 1008.71
    625.31 457.17 1008.71
    635.32 457.15 1008.71
    645.32 457.12 1008.71
    655.33 457.10 1008.71
    665.33 457.08 1008.71
    675.34 457.05 1008.71
    685.34 457.03 1008.72
    695.35 457.00 1008.72
    705.35 456.98 1008.72
    715.36 456.95 1008.72
    725.36 456.93 1008.72
    735.37 456.90 1008.72
    745.37 456.88 1008.72
    755.38 456.85 1008.72
    765.38 456.82 1008.72
    775.39 456.80 1008.72
    785.39 456.77 1008.73
    795.40 456.74 1008.73
    805.40 456.71 1008.73
    815.41 456.68 1008.73
    825.41 456.65 1008.73
    835.42 456.63 1008.73
    845.42 456.60 1008.73
    855.43 456.57 1008.74
    865.43 456.54 1008.74
    875.44 456.50 1008.74
    885.44 456.47 1008.74
    895.45 456.44 1008.74
    905.45 456.41 1008.74
    915.46 456.38 1008.75
    925.46 456.35 1008.75
    935.47 456.31 1008.75
    945.47 456.28 1008.75
    955.48 456.25 1008.75
    965.48 456.21 1008.76
    975.49 456.18 1008.76
    985.49 456.14 1008.76
    995.50 456.11 1008.76
   1005.50 456.07 1008.77
   1015.51 456.04 1008.77
   1025.51 456.00 1008.77
   1035.52 455.97 1008.77
   1045.52 455.93 1008.78
   1055.53 455.89 1008.78
   1065.53 455.85 1008.78
   1075.54 455.82 1008.79
   1085.54 455.78 1008.79
   1095.55 455.74 1008.79
   1105.55 455.70 1008.80
   1115.56 455.66 1008.80
   1125.56 455.62 1008.80
   1135.57 455.58 1008.81
   1145.57 455.54 1008.81
   1155.58 455.50 1008.81
   1165.58 455.46 1008.82
   1175.59 455.42 1008.82
   1185.59 455.38 1008.83
   1195.60 455.34 1008.83
   1205.60 455.30 1008.84
   1215.61 455.25 1008.84
   1225.61 455.21 1008.85
   1235.62 455.17 1008.85
   1245.62 455.12 1008.85
   1255.63 455.08 1008.86
   1265.63 455.03 1008.87
   1275.64 454.99 1008.87
   1285.64 454.95 1008.88
   1295.65 454.90 1008.88
   1305.65 454.85 1008.89
   1315.66 454.81 1008.89
   1325.66 454.76 1008.90
   1335.67 454.72 1008.90
   1345.67 454.67 1008.91
   1355.68 454.62 1008.92
   1365.68 454.57 1008.92
   1375.69 454.53 1008.93
   1385.69 454.48 1008.94
   1395.70 454.43 1008.94
   1405.70 454.38 1008.95
   1415.71 454.33 1008.96
   1425.71 454.28 1008.97
   1435.72 454.23 1008.97
   1445.72 454.18 1008.98
   1455.73 454.13 1008.99
   1465.73 454.08 1009.00
   1475.74 454.03 1009.01
   1485.74 453.97 1009.01
   1495.75 453.92 1009.02
   1505.75 453.87 1009.03
   1515.76 453.82 1009.04
   1525.76 453.76 1009.05
   1535.77 453.71 1009.06
   1545.77 453.66 1009.07
   1555.78 453.60 1009.08
   1565.78 453.55 1009.09
   1575.79 453.49 1009.10
   1585.79 453.44 1009.11
   1595.80 453.38 1009.12
   1605.80 453.33 1009.13
   1615.81 453.27 1009.14
   1625.81 453.21 1009.15
   1635.82 453.16 1009.17
   1645.82 453.10 1009.18
   1655.83 453.04 1009.19
   1665.83 452.99 1009.20
   1675.84 452.93 1009.21
   1685.84 452.87 1009.23
   1695.85 452.81 1009.24
   1705.85 452.75 1009.25
   1715.86 452.69 1009.27
   1725.86 452.63 1009.28
   1735.87 452.57 1009.29
   1745.87 452.51 1009.31
   1755.88 452.45 1009.32
   1765.88 452.39 1009.34
   1775.89 452.33 1009.35
   1785.89 452.26 1009.37
   1795.90 452.20 1009.38
   1805.90 452.14 1009.40
   1815.91 452.08 1009.41
   1825.91 452.01 1009.43
   1835.92 451.95 1009.44
   1845.92 451.89 1009.46
   1855.93 451.82 1009.48
   1865.93 451.76 1009.50
   1875.94 451.69 1009.51
   1885.94 451.63 1009.53
   1895.95 451.56 1009.55
   1905.95 451.50 1009.57
   1915.96 451.43 1009.59
   1925.96 451.36 1009.61
   1935.97 451.30 1009.63
   1945.97 451.23 1009.65
   1955.98 451.16 1009.67
   1965.98 451.09 1009.69
   1975.99 451.03 1009.71
   1985.99 450.96 1009.73
   1996.00 450.89 1009.75
   2006.00 450.82 1009.77
   2016.01 450.75 1009.79
   2026.01 450.68 1009.82
   2036.02 450.61 1009.84
   2046.02 450.54 1009.86
   2056.03 450.47 1009.89
   2066.03 450.40 1009.91
   2076.04 450.33 1009.93
   2086.04 450.26 1009.96
   2096.05 450.18 1009.98
   2106.05 450.11 1010.01
   2116.06 450.04 1010.04
   2126.06 449.97 1010.06
   2136.07 449.89 1010.09
   2146.07 449.82 1010.12
   2156.08 449.74 1010.14
   2166.08 449.67 1010.17
   2176.09 449.60 1010.20
   2186.09 449.52 1010.23
   2196.10 449.45 1010.26
   2206.10 449.37 1010.29
   2216.11 449.29 1010.32
   2226.11 449.22 1010.35
   2236.12 449.14 1010.38
   2246.12 449.06 1010.41
   2256.13 448.99 1010.44
   2266.13 448.91 1010.47
   2276.14 448.83 1010.51
   2286.14 448.75 1010.54
   2296.15 448.67 1010.57
   2306.15 448.60 1010.61
   2316.16 448.52 1010.64
   2326.16 448.44 1010.68
   2336.17 448.36 1010.71
   2346.17 448.28 1010.75
   2356.18 448.20 1010.78
   2366.18 448.12 1010.82
   2376.19 448.04 1010.86
   2386.19 447.95 1010.90
   2396.20 447.87 1010.94
   2406.20 447.79 1010.97
   2416.21 447.71 1011.01
   2426.21 447.63 1011.05
   2436.22 447.54 1011.10
   2446.22 447.46 1011.14
   2456.23 447.38 1011.18
   2466.23 447.29 1011.22
   2476.24 447.21 1011.26
   2486.24 447.12 1011.31
   2496.25 447.04 1011.35
   2506.25 446.95 1011.40
   2516.26 446.87 1011.44
   2526.26 446.78 1011.49
   2536.27 446.70 1011.53
   2546.27 446.61 1011.58
   2556.28 446.52 1011.63
   2566.28 446.44 1011.68
   2576.29 446.35 1011.73
   2586.29 446.26 1011.78
   2596.30 446.17 1011.83
   2606.30 446.09 1011.88
   2616.31 446.00 1011.93
   2626.31 445.91 1011.98
   2636.32 445.82 1012.03
   2646.32 445.73 1012.09
   2656.33 445.64 1012.14
   2666.33 445.55 1012.20
   2676.34 445.46 1012.25
   2686.34 445.37 1012.31
   2696.35 445.28 1012.37
   2706.35 445.19 1012.42
   2716.36 445.09 1012.48
   2726.36 445.00 1012.54
   2736.37 444.91 1012.60
   2746.37 444.82 1012.66
   2756.38 444.73 1012.72
   2766.38 444.63 1012.78
   2776.39 444.54 1012.85
   2786.39 444.45 1012.91
   2796.40 444.35 1012.97
   2806.40 444.26 1013.04
   2816.41 444.16 1013.11
   2826.41 444.07 1013.17
   2836.42 443.97 1013.24
   2846.42 443.88 1013.31
   2856.43 443.78 1013.38
   2866.43 443.68 1013.45
   2876.44 443.59 1013.52
   2886.44 443.49 1013.59
   2896.45 443.39 1013.66
   2906.45 443.30 1013.73
   2916.46 443.20 1013.81
   2926.46 443.10 1013.88
   2936.47 443.00 1013.96
   2946.47 442.91 1014.03
   2956.48 442.81 1014.11
   2966.48 442.71 1014.19
   2976.49 442.61 1014.27
   2986.49 442.51 1014.35
   2996.50 442.41 1014.43
   3006.50 442.31 1014.51
   3016.51 442.21 1014.60
   3026.51 442.11 1014.68
   3036.52 442.01 1014.76
   3046.52 441.90 1014.85
   3056.53 441.80 1014.94
   3066.53 441.70 1015.02
   3076.54 441.60 1015.11
   3086.54 441.50 1015.20
   3096.55 441.39 1015.29
   3106.55 441.29 1015.39
   3116.56 441.19 1015.48
   3126.56 441.08 1015.57
   3136.57 440.98 1015.67
   3146.57 440.87 1015.76
   3156.58 440.77 1015.86
   3166.58 440.66 1015.96
   3176.59 440.56 1016.06
   3186.59 440.45 1016.16
   3196.60 440.35 1016.26
   3206.60 440.24 1016.36
   3216.61 440.14 1016.46
   3226.61 440.03 1016.57
   3236.62 439.92 1016.67
   3246.62 439.82 1016.78
   3256.63 439.71 1016.88
   3266.63 439.60 1016.99
   3276.64 439.49 1017.10
   3286.64 439.38 1017.21
   3296.65 439.28 1017.33
   3306.65 439.17 1017.44
   3316.66 439.06 1017.55
   3326.66 438.95 1017.67
   3336.67 438.84 1017.79
   3346.67 438.73 1017.91
   3356.68 438.62 1018.03
   3366.68 438.51 1018.15
   3376.69 438.40 1018.27
   3386.69 438.29 1018.39
   3396.70 438.17 1018.52
   3406.70 438.06 1018.64
   3416.71 437.95 1018.77
   3426.71 437.84 1018.90
   3436.72 437.73 1019.03
   3446.72 437.61 1019.16
   3456.73 437.50 1019.29
   3466.73 437.39 1019.42
   3476.74 437.27 1019.56
   3486.74 437.16 1019.69
   3496.75 437.04 1019.83
   3506.75 436.93 1019.97
   3516.76 436.82 1020.11
   3526.76 436.70 1020.25
   3536.77 436.59 1020.39
   3546.77 436.47 1020.54
   3556.78 436.35 1020.69
   3566.78 436.24 1020.83
   3576.79 436.12 1020.98
   3586.79 436.01 1021.13
   3596.80 435.89 1021.28
   3606.80 435.77 1021.44
   3616.81 435.65 1021.59
   3626.81 435.54 1021.75
   3636.82 435.42 1021.91
   3646.82 435.30 1022.06
   3656.83 435.18 1022.22
   3666.83 435.06 1022.39
   3676.84 434.94 1022.55
   3686.84 434.82 1022.72
   3696.85 434.71 1022.88
   3706.85 434.59 1023.05
   3716.86 434.47 1023.22
   3726.86 434.34 1023.39
   3736.87 434.22 1023.57
   3746.87 434.10 1023.74
   3756.88 433.98 1023.92
   3766.88 433.86 1024.10
   3776.89 433.74 1024.28
   3786.89 433.62 1024.46
   3796.90 433.50 1024.64
   3806.90 433.37 1024.83
   3816.91 433.25 1025.01
   3826.91 433.13 1025.20
   3836.92 433.00 1025.39
   3846.92 432.88 1025.58
   3856.93 432.76 1025.78
   3866.93 432.63 1025.97
   3876.94 432.51 1026.17
   3886.94 432.38 1026.37
   3896.95 432.26 1026.57
   3906.95 432.14 1026.77
   3916.96 432.01 1026.98
   3926.96 431.88 1027.18
   3936.97 431.76 1027.39
   3946.97 431.63 1027.60
   3956.98 431.51 1027.81
   3966.98 431.38 1028.03
   3976.99 431.25 1028.24
   3986.99 431.13 1028.46
   3997.00 431.00 1028.68
   4007.00 430.87 1028.90
   4017.01 430.74 1029.12
   4027.01 430.62 1029.35
   4037.02 430.49 1029.58
   4047.02 430.36 1029.81
   4057.03 430.23 1030.04
   4067.03 430.10 1030.27
   4077.04 429.97 1030.51
   4087.04 429.84 1030.74
   4097.05 429.71 1030.98
   4107.05 429.58 1031.22
   4117.06 429.45 1031.47
   4127.06 429.32 1031.71
   4137.07 429.19 1031.96
   4147.07 429.06 1032.21
   4157.08 428.93 1032.46
   4167.08 428.80 1032.72
   4177.09 428.67 1032.97
   4187.09 428.54 1033.23
   4197.10 428.40 1033.49
   4207.10 428.27 1033.75
   4217.11 428.14 1034.02
   4227.11 428.01 1034.29
   4237.12 427.87 1034.56
   4247.12 427.74 1034.83
   4257.13 427.61 1035.10
   4267.13 427.47 1035.38
   4277.14 427.34 1035.65
   4287.14 427.20 1035.94
   4297.15 427.07 1036.22
   4307.15 426.93 1036.50
   4317.16 426.80 1036.79
   4327.16 426.66 1037.08
   4337.17 426.53 1037.37
   4347.17 426.39 1037.67
   4357.18 426.26 1037.96
   4367.18 426.12 1038.26
   4377.19 425.98 1038.56
   4387.19 425.85 1038.87
   4397.20 425.71 1039.18
   4407.20 425.57 1039.48
   4417.21 425.44 1039.80
   4427.21 425.30 1040.11
   4437.22 425.16 1040.43
   4447.22 425.02 1040.74
   4457.23 424.89 1041.07
   4467.23 424.75 1041.39
   4477.24 424.61 1041.72
   4487.24 424.47 1042.04
   4497.25 424.33 1042.38
   4507.25 424.19 1042.71
   4517.26 424.05 1043.05
   4527.26 423.91 1043.38
   4537.27 423.77 1043.73
   4547.27 423.63 1044.07
   4557.28 423.49 1044.42
   4567.28 423.35 1044.77
   4577.29 423.21 1045.12
   4587.29 423.07 1045.47
   4597.30 422.93 1045.83
   4607.30 422.79 1046.19
   4617.31 422.64 1046.55
   4627.31 422.50 1046.92
   4637.32 422.36 1047.29
   4647.32 422.22 1047.66
   4657.33 422.08 1048.03
   4667.33 421.93 1048.41
   4677.34 421.79 1048.79
   4687.34 421.65 1049.17
   4697.35 421.50 1049.55
   4707.35 421.36 1049.94
   4717.36 421.21 1050.33
   4727.36 421.07 1050.72
   4737.37 420.93 1051.12
   4747.37 420.78 1051.52
   4757.38 420.64 1051.92
   4767.38 420.49 1052.32
   4777.39 420.35 1052.73
   4787.39 420.20 1053.14
   4797.40 420.06 1053.55
   4807.40 419.91 1053.97
   4817.41 419.76 1054.39
   4827.41 419.62 1054.81
   4837.42 419.47 1055.24
   4847.42 419.33 1055.66
   4857.43 419.18 1056.09
   4867.43 419.03 1056.53
   4877.44 418.88 1056.96
   4887.44 418.74 1057.40
   4897.45 418.59 1057.85
   4907.45 418.44 1058.29
   4917.46 418.29 1058.74
   4927.46 418.15 1059.19
   4937.47 418.00 1059.65
   4947.47 417.85 1060.11
   4957.48 417.70 1060.57
   4967.48 417.55 1061.03
   4977.49 417.40 1061.50
   4987.49 417.25 1061.97
   4997.50 417.10 1062.44
   5007.50 416.95 1062.92
   5017.51 416.80 1063.40
   5027.51 416.65 1063.88
   5037.52 416.50 1064.37
   5047.52 416.35 1064.86
   5057.53 416.20 1065.35
   5067.53 416.05 1065.84
   5077.54 415.90 1066.34
   5087.54 415.75 1066.84
   5097.55 415.60 1067.35
   5107.55 415.44 1067.86
   5117.56 415.29 1068.37
   5127.56 415.14 1068.88
   5137.57 414.99 1069.40
   5147.57 414.83 1069.92
   5157.58 414.68 1070.45
   5167.58 414.53 1070.98
   5177.59 414.38 1071.51
   5187.59 414.22 1072.04
   5197.60 414.07 1072.58
   5207.60 413.92 1073.12
   5217.61 413.76 1073.66
   5227.61 413.61 1074.21
   5237.62 413.45 1074.76
   5247.62 413.30 1075.32
   5257.63 413.14 1075.88
   5267.63 412.99 1076.44
   5277.64 412.84 1077.00
   5287.64 412.68 1077.57
   5297.65 412.53 1078.14
   5307.65 412.37 1078.72
   5317.66 412.21 1079.30
   5327.66 412.06 1079.88
   5337.67 411.90 1080.46
   5347.67 411.75 1081.05
   5357.68 411.59 1081.64
   5367.68 411.43 1082.24
   5377.69 411.28 1082.84
   5387.69 411.12 1083.44
   5397.70 410.96 1084.05
   5407.70 410.81 1084.65
   5417.71 410.65 1085.27
   5427.71 410.49 1085.88
   5437.72 410.33 1086.50
   5447.72 410.17 1087.13
   5457.73 410.02 1087.75
   5467.73 409.86 1088.39
   5477.74 409.70 1089.02
   5487.74 409.54 1089.66
   5497.75 409.38 1090.30
   5507.75 409.22 1090.94
   5517.76 409.06 1091.59
   5527.76 408.91 1092.24
   5537.77 408.75 1092.90
   5547.77 408.59 1093.56
   5557.78 408.43 1094.22
   5567.78 408.27 1094.89
   5577.79 408.11 1095.56
   5587.79 407.95 1096.23
   5597.80 407.79 1096.91
   5607.80 407.63 1097.59
   5617.81 407.46 1098.27
   5627.81 407.30 1098.96
   5637.82 407.14 1099.65
   5647.82 406.98 1100.34
   5657.83 406.82 1101.04
   5667.83 406.66 1101.75
   5677.84 406.50 1102.45
   5687.84 406.34 1103.16
   5697.85 406.17 1103.87
   5707.85 406.01 1104.59
   5717.86 405.85 1105.31
   5727.86 405.69 1106.04
   5737.87 405.52 1106.76
   5747.87 405.36 1107.50
   5757.88 405.20 1108.23
   5767.88 405.04 1108.97
   5777.89 404.87 1109.71
   5787.89 404.71 1110.46
   5797.90 404.55 1111.21
   5807.90 404.38 1111.96
   5817.91 404.22 1112.72
   5827.91 404.05 1113.48
   5837.92 403.89 1114.25
   5847.92 403.73 1115.02
   5857.93 403.56 1115.79
   5867.93 403.40 1116.56
   5877.94 403.23 1117.34
   5887.94 403.07 1118.13
   5897.95 402.90 1118.92
   5907.95 402.74 1119.71
   5917.96 402.57 1120.50
   5927.96 402.41 1121.30
   5937.97 402.24 1122.10
   5947.97 402.07 1122.91
   5957.98 401.91 1123.72
   5967.98 401.74 1124.53
   5977.99 401.58 1125.35
   5987.99 401.41 1126.17
   5998.00 401.24 1126.99
   6008.00 401.08 1127.82
   6018.01 400.91 1128.65
   6028.01 400.74 1129.49
   6038.02 400.58 1130.33
   6048.02 400.41 1131.17
   6058.03 400.24 1132.02
   6068.03 400.08 1132.87
   6078.04 399.91 1133.73
   6088.04 399.74 1134.59
   6098.05 399.57 1135.45
   6108.05 399.40 1136.31
   6118.06 399.24 1137.18
   6128.06 399.07 1138.06
   6138.07 398.90 1138.93
   6148.07 398.73 1139.82
   6158.08 398.56 1140.70
   6168.08 398.39 1141.59
   6178.09 398.23 1142.48
   6188.09 398.06 1143.38
   6198.10 397.89 1144.28
   6208.10 397.72 1145.18
   6218.11 397.55 1146.09
   6228.11 397.38 1147.00
   6238.12 397.21 1147.91
   6248.12 397.04 1148.83
   6258.13 396.87 1149.76
   6268.13 396.70 1150.68
   6278.14 396.53 1151.61
   6288.14 396.36 1152.55
   6298.15 396.19 1153.48
   6308.15 396.02 1154.43
   6318.16 395.85 1155.37
   6328.16 395.68 1156.32
   6338.17 395.51 1157.27
   6348.17 395.34 1158.23
   6358.18 395.17 1159.19
   6368.18 394.99 1160.15
   6378.19 394.82 1161.12
   6388.19 394.65 1162.09
   6398.20 394.48 1163.07
   6408.20 394.31 1164.05
   6418.21 394.14 1165.03
   6428.21 393.97 1166.01
   6438.22 393.79 1167.00
   6448.22 393.62 1168.00
   6458.23 393.45 1169.00
   6468.23 393.28 1170.00
   6478.24 393.10 1171.00
   6488.24 392.93 1172.01
   6498.25 392.76 1173.02
   6508.25 392.59 1174.04
   6518.26 392.41 1175.06
   6528.26 392.24 1176.08
   6538.27 392.07 1177.11
   6548.27 391.90 1178.14
   6558.28 391.72 1179.17
   6568.28 391.55 1180.21
   6578.29 391.38 1181.26
   6588.29 391.20 1182.30
   6598.30 391.03 1183.35
   6608.30 390.85 1184.40
   6618.31 390.68 1185.46
   6628.31 390.51 1186.52
   6638.32 390.33 1187.58
   6648.32 390.16 1188.65
   6658.33 389.98 1189.72
   6668.33 389.81 1190.80
   6678.34 389.64 1191.88
   6688.34 389.46 1192.96
   6698.35 389.29 1194.04
   6708.35 389.11 1195.13
   6718.36 388.94 1196.22
   6728.36 388.76 1197.32
   6738.37 388.59 1198.42
   6748.37 388.41 1199.52
   6758.38 388.24 1200.63
   6768.38 388.06 1201.74
   6778.39 387.89 1202.86
   6788.39 387.71 1203.97
   6798.40 387.53 1205.10
   6808.40 387.36 1206.22
   6818.41 387.18 1207.35
   6828.41 387.01 1208.48
   6838.42 386.83 1209.62
   6848.42 386.66 1210.76
   6858.43 386.48 1211.90
   6868.43 386.30 1213.04
   6878.44 386.13 1214.19
   6888.44 385.95 1215.35
   6898.45 385.77 1216.50
   6908.45 385.60 1217.66
   6918.46 385.42 1218.83
   6928.46 385.24 1219.99
   6938.47 385.07 1221.16
   6948.47 384.89 1222.34
   6958.48 384.71 1223.51
   6968.48 384.54 1224.69
   6978.49 384.36 1225.88
   6988.49 384.18 1227.06
   6998.50 384.01 1228.25
   7008.50 383.83 1229.45
   7018.51 383.65 1230.65
   7028.51 383.47 1231.85
   7038.52 383.30 1233.05
   7048.52 383.12 1234.26
   7058.53 382.94 1235.47
   7068.53 382.76 1236.68
   7078.54 382.58 1237.90
   7088.54 382.41 1239.12
   7098.55 382.23 1240.34
   7108.55 382.05 1241.57
   7118.56 381.87 1242.80
   7128.56 381.69 1244.03
   7138.57 381.52 1245.27
   7148.57 381.34 1246.51
   7158.58 381.16 1247.75
   7168.58 380.98 1249.00
   7178.59 380.80 1250.24
   7188.59 380.62 1251.50
   7198.60 380.45 1252.75
   7208.60 380.27 1254.01
   7218.61 380.09 1255.27
   7228.61 379.91 1256.54
   7238.62 379.73 1257.80
   7248.62 379.55 1259.08
   7258.63 379.37 1260.35
   7268.63 379.19 1261.63
   7278.64 379.01 1262.91
   7288.64 378.83 1264.19
   7298.65 378.66 1265.47
   7308.65 378.48 1266.76
   7318.66 378.30 1268.06
   7328.66 378.12 1269.35
   7338.67 377.94 1270.65
   7348.67 377.76 1271.95
   7358.68 377.58 1273.25
   7368.68 377.40 1274.56
   7378.69 377.22 1275.87
   7388.69 377.04 1277.18
   7398.70 376.86 1278.50
   7408.70 376.68 1279.82
   7418.71 376.50 1281.14
   7428.71 376.32 1282.46
   7438.72 376.14 1283.79
   7448.72 375.96 1285.12
   7458.73 375.78 1286.45
   7468.73 375.60 1287.79
   7478.74 375.42 1289.13
   7488.74 375.24 1290.47
   7498.75 375.06 1291.81
   7508.75 374.88 1293.16
   7518.76 374.70 1294.51
   7528.76 374.52 1295.86
   7538.77 374.34 1297.22
   7548.77 374.16 1298.58
   7558.78 373.97 1299.94
   7568.78 373.79 1301.30
   7578.79 373.61 1302.67
   7588.79 373.43 1304.04
   7598.80 373.25 1305.41
   7608.80 373.07 1306.78
   7618.81 372.89 1308.16
   7628.81 372.71 1309.54
   7638.82 372.53 1310.92
   7648.82 372.35 1312.31
   7658.83 372.17 1313.70
   7668.83 371.99 1315.09
   7678.84 371.80 1316.48
   7688.84 371.62 1317.87
   7698.85 371.44 1319.27
   7708.85 371.26 1320.67
   7718.86 371.08 1322.07
   7728.86 370.90 1323.48
   7738.87 370.72 1324.89
   7748.87 370.54 1326.30
   7758.88 370.35 1327.71
   7768.88 370.17 1329.12
   7778.89 369.99 1330.54
   7788.89 369.81 1331.96
   7798.90 369.63 1333.38
   7808.90 369.45 1334.81
   7818.91 369.26 1336.23
   7828.91 369.08 1337.66
   7838.92 368.90 1339.09
   7848.92 368.72 1340.53
   7858.93 368.54 1341.96
   7868.93 368.36 1343.40
   7878.94 368.17 1344.84
   7888.94 367.99 1346.28
   7898.95 367.81 1347.73
   7908.95 367.63 1349.17
   7918.96 367.45 1350.62
   7928.96 367.27 1352.07
   7938.97 367.08 1353.53
   7948.97 366.90 1354.98
   7958.98 366.72 1356.44
   7968.98 366.54 1357.90
   7978.99 366.36 1359.36
   7988.99 366.17 1360.82
   7999.00 365.99 1362.28
   8009.00 365.81 1363.75
   8019.01 365.63 1365.22
   8029.01 365.45 1366.69
   8039.02 365.26 1368.16
   8049.02 365.08 1369.64
   8059.03 364.90 1371.11
   8069.03 364.72 1372.59
   8079.04 364.54 1374.07
   8089.04 364.35 1375.55
   8099.05 364.17 1377.04
   8109.05 363.99 1378.52
   8119.06 363.81 1380.01
   8129.06 363.62 1381.50
   8139.07 363.44 1382.99
   8149.07 363.26 1384.48
   8159.08 363.08 1385.97
   8169.08 362.90 1387.47
   8179.09 362.71 1388.96
   8189.09 362.53 1390.46
   8199.10 362.35 1391.96
   8209.10 362.17 1393.47
   8219.11 361.98 1394.97
   8229.11 361.80 1396.47
   8239.12 361.62 1397.98
   8249.12 361.44 1399.49
   8259.13 361.26 1401.00
   8269.13 361.07 1402.51
   8279.14 360.89 1404.02
   8289.14 360.71 1405.53
   8299.15 360.53 1407.05
   8309.15 360.34 1408.56
   8319.16 360.16 1410.08
   8329.16 359.98 1411.60
   8339.17 359.80 1413.12
   8349.17 359.62 1414.64
   8359.18 359.43 1416.16
   8369.18 359.25 1417.69
   8379.19 359.07 1419.21
   8389.19 358.89 1420.74
   8399.20 358.70 1422.26
   8409.20 358.52 1423.79
   8419.21 358.34 1425.32
   8429.21 358.16 1426.85
   8439.22 357.97 1428.38
   8449.22 357.79 1429.91
   8459.23 357.61 1431.44
   8469.23 357.43 1432.98
   8479.24 357.25 1434.51
   8489.24 357.06 1436.05
   8499.25 356.88 1437.58
   8509.25 356.70 1439.12
   8519.26 356.52 1440.66
   8529.26 356.33 1442.20
   8539.27 356.15 1443.74
   8549.27 355.97 1445.28
   8559.28 355.79 1446.82
   8569.28 355.61 1448.36
   8579.29 355.42 1449.90
   8589.29 355.24 1451.45
   8599.30 355.06 1452.99
   8609.30 354.88 1454.53
   8619.31 354.70 1456.08
   8629.31 354.51 1457.62
   8639.32 354.33 1459.17
   8649.32 354.15 1460.72
   8659.33 353.97 1462.27
   8669.33 353.79 1463.81
   8679.34 353.60 1465.36
   8689.34 353.42 1466.91
   8699.35 353.24 1468.47
   8709.35 353.06 1470.02
   8719.36 352.88 1471.57
   8729.36 352.69 1473.13
   8739.37 352.51 1474.69
   8749.37 352.33 1476.25
   8759.38 352.15 1477.81
   8769.38 351.97 1479.38
   8779.39 351.79 1480.95
   8789.39 351.60 1482.52
   8799.40 351.42 1484.09
   8809.40 351.24 1485.66
   8819.41 351.06 1487.24
   8829.41 350.88 1488.82
   8839.42 350.70 1490.40
   8849.42 350.52 1491.99
   8859.43 350.33 1493.57
   8869.43 350.15 1495.16
   8879.44 349.97 1496.75
   8889.44 349.79 1498.35
   8899.45 349.61 1499.94
   8909.45 349.43 1501.54
   8919.46 349.25 1503.14
   8929.46 349.06 1504.74
   8939.47 348.88 1506.34
   8949.47 348.70 1507.95
   8959.48 348.52 1509.56
   8969.48 348.34 1511.17
   8979.49 348.16 1512.78
   8989.49 347.98 1514.39
   8999.50 347.80 1516.00
   9009.50 347.62 1517.62
   9019.51 347.43 1519.24
   9029.51 347.25 1520.86
   9039.52 347.07 1522.48
   9049.52 346.89 1524.10
   9059.53 346.71 1525.73
   9069.53 346.53 1527.36
   9079.54 346.35 1528.98
   9089.54 346.17 1530.61
   9099.55 345.99 1532.25
   9109.55 345.81 1533.88
   9119.56 345.63 1535.51
   9129.56 345.45 1537.15
   9139.57 345.27 1538.79
   9149.57 345.09 1540.43
   9159.58 344.91 1542.07
   9169.58 344.73 1543.71
   9179.59 344.55 1545.35
   9189.59 344.37 1546.99
   9199.60 344.19 1548.64
   9209.60 344.01 1550.28
   9219.61 343.82 1551.93
   9229.61 343.64 1553.58
   9239.62 343.47 1555.23
   9249.62 343.29 1556.88
   9259.63 343.11 1558.53
   9269.63 342.93 1560.19
   9279.64 342.75 1561.84
   9289.64 342.57 1563.49
   9299.65 342.39 1565.15
   9309.65 342.21 1566.80
   9319.66 342.03 1568.46
   9329.66 341.85 1570.12
   9339.67 341.67 1571.78
   9349.67 341.49 1573.44
   9359.68 341.31 1575.10
   9369.68 341.13 1576.76
   9379.69 340.95 1578.42
   9389.69 340.77 1580.08
   9399.70 340.59 1581.74
   9409.70 340.41 1583.41
   9419.71 340.24 1585.07
   9429.71 340.06 1586.73
   9439.72 339.88 1588.40
   9449.72 339.70 1590.06
   9459.73 339.52 1591.73
   9469.73 339.34 1593.39
   9479.74 339.16 1595.06
   9489.74 338.98 1596.72
   9499.75 338.81 1598.39
   9509.75 338.63 1600.06
   9519.76 338.45 1601.72
   9529.76 338.27 1603.39
   9539.77 338.09 1605.06
   9549.77 337.91 1606.72
   9559.78 337.74 1608.39
   9569.78 337.56 1610.05
   9579.79 337.38 1611.72
   9589.79 337.20 1613.39
   9599.80 337.02 1615.05
   9609.80 336.85 1616.72
   9619.81 336.67 1618.38
   9629.81 336.49 1620.05
   9639.82 336.31 1621.72
   9649.82 336.14 1623.38
   9659.83 335.96 1625.04
   9669.83 335.78 1626.71
   9679.84 335.60 1628.37
   9689.84 335.43 1630.04
   9699.85 335.25 1631.70
   9709.85 335.07 1633.36
   9719.86 334.90 1635.02
   9729.86 334.72 1636.68
   9739.87 334.54 1638.34
   9749.87 334.37 1640.00
   9759.88 334.19 1641.66
   9769.88 334.01 1643.32
   9779.89 333.84 1644.98
   9789.89 333.66 1646.64
   9799.90 333.48 1648.29
   9809.90 333.31 1649.95
   9819.91 333.13 1651.60
   9829.91 332.95 1653.26
   9839.92 332.78 1654.91
   9849.92 332.60 1656.56
   9859.93 332.43 1658.21
   9869.93 332.25 1659.86
   9879.94 332.07 1661.51
   9889.94 331.90 1663.16
   9899.95 331.72 1664.80
   9909.95 331.55 1666.45
   9919.96 331.37 1668.09
   9929.96 331.20 1669.74
   9939.97 331.02 1671.38
   9949.97 330.85 1673.02
   9959.98 330.67 1674.66
   9969.98 330.50 1676.29
   9979.99 330.32 1677.93
   9989.99 330.15 1679.57
  10000.00 329.97 1681.20
