 -10000.00 210.43 1681.20
  -9989.99 210.46 1679.57
  -9979.99 210.49 1677.93
  -9969.98 210.52 1676.29
  -9959.98 210.55 1674.66
  -9949.97 210.58 1673.02
  -9939.97 210.62 1671.38
  -9929.96 210.65 1669.74
  -9919.96 210.68 1668.09
  -9909.95 210.71 1666.45
  -9899.95 210.74 1664.80
  -9889.94 210.77 1663.16
  -9879.94 210.80 1661.51
  -9869.93 210.83 1659.86
  -9859.93 210.86 1658.21
  -9849.92 210.89 1656.56
  -9839.92 210.92 1654.91
  -9829.91 210.95 1653.26
  -9819.91 210.98 1651.60
  -9809.90 211.01 1649.95
  -9799.90 211.04 1648.29
  -9789.89 211.07 1646.64
  -9779.89 211.10 1644.98
  -9769.88 211.13 1643.32
  -9759.88 211.16 1641.66
  -9749.87 211.19 1640.00
  -9739.87 211.22 1638.34
  -9729.86 211.25 1636.68
  -9719.86 211.28 1635.02
  -9709.85 211.31 1633.36
  -9699.85 211.34 1631.70
  -9689.84 211.37 1630.04
  -9679.84 211.41 1628.37
  -9669.83 211.44 1626.71
  -9659.83 211.47 1625.04
  -9649.82 211.50 1623.38
  -9639.82 211.53 1621.72
  -9629.81 211.56 1620.05
  -9619.81 211.59 1618.38
  -9609.80 211.62 1616.72
  -9599.80 211.64 1615.05
  -9589.79 211.67 1613.39
  -9579.79 211.70 1611.72
  -9569.78 211.73 1610.05
  -9559.78 211.76 1608.39
  -9549.77 211.79 1606.72
  -9539.77 211.82 1605.06
  -9529.76 211.85 1603.39
  -9519.76 211.88 1601.72
  -9509.75 211.91 1600.06
  -9499.75 211.94 1598.39
  -9489.74 211.97 1596.72
  -9479.74 212.00 1595.06
  -9469.73 212.03 1593.39
  -9459.73 212.06 1591.73
  -9449.72 212.09 1590.06
  -9439.72 212.12 1588.40
  -9429.71 212.15 1586.73
  -9419.71 212.18 1585.07
  -9409.70 212.21 1583.41
  -9399.70 212.24 1581.74
  -9389.69 212.27 1580.08
  -9379.69 212.30 1578.42
  -9369.68 212.33 1576.76
  -9359.68 212.36 1575.10
  -9349.67 212.38 1573.44
  -9339.67 212.41 1571.78
  -9329.66 212.44 1570.12
  -9319.66 212.47 1568.46
  -9309.65 212.50 1566.80
  -9299.65 212.53 1565.15
  -9289.64 212.56 1563.49
  -9279.64 212.59 1561.84
  -9269.63 212.62 1560.19
  -9259.63 212.65 1558.53
  -9249.62 212.68 1556.88
  -9239.62 212.71 1555.23
  -9229.61 212.73 1553.58
  -9219.61 212.76 1551.93
  -9209.60 212.79 1550.28
  -9199.60 212.82 1548.64
  -9189.59 212.85 1546.99
  -9179.59 212.88 1545.35
  -9169.58 212.91 1543.71
  -9159.58 212.94 1542.07
  -9149.57 212.97 1540.43
  -9139.57 212.99 1538.79
  -9129.56 213.02 1537.15
  -9119.56 213.05 1535.51
  -9109.55 213.08 1533.88
  -9099.55 213.11 1532.25
  -9089.54 213.14 1530.61
  -9079.54 213.17 1528.98
  -9069.53 213.19 1527.36
  -9059.53 213.22 1525.73
  -9049.52 213.25 1524.10
  -9039.52 213.28 1522.48
  -9029.51 213.31 1520.86
  -9019.51 213.34 1519.24
  -9009.50 213.37 1517.62
  -8999.50 213.39 1516.00
  -8989.49 213.42 1514.39
  -8979.49 213.45 1512.78
  -8969.48 213.48 1511.17
  -8959.48 213.51 1509.56
  -8949.47 213.54 1507.95
  -8939.47 213.56 1506.34
  -8929.46 213.59 1504.74
  -8919.46 213.62 1503.14
  -8909.45 213.65 1501.54
  -8899.45 213.68 1499.94
  -8889.44 213.70 1498.35
  -8879.44 213.73 1496.75
  -8869.43 213.76 1495.16
  -8859.43 213.79 1493.57
  -8849.42 213.82 1491.99
  -8839.42 213.85 1490.40
  -8829.41 213.87 1488.82
  -8819.41 213.90 1487.24
  -8809.40 213.93 1485.66
  -8799.40 213.96 1484.09
  -8789.39 213.98 1482.52
  -8779.39 214.01 1480.95
  -8769.38 214.04 1479.38
  -8759.38 214.07 1477.81
  -8749.37 214.10 1476.25
  -8739.37 214.12 1474.69
  -8729.36 214.15 1473.13
  -8719.36 214.18 1471.57
  -8709.35 214.21 1470.02
  -8699.35 214.23 1468.47
  -8689.34 214.26 1466.91
  -8679.34 214.29 1465.36
  -8669.33 214.32 1463.81
  -8659.33 214.34 1462.27
  -8649.32 214.37 1460.72
  -8639.32 214.40 1459.17
  -8629.31 214.43 1457.62
  -8619.31 214.45 1456.08
  -8609.30 214.48 1454.53
  -8599.30 214.51 1452.99
  -8589.29 214.54 1451.45
  -8579.29 214.56 1449.90
  -8569.28 214.59 1448.36
  -8559.28 214.62 1446.82
  -8549.27 214.65 1445.28
  -8539.27 214.67 1443.74
  -8529.26 214.70 1442.20
  -8519.26 214.73 1440.66
  -8509.25 214.75 1439.12
  -8499.25 214.78 1437.58
  -8489.24 214.81 1436.05
  -8479.24 214.84 1434.51
  -8469.23 214.86 1432.98
  -8459.23 214.89 1431.44
  -8449.22 214.92 1429.91
  -8439.22 214.94 1428.38
  -8429.21 214.97 1426.85
  -8419.21 215.00 1425.32
  -8409.20 215.02 1423.79
  -8399.20 215.05 1422.26
  -8389.19 215.08 1420.74
  -8379.19 215.10 1419.21
  -8369.18 215.13 1417.69
  -8359.18 215.16 1416.16
  -8349.17 215.18 1414.64
  -8339.17 215.21 1413.12
  -8329.16 215.24 1411.60
  -8319.16 215.26 1410.08
  -8309.15 215.29 1408.56
  -8299.15 215.32 1407.05
  -8289.14 215.34 1405.53
  -8279.14 215.37 1404.02
  -8269.13 215.40 1402.51
  -8259.13 215.42 1401.00
  -8249.12 215.45 1399.49
  -8239.12 215.48 1397.98
  -8229.11 215.50 1396.47
  -8219.11 215.53 1394.97
  -8209.10 215.56 1393.47
  -8199.10 215.58 1391.96
  -8189.09 215.61 1390.46
  -8179.09 215.63 1388.96
  -8169.08 215.66 1387.47
  -8159.08 215.69 1385.97
  -8149.07 215.71 1384.48
  -8139.07 215.74 1382.99
  -8129.06 215.77 1381.50
  -8119.06 215.79 1380.01
  -8109.05 215.82 1378.52
  -8099.05 215.84 1377.04
  -8089.04 215.87 1375.55
  -8079.04 215.90 1374.07
  -8069.03 215.92 1372.59
  -8059.03 215.95 1371.11
  -8049.02 215.97 1369.64
  -8039.02 216.00 1368.16
  -8029.01 216.02 1366.69
  -8019.01 216.05 1365.22
  -8009.00 216.08 1363.75
  -7999.00 216.10 1362.28
  -7988.99 216.13 1360.82
  -7978.99 216.15 1359.36
  -7968.98 216.18 1357.90
  -7958.98 216.20 1356.44
  -7948.97 216.23 1354.98
  -7938.97 216.26 1353.53
  -7928.96 216.28 1352.07
  -7918.96 216.31 1350.62
  -7908.95 216.33 1349.17
  -7898.95 216.36 1347.73
  -7888.94 216.38 1346.28
  -7878.94 216.41 1344.84
  -7868.93 216.43 1343.40
  -7858.93 216.46 1341.96
  -7848.92 216.48 1340.53
  -7838.92 216.51 1339.09
  -7828.91 216.54 1337.66
  -7818.91 216.56 1336.23
  -7808.90 216.59 1334.81
  -7798.90 216.61 1333.38
  -7788.89 216.64 1331.96
  -7778.89 216.66 1330.54
  -7768.88 216.69 1329.12
  -7758.88 216.71 1327.71
  -7748.87 216.74 1326.30
  -7738.87 216.76 1324.89
  -7728.86 216.79 1323.48
  -7718.86 216.81 1322.07
  -7708.85 216.84 1320.67
  -7698.85 216.86 1319.27
  -7688.84 216.89 1317.87
  -7678.84 216.91 1316.48
  -7668.83 216.94 1315.09
  -7658.83 216.96 1313.70
  -7648.82 216.99 1312.31
  -7638.82 217.01 1310.92
  -7628.81 217.04 1309.54
  -7618.81 217.06 1308.16
  -7608.80 217.08 1306.78
  -7598.80 217.11 1305.41
  -7588.79 217.13 1304.04
  -7578.79 217.16 1302.67
  -7568.78 217.18 1301.30
  -7558.78 217.21 1299.94
  -7548.77 217.23 1298.58
  -7538.77 217.26 1297.22
  -7528.76 217.28 1295.86
  -7518.76 217.30 1294.51
  -7508.75 217.33 1293.16
  -7498.75 217.35 1291.81
  -7488.74 217.38 1290.47
  -7478.74 217.40 1289.13
  -7468.73 217.43 1287.79
  -7458.73 217.45 1286.45
  -7448.72 217.47 1285.12
  -7438.72 217.50 1283.79
  -7428.71 217.52 1282.46
  -7418.71 217.55 1281.14
  -7408.70 217.57 1279.82
  -7398.70 217.60 1278.50
  -7388.69 217.62 1277.18
  -7378.69 217.64 1275.87
  -7368.68 217.67 1274.56
  -7358.68 217.69 1273.25
  -7348.67 217.72 1271.95
  -7338.67 217.74 1270.65
  -7328.66 217.76 1269.35
  -7318.66 217.79 1268.06
  -7308.65 217.81 1266.76
  -7298.65 217.83 1265.47
  -7288.64 217.86 1264.19
  -7278.64 217.88 1262.91
  -7268.63 217.91 1261.63
  -7258.63 217.93 1260.35
  -7248.62 217.95 1259.08
  -7238.62 217.98 1257.80
  -7228.61 218.00 1256.54
  -7218.61 218.02 1255.27
  -7208.60 218.05 1254.01
  -7198.60 218.07 1252.75
  -7188.59 218.09 1251.50
  -7178.59 218.12 1250.24
  -7168.58 218.14 1249.00
  -7158.58 218.16 1247.75
  -7148.57 218.19 1246.51
  -7138.57 218.21 1245.27
  -7128.56 218.23 1244.03
  -7118.56 218.26 1242.80
  -7108.55 218.28 1241.57
  -7098.55 218.30 1240.34
  -7088.54 218.33 1239.12
  -7078.54 218.35 1237.90
  -7068.53 218.37 1236.68
  -7058.53 218.40 1235.47
  -7048.52 218.42 1234.26
  -7038.52 218.44 1233.05
  -7028.51 218.46 1231.85
  -7018.51 218.49 1230.65
  -7008.50 218.51 1229.45
  -6998.50 218.53 1228.25
  -6988.49 218.56 1227.06
  -6978.49 218.58 1225.88
  -6968.48 218.60 1224.69
  -6958.48 218.63 1223.51
  -6948.47 218.65 1222.34
  -6938.47 218.67 1221.16
  -6928.46 218.69 1219.99
  -6918.46 218.72 1218.83
  -6908.45 218.74 1217.66
  -6898.45 218.76 1216.50
  -6888.44 218.78 1215.35
  -6878.44 218.81 1214.19
  -6868.43 218.83 1213.04
  -6858.43 218.85 1211.90
  -6848.42 218.87 1210.76
  -6838.42 218.90 1209.62
  -6828.41 218.92 1208.48
  -6818.41 218.94 1207.35
  -6808.40 218.96 1206.22
  -6798.40 218.99 1205.10
  -6788.39 219.01 1203.97
  -6778.39 219.03 1202.86
  -6768.38 219.05 1201.74
  -6758.38 219.07 1200.63
  -6748.37 219.10 1199.52
  -6738.37 219.12 1198.42
  -6728.36 219.14 1197.32
  -6718.36 219.16 1196.22
  -6708.35 219.18 1195.13
  -6698.35 219.21 1194.04
  -6688.34 219.23 1192.96
  -6678.34 219.25 1191.88
  -6668.33 219.27 1190.80
  -6658.33 219.29 1189.72
  -6648.32 219.32 1188.65
  -6638.32 219.34 1187.58
  -6628.31 219.36 1186.52
  -6618.31 219.38 1185.46
  -6608.30 219.40 1184.40
  -6598.30 219.43 1183.35
  -6588.29 219.45 1182.30
  -6578.29 219.47 1181.26
  -6568.28 219.49 1180.21
  -6558.28 219.51 1179.17
  -6548.27 219.53 1178.14
  -6538.27 219.55 1177.11
  -6528.26 219.58 1176.08
  -6518.26 219.60 1175.06
  -6508.25 219.62 1174.04
  -6498.25 219.64 1173.02
  -6488.24 219.66 1172.01
  -6478.24 219.68 1171.00
  -6468.23 219.70 1170.00
  -6458.23 219.73 1169.00
  -6448.22 219.75 1168.00
  -6438.22 219.77 1167.00
  -6428.21 219.79 1166.01
  -6418.21 219.81 1165.03
  -6408.20 219.83 1164.05
  -6398.20 219.85 1163.07
  -6388.19 219.87 1162.09
  -6378.19 219.90 1161.12
  -6368.18 219.92 1160.15
  -6358.18 219.94 1159.19
  -6348.17 219.96 1158.23
  -6338.17 219.98 1157.27
  -6328.16 220.00 1156.32
  -6318.16 220.02 1155.37
  -6308.15 220.04 1154.43
  -6298.15 220.06 1153.48
  -6288.14 220.08 1152.55
  -6278.14 220.10 1151.61
  -6268.13 220.12 1150.68
  -6258.13 220.15 1149.76
  -6248.12 220.17 1148.83
  -6238.12 220.19 1147.91
  -6228.11 220.21 1147.00
  -6218.11 220.23 1146.09
  -6208.10 220.25 1145.18
  -6198.10 220.27 1144.28
  -6188.09 220.29 1143.38
  -6178.09 220.31 1142.48
  -6168.08 220.33 1141.59
  -6158.08 220.35 1140.70
  -6148.07 220.37 1139.82
  -6138.07 220.39 1138.93
  -6128.06 220.41 1138.06
  -6118.06 220.43 1137.18
  -6108.05 220.45 1136.31
  -6098.05 220.47 1135.45
  -6088.04 220.49 1134.59
  -6078.04 220.51 1133.73
  -6068.03 220.53 1132.87
  -6058.03 220.55 1132.02
  -6048.02 220.57 1131.17
  -6038.02 220.59 1130.33
  -6028.01 220.61 1129.49
  -6018.01 220.63 1128.65
  -6008.00 220.65 1127.82
  -5998.00 220.67 1126.99
  -5987.99 220.69 1126.17
  -5977.99 220.71 1125.35
  -5967.98 220.73 1124.53
  -5957.98 220.75 1123.72
  -5947.97 220.77 1122.91
  -5937.97 220.79 1122.10
  -5927.96 220.81 1121.30
  -5917.96 220.83 1120.50
  -5907.95 220.85 1119.71
  -5897.95 220.87 1118.92
  -5887.94 220.89 1118.13
  -5877.94 220.91 1117.34
  -5867.93 220.93 1116.56
  -5857.93 220.95 1115.79
  -5847.92 220.97 1115.02
  -5837.92 220.99 1114.25
  -5827.91 221.01 1113.48
  -5817.91 221.03 1112.72
  -5807.90 221.05 1111.96
  -5797.90 221.06 1111.21
  -5787.89 221.08 1110.46
  -5777.89 221.10 1109.71
  -5767.88 221.12 1108.97
  -5757.88 221.14 1108.23
  -5747.87 221.16 1107.50
  -5737.87 221.18 1106.76
  -5727.86 221.20 1106.04
  -5717.86 221.22 1105.31
  -5707.85 221.24 1104.59
  -5697.85 221.26 1103.87
  -5687.84 221.27 1103.16
  -5677.84 221.29 1102.45
  -5667.83 221.31 1101.75
  -5657.83 221.33 1101.04
  -5647.82 221.35 1100.34
  -5637.82 221.37 1099.65
  -5627.81 221.39 1098.96
  -5617.81 221.41 1098.27
  -5607.80 221.42 1097.59
  -5597.80 221.44 1096.91
  -5587.79 221.46 1096.23
  -5577.79 221.48 1095.56
  -5567.78 221.50 1094.89
  -5557.78 221.52 1094.22
  -5547.77 221.54 1093.56
  -5537.77 221.55 1092.90
  -5527.76 221.57 1092.24
  -5517.76 221.59 1091.59
  -5507.75 221.61 1090.94
  -5497.75 221.63 1090.30
  -5487.74 221.65 1089.66
  -5477.74 221.67 1089.02
  -5467.73 221.68 1088.39
  -5457.73 221.70 1087.75
  -5447.72 221.72 1087.13
  -5437.72 221.74 1086.50
  -5427.71 221.76 1085.88
  -5417.71 221.77 1085.27
  -5407.70 221.79 1084.65
  -5397.70 221.81 1084.05
  -5387.69 221.83 1083.44
  -5377.69 221.85 1082.84
  -5367.68 221.86 1082.24
  -5357.68 221.88 1081.64
  -5347.67 221.90 1081.05
  -5337.67 221.92 1080.46
  -5327.66 221.94 1079.88
  -5317.66 221.95 1079.30
  -5307.65 221.97 1078.72
  -5297.65 221.99 1078.14
  -5287.64 222.01 1077.57
  -5277.64 222.02 1077.00
  -5267.63 222.04 1076.44
  -5257.63 222.06 1075.88
  -5247.62 222.08 1075.32
  -5237.62 222.09 1074.76
  -5227.61 222.11 1074.21
  -5217.61 222.13 1073.66
  -5207.60 222.15 1073.12
  -5197.60 222.16 1072.58
  -5187.59 222.18 1072.04
  -5177.59 222.20 1071.51
  -5167.58 222.22 1070.98
  -5157.58 222.23 1070.45
  -5147.57 222.25 1069.92
  -5137.57 222.27 1069.40
  -5127.56 222.29 1068.88
  -5117.56 222.30 1068.37
  -5107.55 222.32 1067.86
  -5097.55 222.34 1067.35
  -5087.54 222.35 1066.84
  -5077.54 222.37 1066.34
  -5067.53 222.39 1065.84
  -5057.53 222.41 1065.35
  -5047.52 222.42 1064.86
  -5037.52 222.44 1064.37
  -5027.51 222.46 1063.88
  -5017.51 222.47 1063.40
  -5007.50 222.49 1062.92
  -4997.50 222.51 1062.44
  -4987.49 222.52 1061.97
  -4977.49 222.54 1061.50
  -4967.48 222.56 1061.03
  -4957.48 222.57 1060.57
  -4947.47 222.59 1060.11
  -4937.47 222.61 1059.65
  -4927.46 222.62 1059.19
  -4917.46 222.64 1058.74
  -4907.45 222.66 1058.29
  -4897.45 222.67 1057.85
  -4887.44 222.69 1057.40
  -4877.44 222.71 1056.96
  -4867.43 222.72 1056.53
  -4857.43 222.74 1056.09
  -4847.42 222.75 1055.66
  -4837.42 222.77 1055.24
  -4827.41 222.79 1054.81
  -4817.41 222.80 1054.39
  -4807.40 222.82 1053.97
  -4797.40 222.84 1053.55
  -4787.39 222.85 1053.14
  -4777.39 222.87 1052.73
  -4767.38 222.88 1052.32
  -4757.38 222.90 1051.92
  -4747.37 222.92 1051.52
  -4737.37 222.93 1051.12
  -4727.36 222.95 1050.72
  -4717.36 222.96 1050.33
  -4707.35 222.98 1049.94
  -4697.35 222.99 1049.55
  -4687.34 223.01 1049.17
  -4677.34 223.03 1048.79
  -4667.33 223.04 1048.41
  -4657.33 223.06 1048.03
  -4647.32 223.07 1047.66
  -4637.32 223.09 1047.29
  -4627.31 223.10 1046.92
  -4617.31 223.12 1046.55
  -4607.30 223.14 1046.19
  -4597.30 223.15 1045.83
  -4587.29 223.17 1045.47
  -4577.29 223.18 1045.12
  -4567.28 223.20 1044.77
  -4557.28 223.21 1044.42
  -4547.27 223.23 1044.07
  -4537.27 223.24 1043.73
  -4527.26 223.26 1043.38
  -4517.26 223.27 1043.05
  -4507.25 223.29 1042.71
  -4497.25 223.30 1042.38
  -4487.24 223.32 1042.04
  -4477.24 223.33 1041.72
  -4467.23 223.35 1041.39
  -4457.23 223.36 1041.07
  -4447.22 223.38 1040.74
  -4437.22 223.39 1040.43
  -4427.21 223.41 1040.11
  -4417.21 223.42 1039.80
  -4407.20 223.44 1039.48
  -4397.20 223.45 1039.18
  -4387.19 223.47 1038.87
  -4377.19 223.48 1038.56
  -4367.18 223.50 1038.26
  -4357.18 223.51 1037.96
  -4347.17 223.53 1037.67
  -4337.17 223.54 1037.37
  -4327.16 223.56 1037.08
  -4317.16 223.57 1036.79
  -4307.15 223.59 1036.50
  -4297.15 223.60 1036.22
  -4287.14 223.62 1035.94
  -4277.14 223.63 1035.65
  -4267.13 223.64 1035.38
  -4257.13 223.66 1035.10
  -4247.12 223.67 1034.83
  -4237.12 223.69 1034.56
  -4227.11 223.70 1034.29
  -4217.11 223.72 1034.02
  -4207.10 223.73 1033.75
  -4197.10 223.74 1033.49
  -4187.09 223.76 1033.23
  -4177.09 223.77 1032.97
  -4167.08 223.79 1032.72
  -4157.08 223.80 1032.46
  -4147.07 223.82 1032.21
  -4137.07 223.83 1031.96
  -4127.06 223.84 1031.71
  -4117.06 223.86 1031.47
  -4107.05 223.87 1031.22
  -4097.05 223.89 1030.98
  -4087.04 223.90 1030.74
  -4077.04 223.91 1030.51
  -4067.03 223.93 1030.27
  -4057.03 223.94 1030.04
  -4047.02 223.95 1029.81
  -4037.02 223.97 1029.58
  -4027.01 223.98 1029.35
  -4017.01 223.99 1029.12
  -4007.00 224.01 1028.90
  -3997.00 224.02 1028.68
  -3986.99 224.04 1028.46
  -3976.99 224.05 1028.24
  -3966.98 224.06 1028.03
  -3956.98 224.08 1027.81
  -3946.97 224.09 1027.60
  -3936.97 224.10 1027.39
  -3926.96 224.12 1027.18
  -3916.96 224.13 1026.98
  -3906.95 224.14 1026.77
  -3896.95 224.16 1026.57
  -3886.94 224.17 1026.37
  -3876.94 224.18 1026.17
  -3866.93 224.20 1025.97
  -3856.93 224.21 1025.78
  -3846.92 224.22 1025.58
  -3836.92 224.23 1025.39
  -3826.91 224.25 1025.20
  -3816.91 224.26 1025.01
  -3806.90 224.27 1024.83
  -3796.90 224.29 1024.64
  -3786.89 224.30 1024.46
  -3776.89 224.31 1024.28
  -3766.88 224.32 1024.10
  -3756.88 224.34 1023.92
  -3746.87 224.35 1023.74
  -3736.87 224.36 1023.57
  -3726.86 224.38 1023.39
  -3716.86 224.39 1023.22
  -3706.85 224.40 1023.05
  -3696.85 224.41 1022.88
  -3686.84 224.43 1022.72
  -3676.84 224.44 1022.55
  -3666.83 224.45 1022.39
  -3656.83 224.46 1022.22
  -3646.82 224.48 1022.06
  -3636.82 224.49 1021.91
  -3626.81 224.50 1021.75
  -3616.81 224.51 1021.59
  -3606.80 224.53 1021.44
  -3596.80 224.54 1021.28
  -3586.79 224.55 1021.13
  -3576.79 224.56 1020.98
  -3566.78 224.57 1020.83
  -3556.78 224.59 1020.69
  -3546.77 224.60 1020.54
  -3536.77 224.61 1020.39
  -3526.76 224.62 1020.25
  -3516.76 224.63 1020.11
  -3506.75 224.65 1019.97
  -3496.75 224.66 1019.83
  -3486.74 224.67 1019.69
  -3476.74 224.68 1019.56
  -3466.73 224.69 1019.42
  -3456.73 224.71 1019.29
  -3446.72 224.72 1019.16
  -3436.72 224.73 1019.03
  -3426.71 224.74 1018.90
  -3416.71 224.75 1018.77
  -3406.70 224.76 1018.64
  -3396.70 224.78 1018.52
  -3386.69 224.79 1018.39
  -3376.69 224.80 1018.27
  -3366.68 224.81 1018.15
  -3356.68 224.82 1018.03
  -3346.67 224.83 1017.91
  -3336.67 224.84 1017.79
  -3326.66 224.86 1017.67
  -3316.66 224.87 1017.55
  -3306.65 224.88 1017.44
  -3296.65 224.89 1017.33
  -3286.64 224.90 1017.21
  -3276.64 224.91 1017.10
  -3266.63 224.92 1016.99
  -3256.63 224.93 1016.88
  -3246.62 224.94 1016.78
  -3236.62 224.96 1016.67
  -3226.61 224.97 1016.57
  -3216.61 224.98 1016.46
  -3206.60 224.99 1016.36
  -3196.60 225.00 1016.26
  -3186.59 225.01 1016.16
  -3176.59 225.02 1016.06
  -3166.58 225.03 1015.96
  -3156.58 225.04 1015.86
  -3146.57 225.05 1015.76
  -3136.57 225.06 1015.67
  -3126.56 225.07 1015.57
  -3116.56 225.09 1015.48
  -3106.55 225.10 1015.39
  -3096.55 225.11 1015.29
  -3086.54 225.12 1015.20
  -3076.54 225.13 1015.11
  -3066.53 225.14 1015.02
  -3056.53 225.15 1014.94
  -3046.52 225.16 1014.85
  -3036.52 225.17 1014.76
  -3026.51 225.18 1014.68
  -3016.51 225.19 1014.60
  -3006.50 225.20 1014.51
  -2996.50 225.21 1014.43
  -2986.49 225.22 1014.35
  -2976.49 225.23 1014.27
  -2966.48 225.24 1014.19
  -2956.48 225.25 1014.11
  -2946.47 225.26 1014.03
  -2936.47 225.27 1013.96
  -2926.46 225.28 1013.88
  -2916.46 225.29 1013.81
  -2906.45 225.30 1013.73
  -2896.45 225.31 1013.66
  -2886.44 225.32 1013.59
  -2876.44 225.33 1013.52
  -2866.43 225.34 1013.45
  -2856.43 225.35 1013.38
  -2846.42 225.36 1013.31
  -2836.42 225.37 1013.24
  -2826.41 225.38 1013.17
  -2816.41 225.39 1013.11
  -2806.40 225.40 1013.04
  -2796.40 225.41 1012.97
  -2786.39 225.42 1012.91
  -2776.39 225.43 1012.85
  -2766.38 225.44 1012.78
  -2756.38 225.45 1012.72
  -2746.37 225.46 1012.66
  -2736.37 225.47 1012.60
  -2726.36 225.47 1012.54
  -2716.36 225.48 1012.48
  -2706.35 225.49 1012.42
  -2696.35 225.50 1012.37
  -2686.34 225.51 1012.31
  -2676.34 225.52 1012.25
  -2666.33 225.53 1012.20
  -2656.33 225.54 1012.14
  -2646.32 225.55 1012.09
  -2636.32 225.56 1012.03
  -2626.31 225.57 1011.98
  -2616.31 225.57 1011.93
  -2606.30 225.58 1011.88
  -2596.30 225.59 1011.83
  -2586.29 225.60 1011.78
  -2576.29 225.61 1011.73
  -2566.28 225.62 1011.68
  -2556.28 225.63 1011.63
  -2546.27 225.64 1011.58
  -2536.27 225.65 1011.53
  -2526.26 225.65 1011.49
  -2516.26 225.66 1011.44
  -2506.25 225.67 1011.40
  -2496.25 225.68 1011.35
  -2486.24 225.69 1011.31
  -2476.24 225.70 1011.26
  -2466.23 225.71 1011.22
  -2456.23 225.71 1011.18
  -2446.22 225.72 1011.14
  -2436.22 225.73 1011.10
  -2426.21 225.74 1011.05
  -2416.21 225.75 1011.01
  -2406.20 225.76 1010.97
  -2396.20 225.76 1010.94
  -2386.19 225.77 1010.90
  -2376.19 225.78 1010.86
  -2366.18 225.79 1010.82
  -2356.18 225.80 1010.78
  -2346.17 225.80 1010.75
  -2336.17 225.81 1010.71
  -2326.16 225.82 1010.68
  -2316.16 225.83 1010.64
  -2306.15 225.84 1010.61
  -2296.15 225.84 1010.57
  -2286.14 225.85 1010.54
  -2276.14 225.86 1010.51
  -2266.13 225.87 1010.47
  -2256.13 225.87 1010.44
  -2246.12 225.88 1010.41
  -2236.12 225.89 1010.38
  -2226.11 225.90 1010.35
  -2216.11 225.91 1010.32
  -2206.10 225.91 1010.29
  -2196.10 225.92 1010.26
  -2186.09 225.93 1010.23
  -2176.09 225.94 1010.20
  -2166.08 225.94 1010.17
  -2156.08 225.95 1010.14
  -2146.07 225.96 1010.12
  -2136.07 225.97 1010.09
  -2126.06 225.97 1010.06
  -2116.06 225.98 1010.04
  -2106.05 225.99 1010.01
  -2096.05 225.99 1009.98
  -2086.04 226.00 1009.96
  -2076.04 226.01 1009.93
  -2066.03 226.02 1009.91
  -2056.03 226.02 1009.89
  -2046.02 226.03 1009.86
  -2036.02 226.04 1009.84
  -2026.01 226.04 1009.82
  -2016.01 226.05 1009.79
  -2006.00 226.06 1009.77
  -1996.00 226.06 1009.75
  -1985.99 226.07 1009.73
  -1975.99 226.08 1009.71
  -1965.98 226.08 1009.69
  -1955.98 226.09 1009.67
  -1945.97 226.10 1009.65
  -1935.97 226.10 1009.63
  -1925.96 226.11 1009.61
  -1915.96 226.12 1009.59
  -1905.95 226.12 1009.57
  -1895.95 226.13 1009.55
  -1885.94 226.14 1009.53
  -1875.94 226.14 1009.51
  -1865.93 226.15 1009.50
  -1855.93 226.16 1009.48
  -1845.92 226.16 1009.46
  -1835.92 226.17 1009.44
  -1825.91 226.18 1009.43
  -1815.91 226.18 1009.41
  -1805.90 226.19 1009.40
  -1795.90 226.19 1009.38
  -1785.89 226.20 1009.37
  -1775.89 226.21 1009.35
  -1765.88 226.21 1009.34
  -1755.88 226.22 1009.32
  -1745.87 226.22 1009.31
  -1735.87 226.23 1009.29
  -1725.86 226.24 1009.28
  -1715.86 226.24 1009.27
  -1705.85 226.25 1009.25
  -1695.85 226.25 1009.24
  -1685.84 226.26 1009.23
  -1675.84 226.27 1009.21
  -1665.83 226.27 1009.20
  -1655.83 226.28 1009.19
  -1645.82 226.28 1009.18
  -1635.82 226.29 1009.17
  -1625.81 226.29 1009.15
  -1615.81 226.30 1009.14
  -1605.80 226.31 1009.13
  -1595.80 226.31 1009.12
  -1585.79 226.32 1009.11
  -1575.79 226.32 1009.10
  -1565.78 226.33 1009.09
  -1555.78 226.33 1009.08
  -1545.77 226.34 1009.07
  -1535.77 226.34 1009.06
  -1525.76 226.35 1009.05
  -1515.76 226.35 1009.04
  -1505.75 226.36 1009.03
  -1495.75 226.36 1009.02
  -1485.74 226.37 1009.01
  -1475.74 226.37 1009.01
  -1465.73 226.38 1009.00
  -1455.73 226.38 1008.99
  -1445.72 226.39 1008.98
  -1435.72 226.39 1008.97
  -1425.71 226.40 1008.97
  -1415.71 226.40 1008.96
  -1405.70 226.41 1008.95
  -1395.70 226.41 1008.94
  -1385.69 226.42 1008.94
  -1375.69 226.42 1008.93
  -1365.68 226.43 1008.92
  -1355.68 226.43 1008.92
  -1345.67 226.44 1008.91
  -1335.67 226.44 1008.90
  -1325.66 226.45 1008.90
  -1315.66 226.45 1008.89
  -1305.65 226.46 1008.89
  -1295.65 226.46 1008.88
  -1285.64 226.46 1008.88
  -1275.64 226.47 1008.87
  -1265.63 226.47 1008.87
  -1255.63 226.48 1008.86
  -1245.62 226.48 1008.85
  -1235.62 226.49 1008.85
  -1225.61 226.49 1008.85
  -1215.61 226.49 1008.84
  -1205.60 226.50 1008.84
  -1195.60 226.50 1008.83
  -1185.59 226.51 1008.83
  -1175.59 226.51 1008.82
  -1165.58 226.51 1008.82
  -1155.58 226.52 1008.81
  -1145.57 226.52 1008.81
  -1135.57 226.53 1008.81
  -1125.56 226.53 1008.80
  -1115.56 226.53 1008.80
  -1105.55 226.54 1008.80
  -1095.55 226.54 1008.79
  -1085.54 226.55 1008.79
  -1075.54 226.55 1008.79
  -1065.53 226.55 1008.78
  -1055.53 226.56 1008.78
  -1045.52 226.56 1008.78
  -1035.52 226.56 1008.77
  -1025.51 226.57 1008.77
  -1015.51 226.57 1008.77
  -1005.50 226.57 1008.77
   -995.50 226.58 1008.76
   -985.49 226.58 1008.76
   -975.49 226.58 1008.76
   -965.48 226.59 1008.76
   -955.48 226.59 1008.75
   -945.47 226.59 1008.75
   -935.47 226.60 1008.75
   -925.46 226.60 1008.75
   -915.46 226.60 1008.75
   -905.45 226.61 1008.74
   -895.45 226.61 1008.74
   -885.44 226.61 1008.74
   -875.44 226.62 1008.74
   -865.43 226.62 1008.74
   -855.43 226.62 1008.74
   -845.42 226.63 1008.73
   -835.42 226.63 1008.73
   -825.41 226.63 1008.73
   -815.41 226.63 1008.73
   -805.40 226.64 1008.73
   -795.40 226.64 1008.73
   -785.39 226.64 1008.73
   -775.39 226.64 1008.72
   -765.38 226.65 1008.72
   -755.38 226.65 1008.72
   -745.37 226.65 1008.72
   -735.37 226.66 1008.72
   -725.36 226.66 1008.72
   -715.36 226.66 1008.72
   -705.35 226.66 1008.72
   -695.35 226.67 1008.72
   -685.34 226.67 1008.72
   -675.34 226.67 1008.71
   -665.33 226.67 1008.71
   -655.33 226.67 1008.71
   -645.32 226.68 1008.71
   -635.32 226.68 1008.71
   -625.31 226.68 1008.71
   -615.31 226.68 1008.71
   -605.30 226.69 1008.71
   -595.30 226.69 1008.71
   -585.29 226.69 1008.71
   -575.29 226.69 1008.71
   -565.28 226.69 1008.71
   -555.28 226.70 1008.71
   -545.27 226.70 1008.71
   -535.27 226.70 1008.71
   -525.26 226.70 1008.71
   -515.26 226.70 1008.71
   -505.25 226.70 1008.71
   -495.25 226.71 1008.71
   -485.24 226.71 1008.70
   -475.24 226.71 1008.70
   -465.23 226.71 1008.70
   -455.23 226.71 1008.70
   -445.22 226.71 1008.70
   -435.22 226.72 1008.70
   -425.21 226.72 1008.70
   -415.21 226.72 1008.70
   -405.20 226.72 1008.70
   -395.20 226.72 1008.70
   -385.19 226.72 1008.70
   -375.19 226.72 1008.70
   -365.18 226.73 1008.70
   -355.18 226.73 1008.70
   -345.17 226.73 1008.70
   -335.17 226.73 1008.70
   -325.16 226.73 1008.70
   -315.16 226.73 1008.70
   -305.15 226.73 1008.70
   -295.15 226.73 1008.70
   -285.14 226.73 1008.70
   -275.14 226.74 1008.70
   -265.13 226.74 1008.70
   -255.13 226.74 1008.70
   -245.12 226.74 1008.70
   -235.12 226.74 1008.70
   -225.11 226.74 1008.70
   -215.11 226.74 1008.70
   -205.10 226.74 1008.70
   -195.10 226.74 1008.70
   -185.09 226.74 1008.70
   -175.09 226.74 1008.70
   -165.08 226.74 1008.70
   -155.08 226.74 1008.70
   -145.07 226.74 1008.70
   -135.07 226.75 1008.70
   -125.06 226.75 1008.70
   -115.06 226.75 1008.70
   -105.05 226.75 1008.70
    -95.05 226.75 1008.70
    -85.04 226.75 1008.70
    -75.04 226.75 1008.70
    -65.03 226.75 1008.70
    -55.03 226.75 1008.70
    -45.02 226.75 1008.70
    -35.02 226.75 1008.70
    -25.01 226.75 1008.70
    -15.01 226.75 1008.70
     -5.00 226.75 1008.70
      5.00 226.75 1008.70
     15.01 226.75 1008.70
     25.01 226.75 1008.70
     35.02 226.75 1008.70
     45.02 226.75 1008.70
     55.03 226.75 1008.70
     65.03 226.75 1008.70
     75.04 226.75 1008.70
     85.04 226.75 1008.70
     95.05 226.75 1008.70
    105.05 226.75 1008.70
    115.06 226.75 1008.70
    125.06 226.75 1008.70
    135.07 226.75 1008.70
    145.07 226.74 1008.70
    155.08 226.74 1008.70
    165.08 226.74 1008.70
    175.09 226.74 1008.70
    185.09 226.74 1008.70
    195.10 226.74 1008.70
    205.10 226.74 1008.70
    215.11 226.74 1008.70
    225.11 226.74 1008.70
    235.12 226.74 1008.70
    245.12 226.74 1008.70
    255.13 226.74 1008.70
    265.13 226.74 1008.70
    275.14 226.74 1008.70
    285.14 226.73 1008.70
    295.15 226.73 1008.70
    305.15 226.73 1008.70
    315.16 226.73 1008.70
    325.16 226.73 1008.70
    335.17 226.73 1008.70
    345.17 226.73 1008.70
    355.18 226.73 1008.70
    365.18 226.73 1008.70
    375.19 226.72 1008.70
    385.19 226.72 1008.70
    395.20 226.72 1008.70
    405.20 226.72 1008.70
    415.21 226.72 1008.70
    425.21 226.72 1008.70
    435.22 226.72 1008.70
    445.22 226.71 1008.70
    455.23 226.71 1008.70
    465.23 226.71 1008.70
    475.24 226.71 1008.70
    485.24 226.71 1008.70
    495.25 226.71 1008.71
    505.25 226.70 1008.71
    515.26 226.70 1008.71
    525.26 226.70 1008.71
    535.27 226.70 1008.71
    545.27 226.70 1008.71
    555.28 226.70 1008.71
    565.28 226.69 1008.71
    575.29 226.69 1008.71
    585.29 226.69 1008.71
    595.30 226.69 1008.71
    605.30 226.69 1008.71
    615.31 226.68 1008.71
    625.31 226.68 1008.71
    635.32 226.68 1008.71
    645.32 226.68 1008.71
    655.33 226.67 1008.71
    665.33 226.67 1008.71
    675.34 226.67 1008.71
    685.34 226.67 1008.72
    695.35 226.67 1008.72
    705.35 226.66 1008.72
    715.36 226.66 1008.72
    725.36 226.66 1008.72
    735.37 226.66 1008.72
    745.37 226.65 1008.72
    755.38 226.65 1008.72
    765.38 226.65 1008.72
    775.39 226.64 1008.72
    785.39 226.64 1008.73
    795.40 226.64 1008.73
    805.40 226.64 1008.73
    815.41 226.63 1008.73
    825.41 226.63 1008.73
    835.42 226.63 1008.73
    845.42 226.63 1008.73
    855.43 226.62 1008.74
    865.43 226.62 1008.74
    875.44 226.62 1008.74
    885.44 226.61 1008.74
    895.45 226.61 1008.74
    905.45 226.61 1008.74
    915.46 226.60 1008.75
    925.46 226.60 1008.75
    935.47 226.60 1008.75
    945.47 226.59 1008.75
    955.48 226.59 1008.75
    965.48 226.59 1008.76
    975.49 226.58 1008.76
    985.49 226.58 1008.76
    995.50 226.58 1008.76
   1005.50 226.57 1008.77
   1015.51 226.57 1008.77
   1025.51 226.57 1008.77
   1035.52 226.56 1008.77
   1045.52 226.56 1008.78
   1055.53 226.56 1008.78
   1065.53 226.55 1008.78
   1075.54 226.55 1008.79
   1085.54 226.55 1008.79
   1095.55 226.54 1008.79
   1105.55 226.54 1008.80
   1115.56 226.53 1008.80
   1125.56 226.53 1008.80
   1135.57 226.53 1008.81
   1145.57 226.52 1008.81
   1155.58 226.52 1008.81
   1165.58 226.51 1008.82
   1175.59 226.51 1008.82
   1185.59 226.51 1008.83
   1195.60 226.50 1008.83
   1205.60 226.50 1008.84
   1215.61 226.49 1008.84
   1225.61 226.49 1008.85
   1235.62 226.49 1008.85
   1245.62 226.48 1008.85
   1255.63 226.48 1008.86
   1265.63 226.47 1008.87
   1275.64 226.47 1008.87
   1285.64 226.46 1008.88
   1295.65 226.46 1008.88
   1305.65 226.46 1008.89
   1315.66 226.45 1008.89
   1325.66 226.45 1008.90
   1335.67 226.44 1008.90
   1345.67 226.44 1008.91
   1355.68 226.43 1008.92
   1365.68 226.43 1008.92
   1375.69 226.42 1008.93
   1385.69 226.42 1008.94
   1395.70 226.41 1008.94
   1405.70 226.41 1008.95
   1415.71 226.40 1008.96
   1425.71 226.40 1008.97
   1435.72 226.39 1008.97
   1445.72 226.39 1008.98
   1455.73 226.38 1008.99
   1465.73 226.38 1009.00
   1475.74 226.37 1009.01
   1485.74 226.37 1009.01
   1495.75 226.36 1009.02
   1505.75 226.36 1009.03
   1515.76 226.35 1009.04
   1525.76 226.35 1009.05
   1535.77 226.34 1009.06
   1545.77 226.34 1009.07
   1555.78 226.33 1009.08
   1565.78 226.33 1009.09
   1575.79 226.32 1009.10
   1585.79 226.32 1009.11
   1595.80 226.31 1009.12
   1605.80 226.31 1009.13
   1615.81 226.30 1009.14
   1625.81 226.29 1009.15
   1635.82 226.29 1009.17
   1645.82 226.28 1009.18
   1655.83 226.28 1009.19
   1665.83 226.27 1009.20
   1675.84 226.27 1009.21
   1685.84 226.26 1009.23
   1695.85 226.25 1009.24
   1705.85 226.25 1009.25
   1715.86 226.24 1009.27
   1725.86 226.24 1009.28
   1735.87 226.23 1009.29
   1745.87 226.22 1009.31
   1755.88 226.22 1009.32
   1765.88 226.21 1009.34
   1775.89 226.21 1009.35
   1785.89 226.20 1009.37
   1795.90 226.19 1009.38
   1805.90 226.19 1009.40
   1815.91 226.18 1009.41
   1825.91 226.18 1009.43
   1835.92 226.17 1009.44
   1845.92 226.16 1009.46
   1855.93 226.16 1009.48
   1865.93 226.15 1009.50
   1875.94 226.14 1009.51
   1885.94 226.14 1009.53
   1895.95 226.13 1009.55
   1905.95 226.12 1009.57
   1915.96 226.12 1009.59
   1925.96 226.11 1009.61
   1935.97 226.10 1009.63
   1945.97 226.10 1009.65
   1955.98 226.09 1009.67
   1965.98 226.08 1009.69
   1975.99 226.08 1009.71
   1985.99 226.07 1009.73
   1996.00 226.06 1009.75
   2006.00 226.06 1009.77
   2016.01 226.05 1009.79
   2026.01 226.04 1009.82
   2036.02 226.04 1009.84
   2046.02 226.03 1009.86
   2056.03 226.02 1009.89
   2066.03 226.02 1009.91
   2076.04 226.01 1009.93
   2086.04 226.00 1009.96
   2096.05 225.99 1009.98
   2106.05 225.99 1010.01
   2116.06 225.98 1010.04
   2126.06 225.97 1010.06
   2136.07 225.97 1010.09
   2146.07 225.96 1010.12
   2156.08 225.95 1010.14
   2166.08 225.94 1010.17
   2176.09 225.94 1010.20
   2186.09 225.93 1010.23
   2196.10 225.92 1010.26
   2206.10 225.91 1010.29
   2216.11 225.91 1010.32
   2226.11 225.90 1010.35
   2236.12 225.89 1010.38
   2246.12 225.88 1010.41
   2256.13 225.87 1010.44
   2266.13 225.87 1010.47
   2276.14 225.86 1010.51
   2286.14 225.85 1010.54
   2296.15 225.84 1010.57
   2306.15 225.84 1010.61
   2316.16 225.83 1010.64
   2326.16 225.82 1010.68
   2336.17 225.81 1010.71
   2346.17 225.80 1010.75
   2356.18 225.80 1010.78
   2366.18 225.79 1010.82
   2376.19 225.78 1010.86
   2386.19 225.77 1010.90
   2396.20 225.76 1010.94
   2406.20 225.76 1010.97
   2416.21 225.75 1011.01
   2426.21 225.74 1011.05
   2436.22 225.73 1011.10
   2446.22 225.72 1011.14
   2456.23 225.71 1011.18
   2466.23 225.71 1011.22
   2476.24 225.70 1011.26
   2486.24 225.69 1011.31
   2496.25 225.68 1011.35
   2506.25 225.67 1011.40
   2516.26 225.66 1011.44
   2526.26 225.65 1011.49
   2536.27 225.65 1011.53
   2546.27 225.64 1011.58
   2556.28 225.63 1011.63
   2566.28 225.62 1011.68
   2576.29 225.61 1011.73
   2586.29 225.60 1011.78
   2596.30 225.59 1011.83
   2606.30 225.58 1011.88
   2616.31 225.57 1011.93
   2626.31 225.57 1011.98
   2636.32 225.56 1012.03
   2646.32 225.55 1012.09
   2656.33 225.54 1012.14
   2666.33 225.53 1012.20
   2676.34 225.52 1012.25
   2686.34 225.51 1012.31
   2696.35 225.50 1012.37
   2706.35 225.49 1012.42
   2716.36 225.48 1012.48
   2726.36 225.47 1012.54
   2736.37 225.47 1012.60
   2746.37 225.46 1012.66
   2756.38 225.45 1012.72
   2766.38 225.44 1012.78
   2776.39 225.43 1012.85
   2786.39 225.42 1012.91
   2796.40 225.41 1012.97
   2806.40 225.40 1013.04
   2816.41 225.39 1013.11
   2826.41 225.38 1013.17
   2836.42 225.37 1013.24
   2846.42 225.36 1013.31
   2856.43 225.35 1013.38
   2866.43 225.34 1013.45
   2876.44 225.33 1013.52
   2886.44 225.32 1013.59
   2896.45 225.31 1013.66
   2906.45 225.30 1013.73
   2916.46 225.29 1013.81
   2926.46 225.28 1013.88
   2936.47 225.27 1013.96
   2946.47 225.26 1014.03
   2956.48 225.25 1014.11
   2966.48 225.24 1014.19
   2976.49 225.23 1014.27
   2986.49 225.22 1014.35
   2996.50 225.21 1014.43
   3006.50 225.20 1014.51
   3016.51 225.19 1014.60
   3026.51 225.18 1014.68
   3036.52 225.17 1014.76
   3046.52 225.16 1014.85
   3056.53 225.15 1014.94
   3066.53 225.14 1015.02
   3076.54 225.13 1015.11
   3086.54 225.12 1015.20
   3096.55 225.11 1015.29
   3106.55 225.10 1015.39
   3116.56 225.09 1015.48
   3126.56 225.07 1015.57
   3136.57 225.06 1015.67
   3146.57 225.05 1015.76
   3156.58 225.04 1015.86
   3166.58 225.03 1015.96
   3176.59 225.02 1016.06
   3186.59 225.01 1016.16
   3196.60 225.00 1016.26
   3206.60 224.99 1016.36
   3216.61 224.98 1016.46
   3226.61 224.97 1016.57
   3236.62 224.96 1016.67
   3246.62 224.94 1016.78
   3256.63 224.93 1016.88
   3266.63 224.92 1016.99
   3276.64 224.91 1017.10
   3286.64 224.90 1017.21
   3296.65 224.89 1017.33
   3306.65 224.88 1017.44
   3316.66 224.87 1017.55
   3326.66 224.86 1017.67
   3336.67 224.84 1017.79
   3346.67 224.83 1017.91
   3356.68 224.82 1018.03
   3366.68 224.81 1018.15
   3376.69 224.80 1018.27
   3386.69 224.79 1018.39
   3396.70 224.78 1018.52
   3406.70 224.76 1018.64
   3416.71 224.75 1018.77
   3426.71 224.74 1018.90
   3436.72 224.73 1019.03
   3446.72 224.72 1019.16
   3456.73 224.71 1019.29
   3466.73 224.69 1019.42
   3476.74 224.68 1019.56
   3486.74 224.67 1019.69
   3496.75 224.66 1019.83
   3506.75 224.65 1019.97
   3516.76 224.63 1020.11
   3526.76 224.62 1020.25
   3536.77 224.61 1020.39
   3546.77 224.60 1020.54
   3556.78 224.59 1020.69
   3566.78 224.57 1020.83
   3576.79 224.56 1020.98
   3586.79 224.55 1021.13
   3596.80 224.54 1021.28
   3606.80 224.53 1021.44
   3616.81 224.51 1021.59
   3626.81 224.50 1021.75
   3636.82 224.49 1021.91
   3646.82 224.48 1022.06
   3656.83 224.46 1022.22
   3666.83 224.45 1022.39
   3676.84 224.44 1022.55
   3686.84 224.43 1022.72
   3696.85 224.41 1022.88
   3706.85 224.40 1023.05
   3716.86 224.39 1023.22
   3726.86 224.38 1023.39
   3736.87 224.36 1023.57
   3746.87 224.35 1023.74
   3756.88 224.34 1023.92
   3766.88 224.32 1024.10
   3776.89 224.31 1024.28
   3786.89 224.30 1024.46
   3796.90 224.29 1024.64
   3806.90 224.27 1024.83
   3816.91 224.26 1025.01
   3826.91 224.25 1025.20
   3836.92 224.23 1025.39
   3846.92 224.22 1025.58
   3856.93 224.21 1025.78
   3866.93 224.20 1025.97
   3876.94 224.18 1026.17
   3886.94 224.17 1026.37
   3896.95 224.16 1026.57
   3906.95 224.14 1026.77
   3916.96 224.13 1026.98
   3926.96 224.12 1027.18
   3936.97 224.10 1027.39
   3946.97 224.09 1027.60
   3956.98 224.08 1027.81
   3966.98 224.06 1028.03
   3976.99 224.05 1028.24
   3986.99 224.04 1028.46
   3997.00 224.02 1028.68
   4007.00 224.01 1028.90
   4017.01 223.99 1029.12
   4027.01 223.98 1029.35
   4037.02 223.97 1029.58
   4047.02 223.95 1029.81
   4057.03 223.94 1030.04
   4067.03 223.93 1030.27
   4077.04 223.91 1030.51
   4087.04 223.90 1030.74
   4097.05 223.89 1030.98
   4107.05 223.87 1031.22
   4117.06 223.86 1031.47
   4127.06 223.84 1031.71
   4137.07 223.83 1031.96
   4147.07 223.82 1032.21
   4157.08 223.80 1032.46
   4167.08 223.79 1032.72
   4177.09 223.77 1032.97
   4187.09 223.76 1033.23
   4197.10 223.74 1033.49
   4207.10 223.73 1033.75
   4217.11 223.72 1034.02
   4227.11 223.70 1034.29
   4237.12 223.69 1034.56
   4247.12 223.67 1034.83
   4257.13 223.66 1035.10
   4267.13 223.64 1035.38
   4277.14 223.63 1035.65
   4287.14 223.62 1035.94
   4297.15 223.60 1036.22
   4307.15 223.59 1036.50
   4317.16 223.57 1036.79
   4327.16 223.56 1037.08
   4337.17 223.54 1037.37
   4347.17 223.53 1037.67
   4357.18 223.51 1037.96
   4367.18 223.50 1038.26
   4377.19 223.48 1038.56
   4387.19 223.47 1038.87
   4397.20 223.45 1039.18
   4407.20 223.44 1039.48
   4417.21 223.42 1039.80
   4427.21 223.41 1040.11
   4437.22 223.39 1040.43
   4447.22 223.38 1040.74
   4457.23 223.36 1041.07
   4467.23 223.35 1041.39
   4477.24 223.33 1041.72
   4487.24 223.32 1042.04
   4497.25 223.30 1042.38
   4507.25 223.29 1042.71
   4517.26 223.27 1043.05
   4527.26 223.26 1043.38
   4537.27 223.24 1043.73
   4547.27 223.23 1044.07
   4557.28 223.21 1044.42
   4567.28 223.20 1044.77
   4577.29 223.18 1045.12
   4587.29 223.17 1045.47
   4597.30 223.15 1045.83
   4607.30 223.14 1046.19
   4617.31 223.12 1046.55
   4627.31 223.10 1046.92
   4637.32 223.09 1047.29
   4647.32 223.07 1047.66
   4657.33 223.06 1048.03
   4667.33 223.04 1048.41
   4677.34 223.03 1048.79
   4687.34 223.01 1049.17
   4697.35 222.99 1049.55
   4707.35 222.98 1049.94
   4717.36 222.96 1050.33
   4727.36 222.95 1050.72
   4737.37 222.93 1051.12
   4747.37 222.92 1051.52
   4757.38 222.90 1051.92
   4767.38 222.88 1052.32
   4777.39 222.87 1052.73
   4787.39 222.85 1053.14
   4797.40 222.84 1053.55
   4807.40 222.82 1053.97
   4817.41 222.80 1054.39
   4827.41 222.79 1054.81
   4837.42 222.77 1055.24
   4847.42 222.75 1055.66
   4857.43 222.74 1056.09
   4867.43 222.72 1056.53
   4877.44 222.71 1056.96
   4887.44 222.69 1057.40
   4897.45 222.67 1057.85
   4907.45 222.66 1058.29
   4917.46 222.64 1058.74
   4927.46 222.62 1059.19
   4937.47 222.61 1059.65
   4947.47 222.59 1060.11
   4957.48 222.57 1060.57
   4967.48 222.56 1061.03
   4977.49 222.54 1061.50
   4987.49 222.52 1061.97
   4997.50 222.51 1062.44
   5007.50 222.49 1062.92
   5017.51 222.47 1063.40
   5027.51 222.46 1063.88
   5037.52 222.44 1064.37
   5047.52 222.42 1064.86
   5057.53 222.41 1065.35
   5067.53 222.39 1065.84
   5077.54 222.37 1066.34
   5087.54 222.35 1066.84
   5097.55 222.34 1067.35
   5107.55 222.32 1067.86
   5117.56 222.30 1068.37
   5127.56 222.29 1068.88
   5137.57 222.27 1069.40
   5147.57 222.25 1069.92
   5157.58 222.23 1070.45
   5167.58 222.22 1070.98
   5177.59 222.20 1071.51
   5187.59 222.18 1072.04
   5197.60 222.16 1072.58
   5207.60 222.15 1073.12
   5217.61 222.13 1073.66
   5227.61 222.11 1074.21
   5237.62 222.09 1074.76
   5247.62 222.08 1075.32
   5257.63 222.06 1075.88
   5267.63 222.04 1076.44
   5277.64 222.02 1077.00
   5287.64 222.01 1077.57
   5297.65 221.99 1078.14
   5307.65 221.97 1078.72
   5317.66 221.95 1079.30
   5327.66 221.94 1079.88
   5337.67 221.92 1080.46
   5347.67 221.90 1081.05
   5357.68 221.88 1081.64
   5367.68 221.86 1082.24
   5377.69 221.85 1082.84
   5387.69 221.83 1083.44
   5397.70 221.81 1084.05
   5407.70 221.79 1084.65
   5417.71 221.77 1085.27
   5427.71 221.76 1085.88
   5437.72 221.74 1086.50
   5447.72 221.72 1087.13
   5457.73 221.70 1087.75
   5467.73 221.68 1088.39
   5477.74 221.67 1089.02
   5487.74 221.65 1089.66
   5497.75 221.63 1090.30
   5507.75 221.61 1090.94
   5517.76 221.59 1091.59
   5527.76 221.57 1092.24
   5537.77 221.55 1092.90
   5547.77 221.54 1093.56
   5557.78 221.52 1094.22
   5567.78 221.50 1094.89
   5577.79 221.48 1095.56
   5587.79 221.46 1096.23
   5597.80 221.44 1096.91
   5607.80 221.42 1097.59
   5617.81 221.41 1098.27
   5627.81 221.39 1098.96
   5637.82 221.37 1099.65
   5647.82 221.35 1100.34
   5657.83 221.33 1101.04
   5667.83 221.31 1101.75
   5677.84 221.29 1102.45
   5687.84 221.27 1103.16
   5697.85 221.26 1103.87
   5707.85 221.24 1104.59
   5717.86 221.22 1105.31
   5727.86 221.20 1106.04
   5737.87 221.18 1106.76
   5747.87 221.16 1107.50
   5757.88 221.14 1108.23
   5767.88 221.12 1108.97
   5777.89 221.10 1109.71
   5787.89 221.08 1110.46
   5797.90 221.06 1111.21
   5807.90 221.05 1111.96
   5817.91 221.03 1112.72
   5827.91 221.01 1113.48
   5837.92 220.99 1114.25
   5847.92 220.97 1115.02
   5857.93 220.95 1115.79
   5867.93 220.93 1116.56
   5877.94 220.91 1117.34
   5887.94 220.89 1118.13
   5897.95 220.87 1118.92
   5907.95 220.85 1119.71
   5917.96 220.83 1120.50
   5927.96 220.81 1121.30
   5937.97 220.79 1122.10
   5947.97 220.77 1122.91
   5957.98 220.75 1123.72
   5967.98 220.73 1124.53
   5977.99 220.71 1125.35
   5987.99 220.69 1126.17
   5998.00 220.67 1126.99
   6008.00 220.65 1127.82
   6018.01 220.63 1128.65
   6028.01 220.61 1129.49
   6038.02 220.59 1130.33
   6048.02 220.57 1131.17
   6058.03 220.55 1132.02
   6068.03 220.53 1132.87
   6078.04 220.51 1133.73
   6088.04 220.49 1134.59
   6098.05 220.47 1135.45
   6108.05 220.45 1136.31
   6118.06 220.43 1137.18
   6128.06 220.41 1138.06
   6138.07 220.39 1138.93
   6148.07 220.37 1139.82
   6158.08 220.35 1140.70
   6168.08 220.33 1141.59
   6178.09 220.31 1142.48
   6188.09 220.29 1143.38
   6198.10 220.27 1144.28
   6208.10 220.25 1145.18
   6218.11 220.23 1146.09
   6228.11 220.21 1147.00
   6238.12 220.19 1147.91
   6248.12 220.17 1148.83
   6258.13 220.15 1149.76
   6268.13 220.12 1150.68
   6278.14 220.10 1151.61
   6288.14 220.08 1152.55
   6298.15 220.06 1153.48
   6308.15 220.04 1154.43
   6318.16 220.02 1155.37
   6328.16 220.00 1156.32
   6338.17 219.98 1157.27
   6348.17 219.96 1158.23
   6358.18 219.94 1159.19
   6368.18 219.92 1160.15
   6378.19 219.90 1161.12
   6388.19 219.87 1162.09
   6398.20 219.85 1163.07
   6408.20 219.83 1164.05
   6418.21 219.81 1165.03
   6428.21 219.79 1166.01
   6438.22 219.77 1167.00
   6448.22 219.75 1168.00
   6458.23 219.73 1169.00
   6468.23 219.70 1170.00
   6478.24 219.68 1171.00
   6488.24 219.66 1172.01
   6498.25 219.64 1173.02
   6508.25 219.62 1174.04
   6518.26 219.60 1175.06
   6528.26 219.58 1176.08
   6538.27 219.55 1177.11
   6548.27 219.53 1178.14
   6558.28 219.51 1179.17
   6568.28 219.49 1180.21
   6578.29 219.47 1181.26
   6588.29 219.45 1182.30
   6598.30 219.43 1183.35
   6608.30 219.40 1184.40
   6618.31 219.38 1185.46
   6628.31 219.36 1186.52
   6638.32 219.34 1187.58
   6648.32 219.32 1188.65
   6658.33 219.29 1189.72
   6668.33 219.27 1190.80
   6678.34 219.25 1191.88
   6688.34 219.23 1192.96
   6698.35 219.21 1194.04
   6708.35 219.18 1195.13
   6718.36 219.16 1196.22
   6728.36 219.14 1197.32
   6738.37 219.12 1198.42
   6748.37 219.10 1199.52
   6758.38 219.07 1200.63
   6768.38 219.05 1201.74
   6778.39 219.03 1202.86
   6788.39 219.01 1203.97
   6798.40 218.99 1205.10
   6808.40 218.96 1206.22
   6818.41 218.94 1207.35
   6828.41 218.92 1208.48
   6838.42 218.90 1209.62
   6848.42 218.87 1210.76
   6858.43 218.85 1211.90
   6868.43 218.83 1213.04
   6878.44 218.81 1214.19
   6888.44 218.78 1215.35
   6898.45 218.76 1216.50
   6908.45 218.74 1217.66
   6918.46 218.72 1218.83
   6928.46 218.69 1219.99
   6938.47 218.67 1221.16
   6948.47 218.65 1222.34
   6958.48 218.63 1223.51
   6968.48 218.60 1224.69
   6978.49 218.58 1225.88
   6988.49 218.56 1227.06
   6998.50 218.53 1228.25
   7008.50 218.51 1229.45
   7018.51 218.49 1230.65
   7028.51 218.46 1231.85
   7038.52 218.44 1233.05
   7048.52 218.42 1234.26
   7058.53 218.40 1235.47
   7068.53 218.37 1236.68
   7078.54 218.35 1237.90
   7088.54 218.33 1239.12
   7098.55 218.30 1240.34
   7108.55 218.28 1241.57
   7118.56 218.26 1242.80
   7128.56 218.23 1244.03
   7138.57 218.21 1245.27
   7148.57 218.19 1246.51
   7158.58 218.16 1247.75
   7168.58 218.14 1249.00
   7178.59 218.12 1250.24
   7188.59 218.09 1251.50
   7198.60 218.07 1252.75
   7208.60 218.05 1254.01
   7218.61 218.02 1255.27
   7228.61 218.00 1256.54
   7238.62 217.98 1257.80
   7248.62 217.95 1259.08
   7258.63 217.93 1260.35
   7268.63 217.91 1261.63
   7278.64 217.88 1262.91
   7288.64 217.86 1264.19
   7298.65 217.83 1265.47
   7308.65 217.81 1266.76
   7318.66 217.79 1268.06
   7328.66 217.76 1269.35
   7338.67 217.74 1270.65
   7348.67 217.72 1271.95
   7358.68 217.69 1273.25
   7368.68 217.67 1274.56
   7378.69 217.64 1275.87
   7388.69 217.62 1277.18
   7398.70 217.60 1278.50
   7408.70 217.57 1279.82
   7418.71 217.55 1281.14
   7428.71 217.52 1282.46
   7438.72 217.50 1283.79
   7448.72 217.47 1285.12
   7458.73 217.45 1286.45
   7468.73 217.43 1287.79
   7478.74 217.40 1289.13
   7488.74 217.38 1290.47
   7498.75 217.35 1291.81
   7508.75 217.33 1293.16
   7518.76 217.30 1294.51
   7528.76 217.28 1295.86
   7538.77 217.26 1297.22
   7548.77 217.23 1298.58
   7558.78 217.21 1299.94
   7568.78 217.18 1301.30
   7578.79 217.16 1302.67
   7588.79 217.13 1304.04
   7598.80 217.11 1305.41
   7608.80 217.08 1306.78
   7618.81 217.06 1308.16
   7628.81 217.04 1309.54
   7638.82 217.01 1310.92
   7648.82 216.99 1312.31
   7658.83 216.96 1313.70
   7668.83 216.94 1315.09
   7678.84 216.91 1316.48
   7688.84 216.89 1317.87
   7698.85 216.86 1319.27
   7708.85 216.84 1320.67
   7718.86 216.81 1322.07
   7728.86 216.79 1323.48
   7738.87 216.76 1324.89
   7748.87 216.74 1326.30
   7758.88 216.71 1327.71
   7768.88 216.69 1329.12
   7778.89 216.66 1330.54
   7788.89 216.64 1331.96
   7798.90 216.61 1333.38
   7808.90 216.59 1334.81
   7818.91 216.56 1336.23
   7828.91 216.54 1337.66
   7838.92 216.51 1339.09
   7848.92 216.48 1340.53
   7858.93 216.46 1341.96
   7868.93 216.43 1343.40
   7878.94 216.41 1344.84
   7888.94 216.38 1346.28
   7898.95 216.36 1347.73
   7908.95 216.33 1349.17
   7918.96 216.31 1350.62
   7928.96 216.28 1352.07
   7938.97 216.26 1353.53
   7948.97 216.23 1354.98
   7958.98 216.20 1356.44
   7968.98 216.18 1357.90
   7978.99 216.15 1359.36
   7988.99 216.13 1360.82
   7999.00 216.10 1362.28
   8009.00 216.08 1363.75
   8019.01 216.05 1365.22
   8029.01 216.02 1366.69
   8039.02 216.00 1368.16
   8049.02 215.97 1369.64
   8059.03 215.95 1371.11
   8069.03 215.92 1372.59
   8079.04 215.90 1374.07
   8089.04 215.87 1375.55
   8099.05 215.84 1377.04
   8109.05 215.82 1378.52
   8119.06 215.79 1380.01
   8129.06 215.77 1381.50
   8139.07 215.74 1382.99
   8149.07 215.71 1384.48
   8159.08 215.69 1385.97
   8169.08 215.66 1387.47
   8179.09 215.63 1388.96
   8189.09 215.61 1390.46
   8199.10 215.58 1391.96
   8209.10 215.56 1393.47
   8219.11 215.53 1394.97
   8229.11 215.50 1396.47
   8239.12 215.48 1397.98
   8249.12 215.45 1399.49
   8259.13 215.42 1401.00
   8269.13 215.40 1402.51
   8279.14 215.37 1404.02
   8289.14 215.34 1405.53
   8299.15 215.32 1407.05
   8309.15 215.29 1408.56
   8319.16 215.26 1410.08
   8329.16 215.24 1411.60
   8339.17 215.21 1413.12
   8349.17 215.18 1414.64
   8359.18 215.16 1416.16
   8369.18 215.13 1417.69
   8379.19 215.10 1419.21
   8389.19 215.08 1420.74
   8399.20 215.05 1422.26
   8409.20 215.02 1423.79
   8419.21 215.00 1425.32
   8429.21 214.97 1426.85
   8439.22 214.94 1428.38
   8449.22 214.92 1429.91
   8459.23 214.89 1431.44
   8469.23 214.86 1432.98
   8479.24 214.84 1434.51
   8489.24 214.81 1436.05
   8499.25 214.78 1437.58
   8509.25 214.75 1439.12
   8519.26 214.73 1440.66
   8529.26 214.70 1442.20
   8539.27 214.67 1443.74
   8549.27 214.65 1445.28
   8559.28 214.62 1446.82
   8569.28 214.59 1448.36
   8579.29 214.56 1449.90
   8589.29 214.54 1451.45
   8599.30 214.51 1452.99
   8609.30 214.48 1454.53
   8619.31 214.45 1456.08
   8629.31 214.43 1457.62
   8639.32 214.40 1459.17
   8649.32 214.37 1460.72
   8659.33 214.34 1462.27
   8669.33 214.32 1463.81
   8679.34 214.29 1465.36
   8689.34 214.26 1466.91
   8699.35 214.23 1468.47
   8709.35 214.21 1470.02
   8719.36 214.18 1471.57
   8729.36 214.15 1473.13
   8739.37 214.12 1474.69
   8749.37 214.10 1476.25
   8759.38 214.07 1477.81
   8769.38 214.04 1479.38
   8779.39 214.01 1480.95
   8789.39 213.98 1482.52
   8799.40 213.96 1484.09
   8809.40 213.93 1485.66
   8819.41 213.90 1487.24
   8829.41 213.87 1488.82
   8839.42 213.85 1490.40
   8849.42 213.82 1491.99
   8859.43 213.79 1493.57
   8869.43 213.76 1495.16
   8879.44 213.73 1496.75
   8889.44 213.70 1498.35
   8899.45 213.68 1499.94
   8909.45 213.65 1501.54
   8919.46 213.62 1503.14
   8929.46 213.59 1504.74
   8939.47 213.56 1506.34
   8949.47 213.54 1507.95
   8959.48 213.51 1509.56
   8969.48 213.48 1511.17
   8979.49 213.45 1512.78
   8989.49 213.42 1514.39
   8999.50 213.39 1516.00
   9009.50 213.37 1517.62
   9019.51 213.34 1519.24
   9029.51 213.31 1520.86
   9039.52 213.28 1522.48
   9049.52 213.25 1524.10
   9059.53 213.22 1525.73
   9069.53 213.19 1527.36
   9079.54 213.17 1528.98
   9089.54 213.14 1530.61
   9099.55 213.11 1532.25
   9109.55 213.08 1533.88
   9119.56 213.05 1535.51
   9129.56 213.02 1537.15
   9139.57 212.99 1538.79
   9149.57 212.97 1540.43
   9159.58 212.94 1542.07
   9169.58 212.91 1543.71
   9179.59 212.88 1545.35
   9189.59 212.85 1546.99
   9199.60 212.82 1548.64
   9209.60 212.79 1550.28
   9219.61 212.76 1551.93
   9229.61 212.73 1553.58
   9239.62 212.71 1555.23
   9249.62 212.68 1556.88
   9259.63 212.65 1558.53
   9269.63 212.62 1560.19
   9279.64 212.59 1561.84
   9289.64 212.56 1563.49
   9299.65 212.53 1565.15
   9309.65 212.50 1566.80
   9319.66 212.47 1568.46
   9329.66 212.44 1570.12
   9339.67 212.41 1571.78
   9349.67 212.38 1573.44
   9359.68 212.36 1575.10
   9369.68 212.33 1576.76
   9379.69 212.30 1578.42
   9389.69 212.27 1580.08
   9399.70 212.24 1581.74
   9409.70 212.21 1583.41
   9419.71 212.18 1585.07
   9429.71 212.15 1586.73
   9439.72 212.12 1588.40
   9449.72 212.09 1590.06
   9459.73 212.06 1591.73
   9469.73 212.03 1593.39
   9479.74 212.00 1595.06
   9489.74 211.97 1596.72
   9499.75 211.94 1598.39
   9509.75 211.91 1600.06
   9519.76 211.88 1601.72
   9529.76 211.85 1603.39
   9539.77 211.82 1605.06
   9549.77 211.79 1606.72
   9559.78 211.76 1608.39
   9569.78 211.73 1610.05
   9579.79 211.70 1611.72
   9589.79 211.67 1613.39
   9599.80 211.64 1615.05
   9609.80 211.62 1616.72
   9619.81 211.59 1618.38
   9629.81 211.56 1620.05
   9639.82 211.53 1621.72
   9649.82 211.50 1623.38
   9659.83 211.47 1625.04
   9669.83 211.44 1626.71
   9679.84 211.41 1628.37
   9689.84 211.37 1630.04
   9699.85 211.34 1631.70
   9709.85 211.31 1633.36
   9719.86 211.28 1635.02
   9729.86 211.25 1636.68
   9739.87 211.22 1638.34
   9749.87 211.19 1640.00
   9759.88 211.16 1641.66
   9769.88 211.13 1643.32
   9779.89 211.10 1644.98
   9789.89 211.07 1646.64
   9799.90 211.04 1648.29
   9809.90 211.01 1649.95
   9819.91 210.98 1651.60
   9829.91 210.95 1653.26
   9839.92 210.92 1654.91
   9849.92 210.89 1656.56
   9859.93 210.86 1658.21
   9869.93 210.83 1659.86
   9879.94 210.80 1661.51
   9889.94 210.77 1663.16
   9899.95 210.74 1664.80
   9909.95 210.71 1666.45
   9919.96 210.68 1668.09
   9929.96 210.65 1669.74
   9939.97 210.62 1671.38
   9949.97 210.58 1673.02
   9959.98 210.55 1674.66
   9969.98 210.52 1676.29
   9979.99 210.49 1677.93
   9989.99 210.46 1679.57
  10000.00 210.43 1681.20
