 -10000.00 181.19 181.19
  -9989.99 179.32 179.32
  -9979.99 177.49 177.49
  -9969.98 175.70 175.70
  -9959.98 173.96 173.96
  -9949.97 172.25 172.25
  -9939.97 170.59 170.59
  -9929.96 168.97 168.97
  -9919.96 167.38 167.38
  -9909.95 165.84 165.84
  -9899.95 164.33 164.33
  -9889.94 162.86 162.86
  -9879.94 161.43 161.43
  -9869.93 160.03 160.03
  -9859.93 158.67 158.67
  -9849.92 157.34 157.34
  -9839.92 156.05 156.05
  -9829.91 154.79 154.79
  -9819.91 153.56 153.56
  -9809.90 152.37 152.37
  -9799.90 151.21 151.21
  -9789.89 150.08 150.08
  -9779.89 148.98 150.00
  -9769.88 147.91 150.00
  -9759.88 146.87 150.00
  -9749.87 145.86 150.00
  -9739.87 144.88 150.00
  -9729.86 143.92 150.00
  -9719.86 143.00 150.00
  -9709.85 142.10 150.00
  -9699.85 141.22 150.00
  -9689.84 140.37 150.00
  -9679.84 139.55 150.00
  -9669.83 138.75 150.00
  -9659.83 137.98 150.00
  -9649.82 137.23 150.00
  -9639.82 136.50 150.00
  -9629.81 135.79 150.00
  -9619.81 135.11 150.00
  -9609.80 134.45 150.00
  -9599.80 133.81 150.00
  -9589.79 133.19 150.00
  -9579.79 132.59 150.00
  -9569.78 132.01 150.00
  -9559.78 131.44 150.00
  -9549.77 130.90 150.00
  -9539.77 130.37 150.00
  -9529.76 129.87 150.00
  -9519.76 129.38 150.00
  -9509.75 128.90 150.00
  -9499.75 128.44 150.00
  -9489.74 128.00 150.00
  -9479.74 127.58 150.00
  -9469.73 127.17 150.00
  -9459.73 126.77 150.00
  -9449.72 126.39 150.00
  -9439.72 126.02 150.00
  -9429.71 125.67 150.00
  -9419.71 125.33 150.00
  -9409.70 125.00 150.00
  -9399.70 124.68 150.00
  -9389.69 124.38 150.00
  -9379.69 124.09 150.00
  -9369.68 123.81 150.00
  -9359.68 123.54 150.00
  -9349.67 123.28 150.00
  -9339.67 123.03 150.00
  -9329.66 122.79 150.00
  -9319.66 122.57 150.00
  -9309.65 122.35 150.00
  -9299.65 122.14 150.00
  -9289.64 121.94 150.00
  -9279.64 121.75 150.00
  -9269.63 121.57 150.00
  -9259.63 121.39 150.00
  -9249.62 121.23 150.00
  -9239.62 121.07 150.00
  -9229.61 120.92 150.00
  -9219.61 120.77 150.00
  -9209.60 120.64 150.00
  -9199.60 120.51 150.00
  -9189.59 120.38 150.00
  -9179.59 120.27 150.00
  -9169.58 120.16 150.00
  -9159.58 120.05 150.00
  -9149.57 119.95 150.00
  -9139.57 119.86 150.00
  -9129.56 119.77 150.00
  -9119.56 119.69 150.00
  -9109.55 119.61 150.00
  -9099.55 119.54 150.00
  -9089.54 119.47 150.00
  -9079.54 119.41 150.00
  -9069.53 119.35 150.00
  -9059.53 119.30 150.00
  -9049.52 119.25 150.00
  -9039.52 119.20 150.00
  -9029.51 119.16 150.00
  -9019.51 119.12 150.00
  -9009.50 119.09 150.00
  -8999.50 119.06 150.00
  -8989.49 119.03 150.00
  -8979.49 119.01 150.00
  -8969.48 118.98 150.00
  -8959.48 118.97 150.00
  -8949.47 118.95 150.00
  -8939.47 118.94 150.00
  -8929.46 118.93 150.00
  -8919.46 118.92 150.00
  -8909.45 118.92 150.00
  -8899.45 118.92 150.00
  -8889.44 118.92 150.00
  -8879.44 118.92 150.00
  -8869.43 118.93 150.00
  -8859.43 118.93 150.00
  -8849.42 118.94 150.00
  -8839.42 118.95 150.00
  -8829.41 118.97 150.00
  -8819.41 118.98 150.00
  -8809.40 119.00 150.00
  -8799.40 119.02 150.00
  -8789.39 119.04 150.00
  -8779.39 119.06 150.00
  -8769.38 119.09 150.00
  -8759.38 119.11 150.00
  -8749.37 119.14 150.00
  -8739.37 119.17 150.00
  -8729.36 119.20 150.00
  -8719.36 119.23 150.00
  -8709.35 119.26 150.00
  -8699.35 119.29 150.00
  -8689.34 119.33 150.00
  -8679.34 119.36 150.00
  -8669.33 119.40 150.00
  -8659.33 119.44 150.00
  -8649.32 119.48 150.00
  -8639.32 119.52 150.00
  -8629.31 119.56 150.00
  -8619.31 119.60 150.00
  -8609.30 119.64 150.00
  -8599.30 119.68 150.00
  -8589.29 119.73 150.00
  -8579.29 119.77 150.00
  -8569.28 119.82 150.00
  -8559.28 119.87 150.00
  -8549.27 119.91 150.00
  -8539.27 119.96 150.00
  -8529.26 120.01 150.00
  -8519.26 120.06 150.00
  -8509.25 120.11 150.00
  -8499.25 120.16 150.00
  -8489.24 120.21 150.00
  -8479.24 120.26 150.00
  -8469.23 120.31 150.00
  -8459.23 120.37 150.00
  -8449.22 120.42 150.00
  -8439.22 120.47 150.00
  -8429.21 120.53 150.00
  -8419.21 120.58 150.00
  -8409.20 120.64 150.00
  -8399.20 120.69 150.00
  -8389.19 120.75 150.00
  -8379.19 120.80 150.00
  -8369.18 120.86 150.00
  -8359.18 120.92 150.00
  -8349.17 120.97 150.00
  -8339.17 121.03 150.00
  -8329.16 121.09 150.00
  -8319.16 121.15 150.00
  -8309.15 121.21 150.00
  -8299.15 121.26 150.00
  -8289.14 121.32 150.00
  -8279.14 121.38 150.00
  -8269.13 121.44 150.00
  -8259.13 121.50 150.00
  -8249.12 121.56 150.00
  -8239.12 121.62 150.00
  -8229.11 121.68 150.00
  -8219.11 121.74 150.00
  -8209.10 121.80 150.00
  -8199.10 121.86 150.00
  -8189.09 121.92 150.00
  -8179.09 121.98 150.00
  -8169.08 122.05 150.00
  -8159.08 122.11 150.00
  -8149.07 122.17 150.00
  -8139.07 122.23 150.00
  -8129.06 122.29 150.00
  -8119.06 122.35 150.00
  -8109.05 122.42 150.00
  -8099.05 122.48 150.00
  -8089.04 122.54 150.00
  -8079.04 122.60 150.00
  -8069.03 122.67 150.00
  -8059.03 122.73 150.00
  -8049.02 122.79 150.00
  -8039.02 122.85 150.00
  -8029.01 122.92 150.00
  -8019.01 122.98 150.00
  -8009.00 123.04 150.00
  -7999.00 123.10 150.00
  -7988.99 123.17 150.00
  -7978.99 123.23 150.00
  -7968.98 123.29 150.00
  -7958.98 123.36 150.00
  -7948.97 123.42 150.00
  -7938.97 123.48 150.00
  -7928.96 123.55 150.00
  -7918.96 123.61 150.00
  -7908.95 123.67 150.00
  -7898.95 123.74 150.00
  -7888.94 123.80 150.00
  -7878.94 123.86 150.00
  -7868.93 123.93 150.00
  -7858.93 123.99 150.00
  -7848.92 124.05 150.00
  -7838.92 124.12 150.00
  -7828.91 124.18 150.00
  -7818.91 124.24 150.00
  -7808.90 124.31 150.00
  -7798.90 124.37 150.00
  -7788.89 124.43 150.00
  -7778.89 124.50 150.00
  -7768.88 124.56 150.00
  -7758.88 124.63 150.00
  -7748.87 124.69 150.00
  -7738.87 124.75 150.00
  -7728.86 124.82 150.00
  -7718.86 124.88 150.00
  -7708.85 124.94 150.00
  -7698.85 125.01 150.00
  -7688.84 125.07 150.00
  -7678.84 125.13 150.00
  -7668.83 125.20 150.00
  -7658.83 125.26 150.00
  -7648.82 125.32 150.00
  -7638.82 125.39 150.00
  -7628.81 125.45 150.00
  -7618.81 125.51 150.00
  -7608.80 125.58 150.00
  -7598.80 125.64 150.00
  -7588.79 125.70 150.00
  -7578.79 125.77 150.00
  -7568.78 125.83 150.00
  -7558.78 125.89 150.00
  -7548.77 125.96 150.00
  -7538.77 126.02 150.00
  -7528.76 126.08 150.00
  -7518.76 126.15 150.00
  -7508.75 126.21 150.00
  -7498.75 126.27 150.00
  -7488.74 126.33 150.00
  -7478.74 126.40 150.00
  -7468.73 126.46 150.00
  -7458.73 126.52 150.00
  -7448.72 126.59 150.00
  -7438.72 126.65 150.00
  -7428.71 126.71 150.00
  -7418.71 126.77 150.00
  -7408.70 126.84 150.00
  -7398.70 126.90 150.00
  -7388.69 126.96 150.00
  -7378.69 127.02 150.00
  -7368.68 127.09 150.00
  -7358.68 127.15 150.00
  -7348.67 127.21 150.00
  -7338.67 127.27 150.00
  -7328.66 127.34 150.00
  -7318.66 127.40 150.00
  -7308.65 127.46 150.00
  -7298.65 127.52 150.00
  -7288.64 127.58 150.00
  -7278.64 127.65 150.00
  -7268.63 127.71 150.00
  -7258.63 127.77 150.00
  -7248.62 127.83 150.00
  -7238.62 127.89 150.00
  -7228.61 127.95 150.00
  -7218.61 128.02 150.00
  -7208.60 128.08 150.00
  -7198.60 128.14 150.00
  -7188.59 128.20 150.00
  -7178.59 128.26 150.00
  -7168.58 128.32 150.00
  -7158.58 128.38 150.00
  -7148.57 128.45 150.00
  -7138.57 128.51 150.00
  -7128.56 128.57 150.00
  -7118.56 128.63 150.00
  -7108.55 128.69 150.00
  -7098.55 128.75 150.00
  -7088.54 128.81 150.00
  -7078.54 128.87 150.00
  -7068.53 128.93 150.00
  -7058.53 128.99 150.00
  -7048.52 129.05 150.00
  -7038.52 129.11 150.00
  -7028.51 129.17 150.00
  -7018.51 129.23 150.00
  -7008.50 129.29 150.00
  -6998.50 129.35 150.00
  -6988.49 129.42 150.00
  -6978.49 129.48 150.00
  -6968.48 129.54 150.00
  -6958.48 129.59 150.00
  -6948.47 129.65 150.00
  -6938.47 129.71 150.00
  -6928.46 129.77 150.00
  -6918.46 129.83 150.00
  -6908.45 129.89 150.00
  -6898.45 129.95 150.00
  -6888.44 130.01 150.00
  -6878.44 130.07 150.00
  -6868.43 130.13 150.00
  -6858.43 130.19 150.00
  -6848.42 130.25 150.00
  -6838.42 130.31 150.00
  -6828.41 130.37 150.00
  -6818.41 130.43 150.00
  -6808.40 130.48 150.00
  -6798.40 130.54 150.00
  -6788.39 130.60 150.00
  -6778.39 130.66 150.00
  -6768.38 130.72 150.00
  -6758.38 130.78 150.00
  -6748.37 130.84 150.00
  -6738.37 130.89 150.00
  -6728.36 130.95 150.00
  -6718.36 131.01 150.00
  -6708.35 131.07 150.00
  -6698.35 131.13 150.00
  -6688.34 131.18 150.00
  -6678.34 131.24 150.00
  -6668.33 131.30 150.00
  -6658.33 131.36 150.00
  -6648.32 131.41 150.00
  -6638.32 131.47 150.00
  -6628.31 131.53 150.00
  -6618.31 131.59 150.00
  -6608.30 131.64 150.00
  -6598.30 131.70 150.00
  -6588.29 131.76 150.00
  -6578.29 131.81 150.00
  -6568.28 131.87 150.00
  -6558.28 131.93 150.00
  -6548.27 131.98 150.00
  -6538.27 132.04 150.00
  -6528.26 132.10 150.00
  -6518.26 132.15 150.00
  -6508.25 132.21 150.00
  -6498.25 132.27 150.00
  -6488.24 132.32 150.00
  -6478.24 132.38 150.00
  -6468.23 132.43 150.00
  -6458.23 132.49 150.00
  -6448.22 132.54 150.00
  -6438.22 132.60 150.00
  -6428.21 132.66 150.00
  -6418.21 132.71 150.00
  -6408.20 132.77 150.00
  -6398.20 132.82 150.00
  -6388.19 132.88 150.00
  -6378.19 132.93 150.00
  -6368.18 132.99 150.00
  -6358.18 133.04 150.00
  -6348.17 133.10 150.00
  -6338.17 133.15 150.00
  -6328.16 133.21 150.00
  -6318.16 133.26 150.00
  -6308.15 133.31 150.00
  -6298.15 133.37 150.00
  -6288.14 133.42 150.00
  -6278.14 133.48 150.00
  -6268.13 133.53 150.00
  -6258.13 133.59 150.00
  -6248.12 133.64 150.00
  -6238.12 133.69 150.00
  -6228.11 133.75 150.00
  -6218.11 133.80 150.00
  -6208.10 133.85 150.00
  -6198.10 133.91 150.00
  -6188.09 133.96 150.00
  -6178.09 134.01 150.00
  -6168.08 134.07 150.00
  -6158.08 134.12 150.00
  -6148.07 134.17 150.00
  -6138.07 134.22 150.00
  -6128.06 134.28 150.00
  -6118.06 134.33 150.00
  -6108.05 134.38 150.00
  -6098.05 134.43 150.00
  -6088.04 134.49 150.00
  -6078.04 134.54 150.00
  -6068.03 134.59 150.00
  -6058.03 134.64 150.00
  -6048.02 134.69 150.00
  -6038.02 134.75 150.00
  -6028.01 134.80 150.00
  -6018.01 134.85 150.00
  -6008.00 134.90 150.00
  -5998.00 134.95 150.00
  -5987.99 135.00 150.00
  -5977.99 135.05 150.00
  -5967.98 135.10 150.00
  -5957.98 135.16 150.00
  -5947.97 135.21 150.00
  -5937.97 135.26 150.00
  -5927.96 135.31 150.00
  -5917.96 135.36 150.00
  -5907.95 135.41 150.00
  -5897.95 135.46 150.00
  -5887.94 135.51 150.00
  -5877.94 135.56 150.00
  -5867.93 135.61 150.00
  -5857.93 135.66 150.00
  -5847.92 135.71 150.00
  -5837.92 135.76 150.00
  -5827.91 135.81 150.00
  -5817.91 135.86 150.00
  -5807.90 135.90 150.00
  -5797.90 135.95 150.00
  -5787.89 136.00 150.00
  -5777.89 136.05 150.00
  -5767.88 136.10 150.00
  -5757.88 136.15 150.00
  -5747.87 136.20 150.00
  -5737.87 136.25 150.00
  -5727.86 136.29 150.00
  -5717.86 136.34 150.00
  -5707.85 136.39 150.00
  -5697.85 136.44 150.00
  -5687.84 136.49 150.00
  -5677.84 136.54 150.00
  -5667.83 136.58 150.00
  -5657.83 136.63 150.00
  -5647.82 136.68 150.00
  -5637.82 136.73 150.00
  -5627.81 136.77 150.00
  -5617.81 136.82 150.00
  -5607.80 136.87 150.00
  -5597.80 136.91 150.00
  -5587.79 136.96 150.00
  -5577.79 137.01 150.00
  -5567.78 137.05 150.00
  -5557.78 137.10 150.00
  -5547.77 137.15 150.00
  -5537.77 137.19 150.00
  -5527.76 137.24 150.00
  -5517.76 137.29 150.00
  -5507.75 137.33 150.00
  -5497.75 137.38 150.00
  -5487.74 137.42 150.00
  -5477.74 137.47 150.00
  -5467.73 137.51 150.00
  -5457.73 137.56 150.00
  -5447.72 137.60 150.00
  -5437.72 137.65 150.00
  -5427.71 137.69 150.00
  -5417.71 137.74 150.00
  -5407.70 137.78 150.00
  -5397.70 137.83 150.00
  -5387.69 137.87 150.00
  -5377.69 137.92 150.00
  -5367.68 137.96 150.00
  -5357.68 138.01 150.00
  -5347.67 138.05 150.00
  -5337.67 138.09 150.00
  -5327.66 138.14 150.00
  -5317.66 138.18 150.00
  -5307.65 138.23 150.00
  -5297.65 138.27 150.00
  -5287.64 138.31 150.00
  -5277.64 138.36 150.00
  -5267.63 138.40 150.00
  -5257.63 138.44 150.00
  -5247.62 138.49 150.00
  -5237.62 138.53 150.00
  -5227.61 138.57 150.00
  -5217.61 138.61 150.00
  -5207.60 138.66 150.00
  -5197.60 138.70 150.00
  -5187.59 138.74 150.00
  -5177.59 138.78 150.00
  -5167.58 138.83 150.00
  -5157.58 138.87 150.00
  -5147.57 138.91 150.00
  -5137.57 138.95 150.00
  -5127.56 138.99 150.00
  -5117.56 139.03 150.00
  -5107.55 139.08 150.00
  -5097.55 139.12 150.00
  -5087.54 139.16 150.00
  -5077.54 139.20 150.00
  -5067.53 139.24 150.00
  -5057.53 139.28 150.00
  -5047.52 139.32 150.00
  -5037.52 139.36 150.00
  -5027.51 139.40 150.00
  -5017.51 139.44 150.00
  -5007.50 139.48 150.00
  -4997.50 139.52 150.00
  -4987.49 139.56 150.00
  -4977.49 139.60 150.00
  -4967.48 139.64 150.00
  -4957.48 139.68 150.00
  -4947.47 139.72 150.00
  -4937.47 139.76 150.00
  -4927.46 139.80 150.00
  -4917.46 139.84 150.00
  -4907.45 139.88 150.00
  -4897.45 139.92 150.00
  -4887.44 139.96 150.00
  -4877.44 140.00 150.00
  -4867.43 140.03 150.00
  -4857.43 140.07 150.00
  -4847.42 140.11 150.00
  -4837.42 140.15 150.00
  -4827.41 140.19 150.00
  -4817.41 140.23 150.00
  -4807.40 140.26 150.00
  -4797.40 140.30 150.00
  -4787.39 140.34 150.00
  -4777.39 140.38 150.00
  -4767.38 140.41 150.00
  -4757.38 140.45 150.00
  -4747.37 140.49 150.00
  -4737.37 140.53 150.00
  -4727.36 140.56 150.00
  -4717.36 140.60 150.00
  -4707.35 140.64 150.00
  -4697.35 140.67 150.00
  -4687.34 140.71 150.00
  -4677.34 140.75 150.00
  -4667.33 140.78 150.00
  -4657.33 140.82 150.00
  -4647.32 140.86 150.00
  -4637.32 140.89 150.00
  -4627.31 140.93 150.00
  -4617.31 140.96 150.00
  -4607.30 141.00 150.00
  -4597.30 141.03 150.00
  -4587.29 141.07 150.00
  -4577.29 141.11 150.00
  -4567.28 141.14 150.00
  -4557.28 141.18 150.00
  -4547.27 141.21 150.00
  -4537.27 141.25 150.00
  -4527.26 141.28 150.00
  -4517.26 141.31 150.00
  -4507.25 141.35 150.00
  -4497.25 141.38 150.00
  -4487.24 141.42 150.00
  -4477.24 141.45 150.00
  -4467.23 141.49 150.00
  -4457.23 141.52 150.00
  -4447.22 141.55 150.00
  -4437.22 141.59 150.00
  -4427.21 141.62 150.00
  -4417.21 141.66 150.00
  -4407.20 141.69 150.00
  -4397.20 141.72 150.00
  -4387.19 141.76 150.00
  -4377.19 141.79 150.00
  -4367.18 141.82 150.00
  -4357.18 141.85 150.00
  -4347.17 141.89 150.00
  -4337.17 141.92 150.00
  -4327.16 141.95 150.00
  -4317.16 141.98 150.00
  -4307.15 142.02 150.00
  -4297.15 142.05 150.00
  -4287.14 142.08 150.00
  -4277.14 142.11 150.00
  -4267.13 142.15 150.00
  -4257.13 142.18 150.00
  -4247.12 142.21 150.00
  -4237.12 142.24 150.00
  -4227.11 142.27 150.00
  -4217.11 142.30 150.00
  -4207.10 142.33 150.00
  -4197.10 142.37 150.00
  -4187.09 142.40 150.00
  -4177.09 142.43 150.00
  -4167.08 142.46 150.00
  -4157.08 142.49 150.00
  -4147.07 142.52 150.00
  -4137.07 142.55 150.00
  -4127.06 142.58 150.00
  -4117.06 142.61 150.00
  -4107.05 142.64 150.00
  -4097.05 142.67 150.00
  -4087.04 142.70 150.00
  -4077.04 142.73 150.00
  -4067.03 142.76 150.00
  -4057.03 142.79 150.00
  -4047.02 142.82 150.00
  -4037.02 142.85 150.00
  -4027.01 142.88 150.00
  -4017.01 142.91 150.00
  -4007.00 142.94 150.00
  -3997.00 142.96 150.00
  -3986.99 142.99 150.00
  -3976.99 143.02 150.00
  -3966.98 143.05 150.00
  -3956.98 143.08 150.00
  -3946.97 143.11 150.00
  -3936.97 143.14 150.00
  -3926.96 143.16 150.00
  -3916.96 143.19 150.00
  -3906.95 143.22 150.00
  -3896.95 143.25 150.00
  -3886.94 143.28 150.00
  -3876.94 143.30 150.00
  -3866.93 143.33 150.00
  -3856.93 143.36 150.00
  -3846.92 143.39 150.00
  -3836.92 143.41 150.00
  -3826.91 143.44 150.00
  -3816.91 143.47 150.00
  -3806.90 143.49 150.00
  -3796.90 143.52 150.00
  -3786.89 143.55 150.00
  -3776.89 143.57 150.00
  -3766.88 143.60 150.00
  -3756.88 143.63 150.00
  -3746.87 143.65 150.00
  -3736.87 143.68 150.00
  -3726.86 143.71 150.00
  -3716.86 143.73 150.00
  -3706.85 143.76 150.00
  -3696.85 143.78 150.00
  -3686.84 143.81 150.00
  -3676.84 143.84 150.00
  -3666.83 143.86 150.00
  -3656.83 143.89 150.00
  -3646.82 143.91 150.00
  -3636.82 143.94 150.00
  -3626.81 143.96 150.00
  -3616.81 143.99 150.00
  -3606.80 144.01 150.00
  -3596.80 144.04 150.00
  -3586.79 144.06 150.00
  -3576.79 144.09 150.00
  -3566.78 144.11 150.00
  -3556.78 144.14 150.00
  -3546.77 144.16 150.00
  -3536.77 144.18 150.00
  -3526.76 144.21 150.00
  -3516.76 144.23 150.00
  -3506.75 144.26 150.00
  -3496.75 144.28 150.00
  -3486.74 144.30 150.00
  -3476.74 144.33 150.00
  -3466.73 144.35 150.00
  -3456.73 144.37 150.00
  -3446.72 144.40 150.00
  -3436.72 144.42 150.00
  -3426.71 144.44 150.00
  -3416.71 144.47 150.00
  -3406.70 144.49 150.00
  -3396.70 144.51 150.00
  -3386.69 144.54 150.00
  -3376.69 144.56 150.00
  -3366.68 144.58 150.00
  -3356.68 144.60 150.00
  -3346.67 144.63 150.00
  -3336.67 144.65 150.00
  -3326.66 144.67 150.00
  -3316.66 144.69 150.00
  -3306.65 144.71 150.00
  -3296.65 144.74 150.00
  -3286.64 144.76 150.00
  -3276.64 144.78 150.00
  -3266.63 144.80 150.00
  -3256.63 144.82 150.00
  -3246.62 144.84 150.00
  -3236.62 144.87 150.00
  -3226.61 144.89 150.00
  -3216.61 144.91 150.00
  -3206.60 144.93 150.00
  -3196.60 144.95 150.00
  -3186.59 144.97 150.00
  -3176.59 144.99 150.00
  -3166.58 145.01 150.00
  -3156.58 145.03 150.00
  -3146.57 145.05 150.00
  -3136.57 145.07 150.00
  -3126.56 145.09 150.00
  -3116.56 145.11 150.00
  -3106.55 145.13 150.00
  -3096.55 145.15 150.00
  -3086.54 145.17 150.00
  -3076.54 145.19 150.00
  -3066.53 145.21 150.00
  -3056.53 145.23 150.00
  -3046.52 145.25 150.00
  -3036.52 145.27 150.00
  -3026.51 145.29 150.00
  -3016.51 145.31 150.00
  -3006.50 145.33 150.00
  -2996.50 145.35 150.00
  -2986.49 145.37 150.00
  -2976.49 145.39 150.00
  -2966.48 145.41 150.00
  -2956.48 145.43 150.00
  -2946.47 145.44 150.00
  -2936.47 145.46 150.00
  -2926.46 145.48 150.00
  -2916.46 145.50 150.00
  -2906.45 145.52 150.00
  -2896.45 145.54 150.00
  -2886.44 145.56 150.00
  -2876.44 145.57 150.00
  -2866.43 145.59 150.00
  -2856.43 145.61 150.00
  -2846.42 145.63 150.00
  -2836.42 145.65 150.00
  -2826.41 145.66 150.00
  -2816.41 145.68 150.00
  -2806.40 145.70 150.00
  -2796.40 145.72 150.00
  -2786.39 145.73 150.00
  -2776.39 145.75 150.00
  -2766.38 145.77 150.00
  -2756.38 145.78 150.00
  -2746.37 145.80 150.00
  -2736.37 145.82 150.00
  -2726.36 145.84 150.00
  -2716.36 145.85 150.00
  -2706.35 145.87 150.00
  -2696.35 145.89 150.00
  -2686.34 145.90 150.00
  -2676.34 145.92 150.00
  -2666.33 145.93 150.00
  -2656.33 145.95 150.00
  -2646.32 145.97 150.00
  -2636.32 145.98 150.00
  -2626.31 146.00 150.00
  -2616.31 146.02 150.00
  -2606.30 146.03 150.00
  -2596.30 146.05 150.00
  -2586.29 146.06 150.00
  -2576.29 146.08 150.00
  -2566.28 146.09 150.00
  -2556.28 146.11 150.00
  -2546.27 146.12 150.00
  -2536.27 146.14 150.00
  -2526.26 146.16 150.00
  -2516.26 146.17 150.00
  -2506.25 146.19 150.00
  -2496.25 146.20 150.00
  -2486.24 146.22 150.00
  -2476.24 146.23 150.00
  -2466.23 146.25 150.00
  -2456.23 146.26 150.00
  -2446.22 146.27 150.00
  -2436.22 146.29 150.00
  -2426.21 146.30 150.00
  -2416.21 146.32 150.00
  -2406.20 146.33 150.00
  -2396.20 146.35 150.00
  -2386.19 146.36 150.00
  -2376.19 146.37 150.00
  -2366.18 146.39 150.00
  -2356.18 146.40 150.00
  -2346.17 146.42 150.00
  -2336.17 146.43 150.00
  -2326.16 146.44 150.00
  -2316.16 146.46 150.00
  -2306.15 146.47 150.00
  -2296.15 146.48 150.00
  -2286.14 146.50 150.00
  -2276.14 146.51 150.00
  -2266.13 146.52 150.00
  -2256.13 146.54 150.00
  -2246.12 146.55 150.00
  -2236.12 146.56 150.00
  -2226.11 146.58 150.00
  -2216.11 146.59 150.00
  -2206.10 146.60 150.00
  -2196.10 146.62 150.00
  -2186.09 146.63 150.00
  -2176.09 146.64 150.00
  -2166.08 146.65 150.00
  -2156.08 146.67 150.00
  -2146.07 146.68 150.00
  -2136.07 146.69 150.00
  -2126.06 146.70 150.00
  -2116.06 146.71 150.00
  -2106.05 146.73 150.00
  -2096.05 146.74 150.00
  -2086.04 146.75 150.00
  -2076.04 146.76 150.00
  -2066.03 146.77 150.00
  -2056.03 146.79 150.00
  -2046.02 146.80 150.00
  -2036.02 146.81 150.00
  -2026.01 146.82 150.00
  -2016.01 146.83 150.00
  -2006.00 146.84 150.00
  -1996.00 146.86 150.00
  -1985.99 146.87 150.00
  -1975.99 146.88 150.00
  -1965.98 146.89 150.00
  -1955.98 146.90 150.00
  -1945.97 146.91 150.00
  -1935.97 146.92 150.00
  -1925.96 146.93 150.00
  -1915.96 146.94 150.00
  -1905.95 146.95 150.00
  -1895.95 146.96 150.00
  -1885.94 146.98 150.00
  -1875.94 146.99 150.00
  -1865.93 147.00 150.00
  -1855.93 147.01 150.00
  -1845.92 147.02 150.00
  -1835.92 147.03 150.00
  -1825.91 147.04 150.00
  -1815.91 147.05 150.00
  -1805.90 147.06 150.00
  -1795.90 147.07 150.00
  -1785.89 147.08 150.00
  -1775.89 147.09 150.00
  -1765.88 147.10 150.00
  -1755.88 147.11 150.00
  -1745.87 147.12 150.00
  -1735.87 147.13 150.00
  -1725.86 147.14 150.00
  -1715.86 147.14 150.00
  -1705.85 147.15 150.00
  -1695.85 147.16 150.00
  -1685.84 147.17 150.00
  -1675.84 147.18 150.00
  -1665.83 147.19 150.00
  -1655.83 147.20 150.00
  -1645.82 147.21 150.00
  -1635.82 147.22 150.00
  -1625.81 147.23 150.00
  -1615.81 147.24 150.00
  -1605.80 147.24 150.00
  -1595.80 147.25 150.00
  -1585.79 147.26 150.00
  -1575.79 147.27 150.00
  -1565.78 147.28 150.00
  -1555.78 147.29 150.00
  -1545.77 147.30 150.00
  -1535.77 147.30 150.00
  -1525.76 147.31 150.00
  -1515.76 147.32 150.00
  -1505.75 147.33 150.00
  -1495.75 147.34 150.00
  -1485.74 147.35 150.00
  -1475.74 147.35 150.00
  -1465.73 147.36 150.00
  -1455.73 147.37 150.00
  -1445.72 147.38 150.00
  -1435.72 147.38 150.00
  -1425.71 147.39 150.00
  -1415.71 147.40 150.00
  -1405.70 147.41 150.00
  -1395.70 147.41 150.00
  -1385.69 147.42 150.00
  -1375.69 147.43 150.00
  -1365.68 147.44 150.00
  -1355.68 147.44 150.00
  -1345.67 147.45 150.00
  -1335.67 147.46 150.00
  -1325.66 147.47 150.00
  -1315.66 147.47 150.00
  -1305.65 147.48 150.00
  -1295.65 147.49 150.00
  -1285.64 147.49 150.00
  -1275.64 147.50 150.00
  -1265.63 147.51 150.00
  -1255.63 147.51 150.00
  -1245.62 147.52 150.00
  -1235.62 147.53 150.00
  -1225.61 147.53 150.00
  -1215.61 147.54 150.00
  -1205.60 147.55 150.00
  -1195.60 147.55 150.00
  -1185.59 147.56 150.00
  -1175.59 147.56 150.00
  -1165.58 147.57 150.00
  -1155.58 147.58 150.00
  -1145.57 147.58 150.00
  -1135.57 147.59 150.00
  -1125.56 147.59 150.00
  -1115.56 147.60 150.00
  -1105.55 147.61 150.00
  -1095.55 147.61 150.00
  -1085.54 147.62 150.00
  -1075.54 147.62 150.00
  -1065.53 147.63 150.00
  -1055.53 147.63 150.00
  -1045.52 147.64 150.00
  -1035.52 147.64 150.00
  -1025.51 147.65 150.00
  -1015.51 147.66 150.00
  -1005.50 147.66 150.00
   -995.50 147.67 150.00
   -985.49 147.67 150.00
   -975.49 147.68 150.00
   -965.48 147.68 150.00
   -955.48 147.69 150.00
   -945.47 147.69 150.00
   -935.47 147.70 150.00
   -925.46 147.70 150.00
   -915.46 147.71 150.00
   -905.45 147.71 150.00
   -895.45 147.71 150.00
   -885.44 147.72 150.00
   -875.44 147.72 150.00
   -865.43 147.73 150.00
   -855.43 147.73 150.00
   -845.42 147.74 150.00
   -835.42 147.74 150.00
   -825.41 147.75 150.00
   -815.41 147.75 150.00
   -805.40 147.75 150.00
   -795.40 147.76 150.00
   -785.39 147.76 150.00
   -775.39 147.77 150.00
   -765.38 147.77 150.00
   -755.38 147.77 150.00
   -745.37 147.78 150.00
   -735.37 147.78 150.00
   -725.36 147.79 150.00
   -715.36 147.79 150.00
   -705.35 147.79 150.00
   -695.35 147.80 150.00
   -685.34 147.80 150.00
   -675.34 147.80 150.00
   -665.33 147.81 150.00
   -655.33 147.81 150.00
   -645.32 147.81 150.00
   -635.32 147.82 150.00
   -625.31 147.82 150.00
   -615.31 147.82 150.00
   -605.30 147.83 150.00
   -595.30 147.83 150.00
   -585.29 147.83 150.00
   -575.29 147.83 150.00
   -565.28 147.84 150.00
   -555.28 147.84 150.00
   -545.27 147.84 150.00
   -535.27 147.85 150.00
   -525.26 147.85 150.00
   -515.26 147.85 150.00
   -505.25 147.85 150.00
   -495.25 147.86 150.00
   -485.24 147.86 150.00
   -475.24 147.86 150.00
   -465.23 147.86 150.00
   -455.23 147.87 150.00
   -445.22 147.87 150.00
   -435.22 147.87 150.00
   -425.21 147.87 150.00
   -415.21 147.87 150.00
   -405.20 147.88 150.00
   -395.20 147.88 150.00
   -385.19 147.88 150.00
   -375.19 147.88 150.00
   -365.18 147.88 150.00
   -355.18 147.89 150.00
   -345.17 147.89 150.00
   -335.17 147.89 150.00
   -325.16 147.89 150.00
   -315.16 147.89 150.00
   -305.15 147.89 150.00
   -295.15 147.90 150.00
   -285.14 147.90 150.00
   -275.14 147.90 150.00
   -265.13 147.90 150.00
   -255.13 147.90 150.00
   -245.12 147.90 150.00
   -235.12 147.90 150.00
   -225.11 147.91 150.00
   -215.11 147.91 150.00
   -205.10 147.91 150.00
   -195.10 147.91 150.00
   -185.09 147.91 150.00
   -175.09 147.91 150.00
   -165.08 147.91 150.00
   -155.08 147.91 150.00
   -145.07 147.91 150.00
   -135.07 147.91 150.00
   -125.06 147.91 150.00
   -115.06 147.91 150.00
   -105.05 147.92 150.00
    -95.05 147.92 150.00
    -85.04 147.92 150.00
    -75.04 147.92 150.00
    -65.03 147.92 150.00
    -55.03 147.92 150.00
    -45.02 147.92 150.00
    -35.02 147.92 150.00
    -25.01 147.92 150.00
    -15.01 147.92 150.00
     -5.00 147.92 150.00
      5.00 147.92 150.00
     15.01 147.92 150.00
     25.01 147.92 150.00
     35.02 147.92 150.00
     45.02 147.92 150.00
     55.03 147.92 150.00
     65.03 147.92 150.00
     75.04 147.92 150.00
     85.04 147.92 150.00
     95.05 147.92 150.00
    105.05 147.92 150.00
    115.06 147.91 150.00
    125.06 147.91 150.00
    135.07 147.91 150.00
    145.07 147.91 150.00
    155.08 147.91 150.00
    165.08 147.91 150.00
    175.09 147.91 150.00
    185.09 147.91 150.00
    195.10 147.91 150.00
    205.10 147.91 150.00
    215.11 147.91 150.00
    225.11 147.91 150.00
    235.12 147.90 150.00
    245.12 147.90 150.00
    255.13 147.90 150.00
    265.13 147.90 150.00
    275.14 147.90 150.00
    285.14 147.90 150.00
    295.15 147.90 150.00
    305.15 147.89 150.00
    315.16 147.89 150.00
    325.16 147.89 150.00
    335.17 147.89 150.00
    345.17 147.89 150.00
    355.18 147.89 150.00
    365.18 147.88 150.00
    375.19 147.88 150.00
    385.19 147.88 150.00
    395.20 147.88 150.00
    405.20 147.88 150.00
    415.21 147.87 150.00
    425.21 147.87 150.00
    435.22 147.87 150.00
    445.22 147.87 150.00
    455.23 147.87 150.00
    465.23 147.86 150.00
    475.24 147.86 150.00
    485.24 147.86 150.00
    495.25 147.86 150.00
    505.25 147.85 150.00
    515.26 147.85 150.00
    525.26 147.85 150.00
    535.27 147.85 150.00
    545.27 147.84 150.00
    555.28 147.84 150.00
    565.28 147.84 150.00
    575.29 147.83 150.00
    585.29 147.83 150.00
    595.30 147.83 150.00
    605.30 147.83 150.00
    615.31 147.82 150.00
    625.31 147.82 150.00
    635.32 147.82 150.00
    645.32 147.81 150.00
    655.33 147.81 150.00
    665.33 147.81 150.00
    675.34 147.80 150.00
    685.34 147.80 150.00
    695.35 147.80 150.00
    705.35 147.79 150.00
    715.36 147.79 150.00
    725.36 147.79 150.00
    735.37 147.78 150.00
    745.37 147.78 150.00
    755.38 147.77 150.00
    765.38 147.77 150.00
    775.39 147.77 150.00
    785.39 147.76 150.00
    795.40 147.76 150.00
    805.40 147.75 150.00
    815.41 147.75 150.00
    825.41 147.75 150.00
    835.42 147.74 150.00
    845.42 147.74 150.00
    855.43 147.73 150.00
    865.43 147.73 150.00
    875.44 147.72 150.00
    885.44 147.72 150.00
    895.45 147.71 150.00
    905.45 147.71 150.00
    915.46 147.71 150.00
    925.46 147.70 150.00
    935.47 147.70 150.00
    945.47 147.69 150.00
    955.48 147.69 150.00
    965.48 147.68 150.00
    975.49 147.68 150.00
    985.49 147.67 150.00
    995.50 147.67 150.00
   1005.50 147.66 150.00
   1015.51 147.66 150.00
   1025.51 147.65 150.00
   1035.52 147.64 150.00
   1045.52 147.64 150.00
   1055.53 147.63 150.00
   1065.53 147.63 150.00
   1075.54 147.62 150.00
   1085.54 147.62 150.00
   1095.55 147.61 150.00
   1105.55 147.61 150.00
   1115.56 147.60 150.00
   1125.56 147.59 150.00
   1135.57 147.59 150.00
   1145.57 147.58 150.00
   1155.58 147.58 150.00
   1165.58 147.57 150.00
   1175.59 147.56 150.00
   1185.59 147.56 150.00
   1195.60 147.55 150.00
   1205.60 147.55 150.00
   1215.61 147.54 150.00
   1225.61 147.53 150.00
   1235.62 147.53 150.00
   1245.62 147.52 150.00
   1255.63 147.51 150.00
   1265.63 147.51 150.00
   1275.64 147.50 150.00
   1285.64 147.49 150.00
   1295.65 147.49 150.00
   1305.65 147.48 150.00
   1315.66 147.47 150.00
   1325.66 147.47 150.00
   1335.67 147.46 150.00
   1345.67 147.45 150.00
   1355.68 147.44 150.00
   1365.68 147.44 150.00
   1375.69 147.43 150.00
   1385.69 147.42 150.00
   1395.70 147.41 150.00
   1405.70 147.41 150.00
   1415.71 147.40 150.00
   1425.71 147.39 150.00
   1435.72 147.38 150.00
   1445.72 147.38 150.00
   1455.73 147.37 150.00
   1465.73 147.36 150.00
   1475.74 147.35 150.00
   1485.74 147.35 150.00
   1495.75 147.34 150.00
   1505.75 147.33 150.00
   1515.76 147.32 150.00
   1525.76 147.31 150.00
   1535.77 147.30 150.00
   1545.77 147.30 150.00
   1555.78 147.29 150.00
   1565.78 147.28 150.00
   1575.79 147.27 150.00
   1585.79 147.26 150.00
   1595.80 147.25 150.00
   1605.80 147.24 150.00
   1615.81 147.24 150.00
   1625.81 147.23 150.00
   1635.82 147.22 150.00
   1645.82 147.21 150.00
   1655.83 147.20 150.00
   1665.83 147.19 150.00
   1675.84 147.18 150.00
   1685.84 147.17 150.00
   1695.85 147.16 150.00
   1705.85 147.15 150.00
   1715.86 147.14 150.00
   1725.86 147.14 150.00
   1735.87 147.13 150.00
   1745.87 147.12 150.00
   1755.88 147.11 150.00
   1765.88 147.10 150.00
   1775.89 147.09 150.00
   1785.89 147.08 150.00
   1795.90 147.07 150.00
   1805.90 147.06 150.00
   1815.91 147.05 150.00
   1825.91 147.04 150.00
   1835.92 147.03 150.00
   1845.92 147.02 150.00
   1855.93 147.01 150.00
   1865.93 147.00 150.00
   1875.94 146.99 150.00
   1885.94 146.98 150.00
   1895.95 146.96 150.00
   1905.95 146.95 150.00
   1915.96 146.94 150.00
   1925.96 146.93 150.00
   1935.97 146.92 150.00
   1945.97 146.91 150.00
   1955.98 146.90 150.00
   1965.98 146.89 150.00
   1975.99 146.88 150.00
   1985.99 146.87 150.00
   1996.00 146.86 150.00
   2006.00 146.84 150.00
   2016.01 146.83 150.00
   2026.01 146.82 150.00
   2036.02 146.81 150.00
   2046.02 146.80 150.00
   2056.03 146.79 150.00
   2066.03 146.77 150.00
   2076.04 146.76 150.00
   2086.04 146.75 150.00
   2096.05 146.74 150.00
   2106.05 146.73 150.00
   2116.06 146.71 150.00
   2126.06 146.70 150.00
   2136.07 146.69 150.00
   2146.07 146.68 150.00
   2156.08 146.67 150.00
   2166.08 146.65 150.00
   2176.09 146.64 150.00
   2186.09 146.63 150.00
   2196.10 146.62 150.00
   2206.10 146.60 150.00
   2216.11 146.59 150.00
   2226.11 146.58 150.00
   2236.12 146.56 150.00
   2246.12 146.55 150.00
   2256.13 146.54 150.00
   2266.13 146.52 150.00
   2276.14 146.51 150.00
   2286.14 146.50 150.00
   2296.15 146.48 150.00
   2306.15 146.47 150.00
   2316.16 146.46 150.00
   2326.16 146.44 150.00
   2336.17 146.43 150.00
   2346.17 146.42 150.00
   2356.18 146.40 150.00
   2366.18 146.39 150.00
   2376.19 146.37 150.00
   2386.19 146.36 150.00
   2396.20 146.35 150.00
   2406.20 146.33 150.00
   2416.21 146.32 150.00
   2426.21 146.30 150.00
   2436.22 146.29 150.00
   2446.22 146.27 150.00
   2456.23 146.26 150.00
   2466.23 146.25 150.00
   2476.24 146.23 150.00
   2486.24 146.22 150.00
   2496.25 146.20 150.00
   2506.25 146.19 150.00
   2516.26 146.17 150.00
   2526.26 146.16 150.00
   2536.27 146.14 150.00
   2546.27 146.12 150.00
   2556.28 146.11 150.00
   2566.28 146.09 150.00
   2576.29 146.08 150.00
   2586.29 146.06 150.00
   2596.30 146.05 150.00
   2606.30 146.03 150.00
   2616.31 146.02 150.00
   2626.31 146.00 150.00
   2636.32 145.98 150.00
   2646.32 145.97 150.00
   2656.33 145.95 150.00
   2666.33 145.93 150.00
   2676.34 145.92 150.00
   2686.34 145.90 150.00
   2696.35 145.89 150.00
   2706.35 145.87 150.00
   2716.36 145.85 150.00
   2726.36 145.84 150.00
   2736.37 145.82 150.00
   2746.37 145.80 150.00
   2756.38 145.78 150.00
   2766.38 145.77 150.00
   2776.39 145.75 150.00
   2786.39 145.73 150.00
   2796.40 145.72 150.00
   2806.40 145.70 150.00
   2816.41 145.68 150.00
   2826.41 145.66 150.00
   2836.42 145.65 150.00
   2846.42 145.63 150.00
   2856.43 145.61 150.00
   2866.43 145.59 150.00
   2876.44 145.57 150.00
   2886.44 145.56 150.00
   2896.45 145.54 150.00
   2906.45 145.52 150.00
   2916.46 145.50 150.00
   2926.46 145.48 150.00
   2936.47 145.46 150.00
   2946.47 145.44 150.00
   2956.48 145.43 150.00
   2966.48 145.41 150.00
   2976.49 145.39 150.00
   2986.49 145.37 150.00
   2996.50 145.35 150.00
   3006.50 145.33 150.00
   3016.51 145.31 150.00
   3026.51 145.29 150.00
   3036.52 145.27 150.00
   3046.52 145.25 150.00
   3056.53 145.23 150.00
   3066.53 145.21 150.00
   3076.54 145.19 150.00
   3086.54 145.17 150.00
   3096.55 145.15 150.00
   3106.55 145.13 150.00
   3116.56 145.11 150.00
   3126.56 145.09 150.00
   3136.57 145.07 150.00
   3146.57 145.05 150.00
   3156.58 145.03 150.00
   3166.58 145.01 150.00
   3176.59 144.99 150.00
   3186.59 144.97 150.00
   3196.60 144.95 150.00
   3206.60 144.93 150.00
   3216.61 144.91 150.00
   3226.61 144.89 150.00
   3236.62 144.87 150.00
   3246.62 144.84 150.00
   3256.63 144.82 150.00
   3266.63 144.80 150.00
   3276.64 144.78 150.00
   3286.64 144.76 150.00
   3296.65 144.74 150.00
   3306.65 144.71 150.00
   3316.66 144.69 150.00
   3326.66 144.67 150.00
   3336.67 144.65 150.00
   3346.67 144.63 150.00
   3356.68 144.60 150.00
   3366.68 144.58 150.00
   3376.69 144.56 150.00
   3386.69 144.54 150.00
   3396.70 144.51 150.00
   3406.70 144.49 150.00
   3416.71 144.47 150.00
   3426.71 144.44 150.00
   3436.72 144.42 150.00
   3446.72 144.40 150.00
   3456.73 144.37 150.00
   3466.73 144.35 150.00
   3476.74 144.33 150.00
   3486.74 144.30 150.00
   3496.75 144.28 150.00
   3506.75 144.26 150.00
   3516.76 144.23 150.00
   3526.76 144.21 150.00
   3536.77 144.18 150.00
   3546.77 144.16 150.00
   3556.78 144.14 150.00
   3566.78 144.11 150.00
   3576.79 144.09 150.00
   3586.79 144.06 150.00
   3596.80 144.04 150.00
   3606.80 144.01 150.00
   3616.81 143.99 150.00
   3626.81 143.96 150.00
   3636.82 143.94 150.00
   3646.82 143.91 150.00
   3656.83 143.89 150.00
   3666.83 143.86 150.00
   3676.84 143.84 150.00
   3686.84 143.81 150.00
   3696.85 143.78 150.00
   3706.85 143.76 150.00
   3716.86 143.73 150.00
   3726.86 143.71 150.00
   3736.87 143.68 150.00
   3746.87 143.65 150.00
   3756.88 143.63 150.00
   3766.88 143.60 150.00
   3776.89 143.57 150.00
   3786.89 143.55 150.00
   3796.90 143.52 150.00
   3806.90 143.49 150.00
   3816.91 143.47 150.00
   3826.91 143.44 150.00
   3836.92 143.41 150.00
   3846.92 143.39 150.00
   3856.93 143.36 150.00
   3866.93 143.33 150.00
   3876.94 143.30 150.00
   3886.94 143.28 150.00
   3896.95 143.25 150.00
   3906.95 143.22 150.00
   3916.96 143.19 150.00
   3926.96 143.16 150.00
   3936.97 143.14 150.00
   3946.97 143.11 150.00
   3956.98 143.08 150.00
   3966.98 143.05 150.00
   3976.99 143.02 150.00
   3986.99 142.99 150.00
   3997.00 142.96 150.00
   4007.00 142.94 150.00
   4017.01 142.91 150.00
   4027.01 142.88 150.00
   4037.02 142.85 150.00
   4047.02 142.82 150.00
   4057.03 142.79 150.00
   4067.03 142.76 150.00
   4077.04 142.73 150.00
   4087.04 142.70 150.00
   4097.05 142.67 150.00
   4107.05 142.64 150.00
   4117.06 142.61 150.00
   4127.06 142.58 150.00
   4137.07 142.55 150.00
   4147.07 142.52 150.00
   4157.08 142.49 150.00
   4167.08 142.46 150.00
   4177.09 142.43 150.00
   4187.09 142.40 150.00
   4197.10 142.37 150.00
   4207.10 142.33 150.00
   4217.11 142.30 150.00
   4227.11 142.27 150.00
   4237.12 142.24 150.00
   4247.12 142.21 150.00
   4257.13 142.18 150.00
   4267.13 142.15 150.00
   4277.14 142.11 150.00
   4287.14 142.08 150.00
   4297.15 142.05 150.00
   4307.15 142.02 150.00
   4317.16 141.98 150.00
   4327.16 141.95 150.00
   4337.17 141.92 150.00
   4347.17 141.89 150.00
   4357.18 141.85 150.00
   4367.18 141.82 150.00
   4377.19 141.79 150.00
   4387.19 141.76 150.00
   4397.20 141.72 150.00
   4407.20 141.69 150.00
   4417.21 141.66 150.00
   4427.21 141.62 150.00
   4437.22 141.59 150.00
   4447.22 141.55 150.00
   4457.23 141.52 150.00
   4467.23 141.49 150.00
   4477.24 141.45 150.00
   4487.24 141.42 150.00
   4497.25 141.38 150.00
   4507.25 141.35 150.00
   4517.26 141.31 150.00
   4527.26 141.28 150.00
   4537.27 141.25 150.00
   4547.27 141.21 150.00
   4557.28 141.18 150.00
   4567.28 141.14 150.00
   4577.29 141.11 150.00
   4587.29 141.07 150.00
   4597.30 141.03 150.00
   4607.30 141.00 150.00
   4617.31 140.96 150.00
   4627.31 140.93 150.00
   4637.32 140.89 150.00
   4647.32 140.86 150.00
   4657.33 140.82 150.00
   4667.33 140.78 150.00
   4677.34 140.75 150.00
   4687.34 140.71 150.00
   4697.35 140.67 150.00
   4707.35 140.64 150.00
   4717.36 140.60 150.00
   4727.36 140.56 150.00
   4737.37 140.53 150.00
   4747.37 140.49 150.00
   4757.38 140.45 150.00
   4767.38 140.41 150.00
   4777.39 140.38 150.00
   4787.39 140.34 150.00
   4797.40 140.30 150.00
   4807.40 140.26 150.00
   4817.41 140.23 150.00
   4827.41 140.19 150.00
   4837.42 140.15 150.00
   4847.42 140.11 150.00
   4857.43 140.07 150.00
   4867.43 140.03 150.00
   4877.44 140.00 150.00
   4887.44 139.96 150.00
   4897.45 139.92 150.00
   4907.45 139.88 150.00
   4917.46 139.84 150.00
   4927.46 139.80 150.00
   4937.47 139.76 150.00
   4947.47 139.72 150.00
   4957.48 139.68 150.00
   4967.48 139.64 150.00
   4977.49 139.60 150.00
   4987.49 139.56 150.00
   4997.50 139.52 150.00
   5007.50 139.48 150.00
   5017.51 139.44 150.00
   5027.51 139.40 150.00
   5037.52 139.36 150.00
   5047.52 139.32 150.00
   5057.53 139.28 150.00
   5067.53 139.24 150.00
   5077.54 139.20 150.00
   5087.54 139.16 150.00
   5097.55 139.12 150.00
   5107.55 139.08 150.00
   5117.56 139.03 150.00
   5127.56 138.99 150.00
   5137.57 138.95 150.00
   5147.57 138.91 150.00
   5157.58 138.87 150.00
   5167.58 138.83 150.00
   5177.59 138.78 150.00
   5187.59 138.74 150.00
   5197.60 138.70 150.00
   5207.60 138.66 150.00
   5217.61 138.61 150.00
   5227.61 138.57 150.00
   5237.62 138.53 150.00
   5247.62 138.49 150.00
   5257.63 138.44 150.00
   5267.63 138.40 150.00
   5277.64 138.36 150.00
   5287.64 138.31 150.00
   5297.65 138.27 150.00
   5307.65 138.23 150.00
   5317.66 138.18 150.00
   5327.66 138.14 150.00
   5337.67 138.09 150.00
   5347.67 138.05 150.00
   5357.68 138.01 150.00
   5367.68 137.96 150.00
   5377.69 137.92 150.00
   5387.69 137.87 150.00
   5397.70 137.83 150.00
   5407.70 137.78 150.00
   5417.71 137.74 150.00
   5427.71 137.69 150.00
   5437.72 137.65 150.00
   5447.72 137.60 150.00
   5457.73 137.56 150.00
   5467.73 137.51 150.00
   5477.74 137.47 150.00
   5487.74 137.42 150.00
   5497.75 137.38 150.00
   5507.75 137.33 150.00
   5517.76 137.29 150.00
   5527.76 137.24 150.00
   5537.77 137.19 150.00
   5547.77 137.15 150.00
   5557.78 137.10 150.00
   5567.78 137.05 150.00
   5577.79 137.01 150.00
   5587.79 136.96 150.00
   5597.80 136.91 150.00
   5607.80 136.87 150.00
   5617.81 136.82 150.00
   5627.81 136.77 150.00
   5637.82 136.73 150.00
   5647.82 136.68 150.00
   5657.83 136.63 150.00
   5667.83 136.58 150.00
   5677.84 136.54 150.00
   5687.84 136.49 150.00
   5697.85 136.44 150.00
   5707.85 136.39 150.00
   5717.86 136.34 150.00
   5727.86 136.29 150.00
   5737.87 136.25 150.00
   5747.87 136.20 150.00
   5757.88 136.15 150.00
   5767.88 136.10 150.00
   5777.89 136.05 150.00
   5787.89 136.00 150.00
   5797.90 135.95 150.00
   5807.90 135.90 150.00
   5817.91 135.86 150.00
   5827.91 135.81 150.00
   5837.92 135.76 150.00
   5847.92 135.71 150.00
   5857.93 135.66 150.00
   5867.93 135.61 150.00
   5877.94 135.56 150.00
   5887.94 135.51 150.00
   5897.95 135.46 150.00
   5907.95 135.41 150.00
   5917.96 135.36 150.00
   5927.96 135.31 150.00
   5937.97 135.26 150.00
   5947.97 135.21 150.00
   5957.98 135.16 150.00
   5967.98 135.10 150.00
   5977.99 135.05 150.00
   5987.99 135.00 150.00
   5998.00 134.95 150.00
   6008.00 134.90 150.00
   6018.01 134.85 150.00
   6028.01 134.80 150.00
   6038.02 134.75 150.00
   6048.02 134.69 150.00
   6058.03 134.64 150.00
   6068.03 134.59 150.00
   6078.04 134.54 150.00
   6088.04 134.49 150.00
   6098.05 134.43 150.00
   6108.05 134.38 150.00
   6118.06 134.33 150.00
   6128.06 134.28 150.00
   6138.07 134.22 150.00
   6148.07 134.17 150.00
   6158.08 134.12 150.00
   6168.08 134.07 150.00
   6178.09 134.01 150.00
   6188.09 133.96 150.00
   6198.10 133.91 150.00
   6208.10 133.85 150.00
   6218.11 133.80 150.00
   6228.11 133.75 150.00
   6238.12 133.69 150.00
   6248.12 133.64 150.00
   6258.13 133.59 150.00
   6268.13 133.53 150.00
   6278.14 133.48 150.00
   6288.14 133.42 150.00
   6298.15 133.37 150.00
   6308.15 133.31 150.00
   6318.16 133.26 150.00
   6328.16 133.21 150.00
   6338.17 133.15 150.00
   6348.17 133.10 150.00
   6358.18 133.04 150.00
   6368.18 132.99 150.00
   6378.19 132.93 150.00
   6388.19 132.88 150.00
   6398.20 132.82 150.00
   6408.20 132.77 150.00
   6418.21 132.71 150.00
   6428.21 132.66 150.00
   6438.22 132.60 150.00
   6448.22 132.54 150.00
   6458.23 132.49 150.00
   6468.23 132.43 150.00
   6478.24 132.38 150.00
   6488.24 132.32 150.00
   6498.25 132.27 150.00
   6508.25 132.21 150.00
   6518.26 132.15 150.00
   6528.26 132.10 150.00
   6538.27 132.04 150.00
   6548.27 131.98 150.00
   6558.28 131.93 150.00
   6568.28 131.87 150.00
   6578.29 131.81 150.00
   6588.29 131.76 150.00
   6598.30 131.70 150.00
   6608.30 131.64 150.00
   6618.31 131.59 150.00
   6628.31 131.53 150.00
   6638.32 131.47 150.00
   6648.32 131.41 150.00
   6658.33 131.36 150.00
   6668.33 131.30 150.00
   6678.34 131.24 150.00
   6688.34 131.18 150.00
   6698.35 131.13 150.00
   6708.35 131.07 150.00
   6718.36 131.01 150.00
   6728.36 130.95 150.00
   6738.37 130.89 150.00
   6748.37 130.84 150.00
   6758.38 130.78 150.00
   6768.38 130.72 150.00
   6778.39 130.66 150.00
   6788.39 130.60 150.00
   6798.40 130.54 150.00
   6808.40 130.48 150.00
   6818.41 130.43 150.00
   6828.41 130.37 150.00
   6838.42 130.31 150.00
   6848.42 130.25 150.00
   6858.43 130.19 150.00
   6868.43 130.13 150.00
   6878.44 130.07 150.00
   6888.44 130.01 150.00
   6898.45 129.95 150.00
   6908.45 129.89 150.00
   6918.46 129.83 150.00
   6928.46 129.77 150.00
   6938.47 129.71 150.00
   6948.47 129.65 150.00
   6958.48 129.59 150.00
   6968.48 129.54 150.00
   6978.49 129.48 150.00
   6988.49 129.42 150.00
   6998.50 129.35 150.00
   7008.50 129.29 150.00
   7018.51 129.23 150.00
   7028.51 129.17 150.00
   7038.52 129.11 150.00
   7048.52 129.05 150.00
   7058.53 128.99 150.00
   7068.53 128.93 150.00
   7078.54 128.87 150.00
   7088.54 128.81 150.00
   7098.55 128.75 150.00
   7108.55 128.69 150.00
   7118.56 128.63 150.00
   7128.56 128.57 150.00
   7138.57 128.51 150.00
   7148.57 128.45 150.00
   7158.58 128.38 150.00
   7168.58 128.32 150.00
   7178.59 128.26 150.00
   7188.59 128.20 150.00
   7198.60 128.14 150.00
   7208.60 128.08 150.00
   7218.61 128.02 150.00
   7228.61 127.95 150.00
   7238.62 127.89 150.00
   7248.62 127.83 150.00
   7258.63 127.77 150.00
   7268.63 127.71 150.00
   7278.64 127.65 150.00
   7288.64 127.58 150.00
   7298.65 127.52 150.00
   7308.65 127.46 150.00
   7318.66 127.40 150.00
   7328.66 127.34 150.00
   7338.67 127.27 150.00
   7348.67 127.21 150.00
   7358.68 127.15 150.00
   7368.68 127.09 150.00
   7378.69 127.02 150.00
   7388.69 126.96 150.00
   7398.70 126.90 150.00
   7408.70 126.84 150.00
   7418.71 126.77 150.00
   7428.71 126.71 150.00
   7438.72 126.65 150.00
   7448.72 126.59 150.00
   7458.73 126.52 150.00
   7468.73 126.46 150.00
   7478.74 126.40 150.00
   7488.74 126.33 150.00
   7498.75 126.27 150.00
   7508.75 126.21 150.00
   7518.76 126.15 150.00
   7528.76 126.08 150.00
   7538.77 126.02 150.00
   7548.77 125.96 150.00
   7558.78 125.89 150.00
   7568.78 125.83 150.00
   7578.79 125.77 150.00
   7588.79 125.70 150.00
   7598.80 125.64 150.00
   7608.80 125.58 150.00
   7618.81 125.51 150.00
   7628.81 125.45 150.00
   7638.82 125.39 150.00
   7648.82 125.32 150.00
   7658.83 125.26 150.00
   7668.83 125.20 150.00
   7678.84 125.13 150.00
   7688.84 125.07 150.00
   7698.85 125.01 150.00
   7708.85 124.94 150.00
   7718.86 124.88 150.00
   7728.86 124.82 150.00
   7738.87 124.75 150.00
   7748.87 124.69 150.00
   7758.88 124.63 150.00
   7768.88 124.56 150.00
   7778.89 124.50 150.00
   7788.89 124.43 150.00
   7798.90 124.37 150.00
   7808.90 124.31 150.00
   7818.91 124.24 150.00
   7828.91 124.18 150.00
   7838.92 124.12 150.00
   7848.92 124.05 150.00
   7858.93 123.99 150.00
   7868.93 123.93 150.00
   7878.94 123.86 150.00
   7888.94 123.80 150.00
   7898.95 123.74 150.00
   7908.95 123.67 150.00
   7918.96 123.61 150.00
   7928.96 123.55 150.00
   7938.97 123.48 150.00
   7948.97 123.42 150.00
   7958.98 123.36 150.00
   7968.98 123.29 150.00
   7978.99 123.23 150.00
   7988.99 123.17 150.00
   7999.00 123.10 150.00
   8009.00 123.04 150.00
   8019.01 122.98 150.00
   8029.01 122.92 150.00
   8039.02 122.85 150.00
   8049.02 122.79 150.00
   8059.03 122.73 150.00
   8069.03 122.67 150.00
   8079.04 122.60 150.00
   8089.04 122.54 150.00
   8099.05 122.48 150.00
   8109.05 122.42 150.00
   8119.06 122.35 150.00
   8129.06 122.29 150.00
   8139.07 122.23 150.00
   8149.07 122.17 150.00
   8159.08 122.11 150.00
   8169.08 122.05 150.00
   8179.09 121.98 150.00
   8189.09 121.92 150.00
   8199.10 121.86 150.00
   8209.10 121.80 150.00
   8219.11 121.74 150.00
   8229.11 121.68 150.00
   8239.12 121.62 150.00
   8249.12 121.56 150.00
   8259.13 121.50 150.00
   8269.13 121.44 150.00
   8279.14 121.38 150.00
   8289.14 121.32 150.00
   8299.15 121.26 150.00
   8309.15 121.21 150.00
   8319.16 121.15 150.00
   8329.16 121.09 150.00
   8339.17 121.03 150.00
   8349.17 120.97 150.00
   8359.18 120.92 150.00
   8369.18 120.86 150.00
   8379.19 120.80 150.00
   8389.19 120.75 150.00
   8399.20 120.69 150.00
   8409.20 120.64 150.00
   8419.21 120.58 150.00
   8429.21 120.53 150.00
   8439.22 120.47 150.00
   8449.22 120.42 150.00
   8459.23 120.37 150.00
   8469.23 120.31 150.00
   8479.24 120.26 150.00
   8489.24 120.21 150.00
   8499.25 120.16 150.00
   8509.25 120.11 150.00
   8519.26 120.06 150.00
   8529.26 120.01 150.00
   8539.27 119.96 150.00
   8549.27 119.91 150.00
   8559.28 119.87 150.00
   8569.28 119.82 150.00
   8579.29 119.77 150.00
   8589.29 119.73 150.00
   8599.30 119.68 150.00
   8609.30 119.64 150.00
   8619.31 119.60 150.00
   8629.31 119.56 150.00
   8639.32 119.52 150.00
   8649.32 119.48 150.00
   8659.33 119.44 150.00
   8669.33 119.40 150.00
   8679.34 119.36 150.00
   8689.34 119.33 150.00
   8699.35 119.29 150.00
   8709.35 119.26 150.00
   8719.36 119.23 150.00
   8729.36 119.20 150.00
   8739.37 119.17 150.00
   8749.37 119.14 150.00
   8759.38 119.11 150.00
   8769.38 119.09 150.00
   8779.39 119.06 150.00
   8789.39 119.04 150.00
   8799.40 119.02 150.00
   8809.40 119.00 150.00
   8819.41 118.98 150.00
   8829.41 118.97 150.00
   8839.42 118.95 150.00
   8849.42 118.94 150.00
   8859.43 118.93 150.00
   8869.43 118.93 150.00
   8879.44 118.92 150.00
   8889.44 118.92 150.00
   8899.45 118.92 150.00
   8909.45 118.92 150.00
   8919.46 118.92 150.00
   8929.46 118.93 150.00
   8939.47 118.94 150.00
   8949.47 118.95 150.00
   8959.48 118.97 150.00
   8969.48 118.98 150.00
   8979.49 119.01 150.00
   8989.49 119.03 150.00
   8999.50 119.06 150.00
   9009.50 119.09 150.00
   9019.51 119.12 150.00
   9029.51 119.16 150.00
   9039.52 119.20 150.00
   9049.52 119.25 150.00
   9059.53 119.30 150.00
   9069.53 119.35 150.00
   9079.54 119.41 150.00
   9089.54 119.47 150.00
   9099.55 119.54 150.00
   9109.55 119.61 150.00
   9119.56 119.69 150.00
   9129.56 119.77 150.00
   9139.57 119.86 150.00
   9149.57 119.95 150.00
   9159.58 120.05 150.00
   9169.58 120.16 150.00
   9179.59 120.27 150.00
   9189.59 120.38 150.00
   9199.60 120.51 150.00
   9209.60 120.64 150.00
   9219.61 120.77 150.00
   9229.61 120.92 150.00
   9239.62 121.07 150.00
   9249.62 121.23 150.00
   9259.63 121.39 150.00
   9269.63 121.57 150.00
   9279.64 121.75 150.00
   9289.64 121.94 150.00
   9299.65 122.14 150.00
   9309.65 122.35 150.00
   9319.66 122.57 150.00
   9329.66 122.79 150.00
   9339.67 123.03 150.00
   9349.67 123.28 150.00
   9359.68 123.54 150.00
   9369.68 123.81 150.00
   9379.69 124.09 150.00
   9389.69 124.38 150.00
   9399.70 124.68 150.00
   9409.70 125.00 150.00
   9419.71 125.33 150.00
   9429.71 125.67 150.00
   9439.72 126.02 150.00
   9449.72 126.39 150.00
   9459.73 126.77 150.00
   9469.73 127.17 150.00
   9479.74 127.58 150.00
   9489.74 128.00 150.00
   9499.75 128.44 150.00
   9509.75 128.90 150.00
   9519.76 129.38 150.00
   9529.76 129.87 150.00
   9539.77 130.37 150.00
   9549.77 130.90 150.00
   9559.78 131.44 150.00
   9569.78 132.01 150.00
   9579.79 132.59 150.00
   9589.79 133.19 150.00
   9599.80 133.81 150.00
   9609.80 134.45 150.00
   9619.81 135.11 150.00
   9629.81 135.79 150.00
   9639.82 136.50 150.00
   9649.82 137.23 150.00
   9659.83 137.98 150.00
   9669.83 138.75 150.00
   9679.84 139.55 150.00
   9689.84 140.37 150.00
   9699.85 141.22 150.00
   9709.85 142.10 150.00
   9719.86 143.00 150.00
   9729.86 143.92 150.00
   9739.87 144.88 150.00
   9749.87 145.86 150.00
   9759.88 146.87 150.00
   9769.88 147.91 150.00
   9779.89 148.98 150.00
   9789.89 150.08 150.08
   9799.90 151.21 151.21
   9809.90 152.37 152.37
   9819.91 153.56 153.56
   9829.91 154.79 154.79
   9839.92 156.05 156.05
   9849.92 157.34 157.34
   9859.93 158.67 158.67
   9869.93 160.03 160.03
   9879.94 161.43 161.43
   9889.94 162.86 162.86
   9899.95 164.33 164.33
   9909.95 165.84 165.84
   9919.96 167.38 167.38
   9929.96 168.97 168.97
   9939.97 170.59 170.59
   9949.97 172.25 172.25
   9959.98 173.96 173.96
   9969.98 175.70 175.70
   9979.99 177.49 177.49
   9989.99 179.32 179.32
  10000.00 181.19 181.19
