 -10000.00 258.45 1681.20
  -9989.99 258.50 1679.57
  -9979.99 258.55 1677.93
  -9969.98 258.60 1676.29
  -9959.98 258.65 1674.66
  -9949.97 258.70 1673.02
  -9939.97 258.76 1671.38
  -9929.96 258.81 1669.74
  -9919.96 258.86 1668.09
  -9909.95 258.91 1666.45
  -9899.95 258.96 1664.80
  -9889.94 259.01 1663.16
  -9879.94 259.07 1661.51
  -9869.93 259.12 1659.86
  -9859.93 259.17 1658.21
  -9849.92 259.22 1656.56
  -9839.92 259.27 1654.91
  -9829.91 259.32 1653.26
  -9819.91 259.37 1651.60
  -9809.90 259.42 1649.95
  -9799.90 259.48 1648.29
  -9789.89 259.53 1646.64
  -9779.89 259.58 1644.98
  -9769.88 259.63 1643.32
  -9759.88 259.68 1641.66
  -9749.87 259.73 1640.00
  -9739.87 259.78 1638.34
  -9729.86 259.83 1636.68
  -9719.86 259.88 1635.02
  -9709.85 259.94 1633.36
  -9699.85 259.99 1631.70
  -9689.84 260.04 1630.04
  -9679.84 260.09 1628.37
  -9669.83 260.14 1626.71
  -9659.83 260.19 1625.04
  -9649.82 260.24 1623.38
  -9639.82 260.29 1621.72
  -9629.81 260.34 1620.05
  -9619.81 260.39 1618.38
  -9609.80 260.44 1616.72
  -9599.80 260.49 1615.05
  -9589.79 260.54 1613.39
  -9579.79 260.60 1611.72
  -9569.78 260.65 1610.05
  -9559.78 260.70 1608.39
  -9549.77 260.75 1606.72
  -9539.77 260.80 1605.06
  -9529.76 260.85 1603.39
  -9519.76 260.90 1601.72
  -9509.75 260.95 1600.06
  -9499.75 261.00 1598.39
  -9489.74 261.05 1596.72
  -9479.74 261.10 1595.06
  -9469.73 261.15 1593.39
  -9459.73 261.20 1591.73
  -9449.72 261.25 1590.06
  -9439.72 261.30 1588.40
  -9429.71 261.35 1586.73
  -9419.71 261.40 1585.07
  -9409.70 261.45 1583.41
  -9399.70 261.50 1581.74
  -9389.69 261.55 1580.08
  -9379.69 261.60 1578.42
  -9369.68 261.65 1576.76
  -9359.68 261.70 1575.10
  -9349.67 261.75 1573.44
  -9339.67 261.80 1571.78
  -9329.66 261.85 1570.12
  -9319.66 261.90 1568.46
  -9309.65 261.95 1566.80
  -9299.65 262.00 1565.15
  -9289.64 262.05 1563.49
  -9279.64 262.10 1561.84
  -9269.63 262.14 1560.19
  -9259.63 262.19 1558.53
  -9249.62 262.24 1556.88
  -9239.62 262.29 1555.23
  -9229.61 262.34 1553.58
  -9219.61 262.39 1551.93
  -9209.60 262.44 1550.28
  -9199.60 262.49 1548.64
  -9189.59 262.54 1546.99
  -9179.59 262.59 1545.35
  -9169.58 262.64 1543.71
  -9159.58 262.69 1542.07
  -9149.57 262.73 1540.43
  -9139.57 262.78 1538.79
  -9129.56 262.83 1537.15
  -9119.56 262.88 1535.51
  -9109.55 262.93 1533.88
  -9099.55 262.98 1532.25
  -9089.54 263.03 1530.61
  -9079.54 263.08 1528.98
  -9069.53 263.13 1527.36
  -9059.53 263.17 1525.73
  -9049.52 263.22 1524.10
  -9039.52 263.27 1522.48
  -9029.51 263.32 1520.86
  -9019.51 263.37 1519.24
  -9009.50 263.42 1517.62
  -8999.50 263.47 1516.00
  -8989.49 263.51 1514.39
  -8979.49 263.56 1512.78
  -8969.48 263.61 1511.17
  -8959.48 263.66 1509.56
  -8949.47 263.71 1507.95
  -8939.47 263.75 1506.34
  -8929.46 263.80 1504.74
  -8919.46 263.85 1503.14
  -8909.45 263.90 1501.54
  -8899.45 263.95 1499.94
  -8889.44 264.00 1498.35
  -8879.44 264.04 1496.75
  -8869.43 264.09 1495.16
  -8859.43 264.14 1493.57
  -8849.42 264.19 1491.99
  -8839.42 264.23 1490.40
  -8829.41 264.28 1488.82
  -8819.41 264.33 1487.24
  -8809.40 264.38 1485.66
  -8799.40 264.43 1484.09
  -8789.39 264.47 1482.52
  -8779.39 264.52 1480.95
  -8769.38 264.57 1479.38
  -8759.38 264.62 1477.81
  -8749.37 264.66 1476.25
  -8739.37 264.71 1474.69
  -8729.36 264.76 1473.13
  -8719.36 264.80 1471.57
  -8709.35 264.85 1470.02
  -8699.35 264.90 1468.47
  -8689.34 264.95 1466.91
  -8679.34 264.99 1465.36
  -8669.33 265.04 1463.81
  -8659.33 265.09 1462.27
  -8649.32 265.13 1460.72
  -8639.32 265.18 1459.17
  -8629.31 265.23 1457.62
  -8619.31 265.28 1456.08
  -8609.30 265.32 1454.53
  -8599.30 265.37 1452.99
  -8589.29 265.42 1451.45
  -8579.29 265.46 1449.90
  -8569.28 265.51 1448.36
  -8559.28 265.56 1446.82
  -8549.27 265.60 1445.28
  -8539.27 265.65 1443.74
  -8529.26 265.70 1442.20
  -8519.26 265.74 1440.66
  -8509.25 265.79 1439.12
  -8499.25 265.83 1437.58
  -8489.24 265.88 1436.05
  -8479.24 265.93 1434.51
  -8469.23 265.97 1432.98
  -8459.23 266.02 1431.44
  -8449.22 266.07 1429.91
  -8439.22 266.11 1428.38
  -8429.21 266.16 1426.85
  -8419.21 266.20 1425.32
  -8409.20 266.25 1423.79
  -8399.20 266.30 1422.26
  -8389.19 266.34 1420.74
  -8379.19 266.39 1419.21
  -8369.18 266.43 1417.69
  -8359.18 266.48 1416.16
  -8349.17 266.53 1414.64
  -8339.17 266.57 1413.12
  -8329.16 266.62 1411.60
  -8319.16 266.66 1410.08
  -8309.15 266.71 1408.56
  -8299.15 266.75 1407.05
  -8289.14 266.80 1405.53
  -8279.14 266.84 1404.02
  -8269.13 266.89 1402.51
  -8259.13 266.94 1401.00
  -8249.12 266.98 1399.49
  -8239.12 267.03 1397.98
  -8229.11 267.07 1396.47
  -8219.11 267.12 1394.97
  -8209.10 267.16 1393.47
  -8199.10 267.21 1391.96
  -8189.09 267.25 1390.46
  -8179.09 267.30 1388.96
  -8169.08 267.34 1387.47
  -8159.08 267.39 1385.97
  -8149.07 267.43 1384.48
  -8139.07 267.48 1382.99
  -8129.06 267.52 1381.50
  -8119.06 267.57 1380.01
  -8109.05 267.61 1378.52
  -8099.05 267.66 1377.04
  -8089.04 267.70 1375.55
  -8079.04 267.74 1374.07
  -8069.03 267.79 1372.59
  -8059.03 267.83 1371.11
  -8049.02 267.88 1369.64
  -8039.02 267.92 1368.16
  -8029.01 267.97 1366.69
  -8019.01 268.01 1365.22
  -8009.00 268.06 1363.75
  -7999.00 268.10 1362.28
  -7988.99 268.14 1360.82
  -7978.99 268.19 1359.36
  -7968.98 268.23 1357.90
  -7958.98 268.28 1356.44
  -7948.97 268.32 1354.98
  -7938.97 268.37 1353.53
  -7928.96 268.41 1352.07
  -7918.96 268.45 1350.62
  -7908.95 268.50 1349.17
  -7898.95 268.54 1347.73
  -7888.94 268.58 1346.28
  -7878.94 268.63 1344.84
  -7868.93 268.67 1343.40
  -7858.93 268.72 1341.96
  -7848.92 268.76 1340.53
  -7838.92 268.80 1339.09
  -7828.91 268.85 1337.66
  -7818.91 268.89 1336.23
  -7808.90 268.93 1334.81
  -7798.90 268.98 1333.38
  -7788.89 269.02 1331.96
  -7778.89 269.06 1330.54
  -7768.88 269.11 1329.12
  -7758.88 269.15 1327.71
  -7748.87 269.19 1326.30
  -7738.87 269.24 1324.89
  -7728.86 269.28 1323.48
  -7718.86 269.32 1322.07
  -7708.85 269.37 1320.67
  -7698.85 269.41 1319.27
  -7688.84 269.45 1317.87
  -7678.84 269.49 1316.48
  -7668.83 269.54 1315.09
  -7658.83 269.58 1313.70
  -7648.82 269.62 1312.31
  -7638.82 269.67 1310.92
  -7628.81 269.71 1309.54
  -7618.81 269.75 1308.16
  -7608.80 269.79 1306.78
  -7598.80 269.84 1305.41
  -7588.79 269.88 1304.04
  -7578.79 269.92 1302.67
  -7568.78 269.96 1301.30
  -7558.78 270.01 1299.94
  -7548.77 270.05 1298.58
  -7538.77 270.09 1297.22
  -7528.76 270.13 1295.86
  -7518.76 270.17 1294.51
  -7508.75 270.22 1293.16
  -7498.75 270.26 1291.81
  -7488.74 270.30 1290.47
  -7478.74 270.34 1289.13
  -7468.73 270.39 1287.79
  -7458.73 270.43 1286.45
  -7448.72 270.47 1285.12
  -7438.72 270.51 1283.79
  -7428.71 270.55 1282.46
  -7418.71 270.59 1281.14
  -7408.70 270.64 1279.82
  -7398.70 270.68 1278.50
  -7388.69 270.72 1277.18
  -7378.69 270.76 1275.87
  -7368.68 270.80 1274.56
  -7358.68 270.84 1273.25
  -7348.67 270.89 1271.95
  -7338.67 270.93 1270.65
  -7328.66 270.97 1269.35
  -7318.66 271.01 1268.06
  -7308.65 271.05 1266.76
  -7298.65 271.09 1265.47
  -7288.64 271.13 1264.19
  -7278.64 271.17 1262.91
  -7268.63 271.22 1261.63
  -7258.63 271.26 1260.35
  -7248.62 271.30 1259.08
  -7238.62 271.34 1257.80
  -7228.61 271.38 1256.54
  -7218.61 271.42 1255.27
  -7208.60 271.46 1254.01
  -7198.60 271.50 1252.75
  -7188.59 271.54 1251.50
  -7178.59 271.58 1250.24
  -7168.58 271.62 1249.00
  -7158.58 271.66 1247.75
  -7148.57 271.70 1246.51
  -7138.57 271.75 1245.27
  -7128.56 271.79 1244.03
  -7118.56 271.83 1242.80
  -7108.55 271.87 1241.57
  -7098.55 271.91 1240.34
  -7088.54 271.95 1239.12
  -7078.54 271.99 1237.90
  -7068.53 272.03 1236.68
  -7058.53 272.07 1235.47
  -7048.52 272.11 1234.26
  -7038.52 272.15 1233.05
  -7028.51 272.19 1231.85
  -7018.51 272.23 1230.65
  -7008.50 272.27 1229.45
  -6998.50 272.31 1228.25
  -6988.49 272.35 1227.06
  -6978.49 272.39 1225.88
  -6968.48 272.43 1224.69
  -6958.48 272.47 1223.51
  -6948.47 272.51 1222.34
  -6938.47 272.55 1221.16
  -6928.46 272.58 1219.99
  -6918.46 272.62 1218.83
  -6908.45 272.66 1217.66
  -6898.45 272.70 1216.50
  -6888.44 272.74 1215.35
  -6878.44 272.78 1214.19
  -6868.43 272.82 1213.04
  -6858.43 272.86 1211.90
  -6848.42 272.90 1210.76
  -6838.42 272.94 1209.62
  -6828.41 272.98 1208.48
  -6818.41 273.02 1207.35
  -6808.40 273.06 1206.22
  -6798.40 273.09 1205.10
  -6788.39 273.13 1203.97
  -6778.39 273.17 1202.86
  -6768.38 273.21 1201.74
  -6758.38 273.25 1200.63
  -6748.37 273.29 1199.52
  -6738.37 273.33 1198.42
  -6728.36 273.37 1197.32
  -6718.36 273.40 1196.22
  -6708.35 273.44 1195.13
  -6698.35 273.48 1194.04
  -6688.34 273.52 1192.96
  -6678.34 273.56 1191.88
  -6668.33 273.60 1190.80
  -6658.33 273.63 1189.72
  -6648.32 273.67 1188.65
  -6638.32 273.71 1187.58
  -6628.31 273.75 1186.52
  -6618.31 273.79 1185.46
  -6608.30 273.83 1184.40
  -6598.30 273.86 1183.35
  -6588.29 273.90 1182.30
  -6578.29 273.94 1181.26
  -6568.28 273.98 1180.21
  -6558.28 274.01 1179.17
  -6548.27 274.05 1178.14
  -6538.27 274.09 1177.11
  -6528.26 274.13 1176.08
  -6518.26 274.17 1175.06
  -6508.25 274.20 1174.04
  -6498.25 274.24 1173.02
  -6488.24 274.28 1172.01
  -6478.24 274.32 1171.00
  -6468.23 274.35 1170.00
  -6458.23 274.39 1169.00
  -6448.22 274.43 1168.00
  -6438.22 274.46 1167.00
  -6428.21 274.50 1166.01
  -6418.21 274.54 1165.03
  -6408.20 274.58 1164.05
  -6398.20 274.61 1163.07
  -6388.19 274.65 1162.09
  -6378.19 274.69 1161.12
  -6368.18 274.72 1160.15
  -6358.18 274.76 1159.19
  -6348.17 274.80 1158.23
  -6338.17 274.83 1157.27
  -6328.16 274.87 1156.32
  -6318.16 274.91 1155.37
  -6308.15 274.94 1154.43
  -6298.15 274.98 1153.48
  -6288.14 275.02 1152.55
  -6278.14 275.05 1151.61
  -6268.13 275.09 1150.68
  -6258.13 275.13 1149.76
  -6248.12 275.16 1148.83
  -6238.12 275.20 1147.91
  -6228.11 275.24 1147.00
  -6218.11 275.27 1146.09
  -6208.10 275.31 1145.18
  -6198.10 275.34 1144.28
  -6188.09 275.38 1143.38
  -6178.09 275.42 1142.48
  -6168.08 275.45 1141.59
  -6158.08 275.49 1140.70
  -6148.07 275.52 1139.82
  -6138.07 275.56 1138.93
  -6128.06 275.60 1138.06
  -6118.06 275.63 1137.18
  -6108.05 275.67 1136.31
  -6098.05 275.70 1135.45
  -6088.04 275.74 1134.59
  -6078.04 275.77 1133.73
  -6068.03 275.81 1132.87
  -6058.03 275.84 1132.02
  -6048.02 275.88 1131.17
  -6038.02 275.91 1130.33
  -6028.01 275.95 1129.49
  -6018.01 275.99 1128.65
  -6008.00 276.02 1127.82
  -5998.00 276.06 1126.99
  -5987.99 276.09 1126.17
  -5977.99 276.13 1125.35
  -5967.98 276.16 1124.53
  -5957.98 276.20 1123.72
  -5947.97 276.23 1122.91
  -5937.97 276.26 1122.10
  -5927.96 276.30 1121.30
  -5917.96 276.33 1120.50
  -5907.95 276.37 1119.71
  -5897.95 276.40 1118.92
  -5887.94 276.44 1118.13
  -5877.94 276.47 1117.34
  -5867.93 276.51 1116.56
  -5857.93 276.54 1115.79
  -5847.92 276.58 1115.02
  -5837.92 276.61 1114.25
  -5827.91 276.64 1113.48
  -5817.91 276.68 1112.72
  -5807.90 276.71 1111.96
  -5797.90 276.75 1111.21
  -5787.89 276.78 1110.46
  -5777.89 276.81 1109.71
  -5767.88 276.85 1108.97
  -5757.88 276.88 1108.23
  -5747.87 276.92 1107.50
  -5737.87 276.95 1106.76
  -5727.86 276.98 1106.04
  -5717.86 277.02 1105.31
  -5707.85 277.05 1104.59
  -5697.85 277.09 1103.87
  -5687.84 277.12 1103.16
  -5677.84 277.15 1102.45
  -5667.83 277.19 1101.75
  -5657.83 277.22 1101.04
  -5647.82 277.25 1100.34
  -5637.82 277.29 1099.65
  -5627.81 277.32 1098.96
  -5617.81 277.35 1098.27
  -5607.80 277.39 1097.59
  -5597.80 277.42 1096.91
  -5587.79 277.45 1096.23
  -5577.79 277.48 1095.56
  -5567.78 277.52 1094.89
  -5557.78 277.55 1094.22
  -5547.77 277.58 1093.56
  -5537.77 277.62 1092.90
  -5527.76 277.65 1092.24
  -5517.76 277.68 1091.59
  -5507.75 277.71 1090.94
  -5497.75 277.75 1090.30
  -5487.74 277.78 1089.66
  -5477.74 277.81 1089.02
  -5467.73 277.84 1088.39
  -5457.73 277.88 1087.75
  -5447.72 277.91 1087.13
  -5437.72 277.94 1086.50
  -5427.71 277.97 1085.88
  -5417.71 278.01 1085.27
  -5407.70 278.04 1084.65
  -5397.70 278.07 1084.05
  -5387.69 278.10 1083.44
  -5377.69 278.13 1082.84
  -5367.68 278.17 1082.24
  -5357.68 278.20 1081.64
  -5347.67 278.23 1081.05
  -5337.67 278.26 1080.46
  -5327.66 278.29 1079.88
  -5317.66 278.32 1079.30
  -5307.65 278.36 1078.72
  -5297.65 278.39 1078.14
  -5287.64 278.42 1077.57
  -5277.64 278.45 1077.00
  -5267.63 278.48 1076.44
  -5257.63 278.51 1075.88
  -5247.62 278.54 1075.32
  -5237.62 278.58 1074.76
  -5227.61 278.61 1074.21
  -5217.61 278.64 1073.66
  -5207.60 278.67 1073.12
  -5197.60 278.70 1072.58
  -5187.59 278.73 1072.04
  -5177.59 278.76 1071.51
  -5167.58 278.79 1070.98
  -5157.58 278.82 1070.45
  -5147.57 278.85 1069.92
  -5137.57 278.88 1069.40
  -5127.56 278.92 1068.88
  -5117.56 278.95 1068.37
  -5107.55 278.98 1067.86
  -5097.55 279.01 1067.35
  -5087.54 279.04 1066.84
  -5077.54 279.07 1066.34
  -5067.53 279.10 1065.84
  -5057.53 279.13 1065.35
  -5047.52 279.16 1064.86
  -5037.52 279.19 1064.37
  -5027.51 279.22 1063.88
  -5017.51 279.25 1063.40
  -5007.50 279.28 1062.92
  -4997.50 279.31 1062.44
  -4987.49 279.34 1061.97
  -4977.49 279.37 1061.50
  -4967.48 279.40 1061.03
  -4957.48 279.43 1060.57
  -4947.47 279.46 1060.11
  -4937.47 279.49 1059.65
  -4927.46 279.52 1059.19
  -4917.46 279.55 1058.74
  -4907.45 279.58 1058.29
  -4897.45 279.61 1057.85
  -4887.44 279.64 1057.40
  -4877.44 279.66 1056.96
  -4867.43 279.69 1056.53
  -4857.43 279.72 1056.09
  -4847.42 279.75 1055.66
  -4837.42 279.78 1055.24
  -4827.41 279.81 1054.81
  -4817.41 279.84 1054.39
  -4807.40 279.87 1053.97
  -4797.40 279.90 1053.55
  -4787.39 279.93 1053.14
  -4777.39 279.95 1052.73
  -4767.38 279.98 1052.32
  -4757.38 280.01 1051.92
  -4747.37 280.04 1051.52
  -4737.37 280.07 1051.12
  -4727.36 280.10 1050.72
  -4717.36 280.13 1050.33
  -4707.35 280.15 1049.94
  -4697.35 280.18 1049.55
  -4687.34 280.21 1049.17
  -4677.34 280.24 1048.79
  -4667.33 280.27 1048.41
  -4657.33 280.30 1048.03
  -4647.32 280.32 1047.66
  -4637.32 280.35 1047.29
  -4627.31 280.38 1046.92
  -4617.31 280.41 1046.55
  -4607.30 280.44 1046.19
  -4597.30 280.46 1045.83
  -4587.29 280.49 1045.47
  -4577.29 280.52 1045.12
  -4567.28 280.55 1044.77
  -4557.28 280.57 1044.42
  -4547.27 280.60 1044.07
  -4537.27 280.63 1043.73
  -4527.26 280.66 1043.38
  -4517.26 280.68 1043.05
  -4507.25 280.71 1042.71
  -4497.25 280.74 1042.38
  -4487.24 280.77 1042.04
  -4477.24 280.79 1041.72
  -4467.23 280.82 1041.39
  -4457.23 280.85 1041.07
  -4447.22 280.87 1040.74
  -4437.22 280.90 1040.43
  -4427.21 280.93 1040.11
  -4417.21 280.95 1039.80
  -4407.20 280.98 1039.48
  -4397.20 281.01 1039.18
  -4387.19 281.04 1038.87
  -4377.19 281.06 1038.56
  -4367.18 281.09 1038.26
  -4357.18 281.11 1037.96
  -4347.17 281.14 1037.67
  -4337.17 281.17 1037.37
  -4327.16 281.19 1037.08
  -4317.16 281.22 1036.79
  -4307.15 281.25 1036.50
  -4297.15 281.27 1036.22
  -4287.14 281.30 1035.94
  -4277.14 281.32 1035.65
  -4267.13 281.35 1035.38
  -4257.13 281.38 1035.10
  -4247.12 281.40 1034.83
  -4237.12 281.43 1034.56
  -4227.11 281.45 1034.29
  -4217.11 281.48 1034.02
  -4207.10 281.51 1033.75
  -4197.10 281.53 1033.49
  -4187.09 281.56 1033.23
  -4177.09 281.58 1032.97
  -4167.08 281.61 1032.72
  -4157.08 281.63 1032.46
  -4147.07 281.66 1032.21
  -4137.07 281.68 1031.96
  -4127.06 281.71 1031.71
  -4117.06 281.73 1031.47
  -4107.05 281.76 1031.22
  -4097.05 281.78 1030.98
  -4087.04 281.81 1030.74
  -4077.04 281.83 1030.51
  -4067.03 281.86 1030.27
  -4057.03 281.88 1030.04
  -4047.02 281.91 1029.81
  -4037.02 281.93 1029.58
  -4027.01 281.96 1029.35
  -4017.01 281.98 1029.12
  -4007.00 282.01 1028.90
  -3997.00 282.03 1028.68
  -3986.99 282.06 1028.46
  -3976.99 282.08 1028.24
  -3966.98 282.10 1028.03
  -3956.98 282.13 1027.81
  -3946.97 282.15 1027.60
  -3936.97 282.18 1027.39
  -3926.96 282.20 1027.18
  -3916.96 282.22 1026.98
  -3906.95 282.25 1026.77
  -3896.95 282.27 1026.57
  -3886.94 282.30 1026.37
  -3876.94 282.32 1026.17
  -3866.93 282.34 1025.97
  -3856.93 282.37 1025.78
  -3846.92 282.39 1025.58
  -3836.92 282.41 1025.39
  -3826.91 282.44 1025.20
  -3816.91 282.46 1025.01
  -3806.90 282.49 1024.83
  -3796.90 282.51 1024.64
  -3786.89 282.53 1024.46
  -3776.89 282.56 1024.28
  -3766.88 282.58 1024.10
  -3756.88 282.60 1023.92
  -3746.87 282.62 1023.74
  -3736.87 282.65 1023.57
  -3726.86 282.67 1023.39
  -3716.86 282.69 1023.22
  -3706.85 282.72 1023.05
  -3696.85 282.74 1022.88
  -3686.84 282.76 1022.72
  -3676.84 282.78 1022.55
  -3666.83 282.81 1022.39
  -3656.83 282.83 1022.22
  -3646.82 282.85 1022.06
  -3636.82 282.87 1021.91
  -3626.81 282.90 1021.75
  -3616.81 282.92 1021.59
  -3606.80 282.94 1021.44
  -3596.80 282.96 1021.28
  -3586.79 282.99 1021.13
  -3576.79 283.01 1020.98
  -3566.78 283.03 1020.83
  -3556.78 283.05 1020.69
  -3546.77 283.07 1020.54
  -3536.77 283.09 1020.39
  -3526.76 283.12 1020.25
  -3516.76 283.14 1020.11
  -3506.75 283.16 1019.97
  -3496.75 283.18 1019.83
  -3486.74 283.20 1019.69
  -3476.74 283.22 1019.56
  -3466.73 283.25 1019.42
  -3456.73 283.27 1019.29
  -3446.72 283.29 1019.16
  -3436.72 283.31 1019.03
  -3426.71 283.33 1018.90
  -3416.71 283.35 1018.77
  -3406.70 283.37 1018.64
  -3396.70 283.39 1018.52
  -3386.69 283.42 1018.39
  -3376.69 283.44 1018.27
  -3366.68 283.46 1018.15
  -3356.68 283.48 1018.03
  -3346.67 283.50 1017.91
  -3336.67 283.52 1017.79
  -3326.66 283.54 1017.67
  -3316.66 283.56 1017.55
  -3306.65 283.58 1017.44
  -3296.65 283.60 1017.33
  -3286.64 283.62 1017.21
  -3276.64 283.64 1017.10
  -3266.63 283.66 1016.99
  -3256.63 283.68 1016.88
  -3246.62 283.70 1016.78
  -3236.62 283.72 1016.67
  -3226.61 283.74 1016.57
  -3216.61 283.76 1016.46
  -3206.60 283.78 1016.36
  -3196.60 283.80 1016.26
  -3186.59 283.82 1016.16
  -3176.59 283.84 1016.06
  -3166.58 283.86 1015.96
  -3156.58 283.88 1015.86
  -3146.57 283.90 1015.76
  -3136.57 283.92 1015.67
  -3126.56 283.94 1015.57
  -3116.56 283.96 1015.48
  -3106.55 283.98 1015.39
  -3096.55 284.00 1015.29
  -3086.54 284.02 1015.20
  -3076.54 284.04 1015.11
  -3066.53 284.05 1015.02
  -3056.53 284.07 1014.94
  -3046.52 284.09 1014.85
  -3036.52 284.11 1014.76
  -3026.51 284.13 1014.68
  -3016.51 284.15 1014.60
  -3006.50 284.17 1014.51
  -2996.50 284.19 1014.43
  -2986.49 284.21 1014.35
  -2976.49 284.22 1014.27
  -2966.48 284.24 1014.19
  -2956.48 284.26 1014.11
  -2946.47 284.28 1014.03
  -2936.47 284.30 1013.96
  -2926.46 284.32 1013.88
  -2916.46 284.33 1013.81
  -2906.45 284.35 1013.73
  -2896.45 284.37 1013.66
  -2886.44 284.39 1013.59
  -2876.44 284.41 1013.52
  -2866.43 284.42 1013.45
  -2856.43 284.44 1013.38
  -2846.42 284.46 1013.31
  -2836.42 284.48 1013.24
  -2826.41 284.49 1013.17
  -2816.41 284.51 1013.11
  -2806.40 284.53 1013.04
  -2796.40 284.55 1012.97
  -2786.39 284.56 1012.91
  -2776.39 284.58 1012.85
  -2766.38 284.60 1012.78
  -2756.38 284.62 1012.72
  -2746.37 284.63 1012.66
  -2736.37 284.65 1012.60
  -2726.36 284.67 1012.54
  -2716.36 284.68 1012.48
  -2706.35 284.70 1012.42
  -2696.35 284.72 1012.37
  -2686.34 284.74 1012.31
  -2676.34 284.75 1012.25
  -2666.33 284.77 1012.20
  -2656.33 284.79 1012.14
  -2646.32 284.80 1012.09
  -2636.32 284.82 1012.03
  -2626.31 284.83 1011.98
  -2616.31 284.85 1011.93
  -2606.30 284.87 1011.88
  -2596.30 284.88 1011.83
  -2586.29 284.90 1011.78
  -2576.29 284.92 1011.73
  -2566.28 284.93 1011.68
  -2556.28 284.95 1011.63
  -2546.27 284.96 1011.58
  -2536.27 284.98 1011.53
  -2526.26 285.00 1011.49
  -2516.26 285.01 1011.44
  -2506.25 285.03 1011.40
  -2496.25 285.04 1011.35
  -2486.24 285.06 1011.31
  -2476.24 285.07 1011.26
  -2466.23 285.09 1011.22
  -2456.23 285.10 1011.18
  -2446.22 285.12 1011.14
  -2436.22 285.14 1011.10
  -2426.21 285.15 1011.05
  -2416.21 285.17 1011.01
  -2406.20 285.18 1010.97
  -2396.20 285.20 1010.94
  -2386.19 285.21 1010.90
  -2376.19 285.23 1010.86
  -2366.18 285.24 1010.82
  -2356.18 285.26 1010.78
  -2346.17 285.27 1010.75
  -2336.17 285.28 1010.71
  -2326.16 285.30 1010.68
  -2316.16 285.31 1010.64
  -2306.15 285.33 1010.61
  -2296.15 285.34 1010.57
  -2286.14 285.36 1010.54
  -2276.14 285.37 1010.51
  -2266.13 285.39 1010.47
  -2256.13 285.40 1010.44
  -2246.12 285.41 1010.41
  -2236.12 285.43 1010.38
  -2226.11 285.44 1010.35
  -2216.11 285.46 1010.32
  -2206.10 285.47 1010.29
  -2196.10 285.48 1010.26
  -2186.09 285.50 1010.23
  -2176.09 285.51 1010.20
  -2166.08 285.52 1010.17
  -2156.08 285.54 1010.14
  -2146.07 285.55 1010.12
  -2136.07 285.57 1010.09
  -2126.06 285.58 1010.06
  -2116.06 285.59 1010.04
  -2106.05 285.61 1010.01
  -2096.05 285.62 1009.98
  -2086.04 285.63 1009.96
  -2076.04 285.64 1009.93
  -2066.03 285.66 1009.91
  -2056.03 285.67 1009.89
  -2046.02 285.68 1009.86
  -2036.02 285.70 1009.84
  -2026.01 285.71 1009.82
  -2016.01 285.72 1009.79
  -2006.00 285.73 1009.77
  -1996.00 285.75 1009.75
  -1985.99 285.76 1009.73
  -1975.99 285.77 1009.71
  -1965.98 285.78 1009.69
  -1955.98 285.80 1009.67
  -1945.97 285.81 1009.65
  -1935.97 285.82 1009.63
  -1925.96 285.83 1009.61
  -1915.96 285.85 1009.59
  -1905.95 285.86 1009.57
  -1895.95 285.87 1009.55
  -1885.94 285.88 1009.53
  -1875.94 285.89 1009.51
  -1865.93 285.91 1009.50
  -1855.93 285.92 1009.48
  -1845.92 285.93 1009.46
  -1835.92 285.94 1009.44
  -1825.91 285.95 1009.43
  -1815.91 285.96 1009.41
  -1805.90 285.97 1009.40
  -1795.90 285.99 1009.38
  -1785.89 286.00 1009.37
  -1775.89 286.01 1009.35
  -1765.88 286.02 1009.34
  -1755.88 286.03 1009.32
  -1745.87 286.04 1009.31
  -1735.87 286.05 1009.29
  -1725.86 286.06 1009.28
  -1715.86 286.07 1009.27
  -1705.85 286.09 1009.25
  -1695.85 286.10 1009.24
  -1685.84 286.11 1009.23
  -1675.84 286.12 1009.21
  -1665.83 286.13 1009.20
  -1655.83 286.14 1009.19
  -1645.82 286.15 1009.18
  -1635.82 286.16 1009.17
  -1625.81 286.17 1009.15
  -1615.81 286.18 1009.14
  -1605.80 286.19 1009.13
  -1595.80 286.20 1009.12
  -1585.79 286.21 1009.11
  -1575.79 286.22 1009.10
  -1565.78 286.23 1009.09
  -1555.78 286.24 1009.08
  -1545.77 286.25 1009.07
  -1535.77 286.26 1009.06
  -1525.76 286.27 1009.05
  -1515.76 286.28 1009.04
  -1505.75 286.29 1009.03
  -1495.75 286.30 1009.02
  -1485.74 286.31 1009.01
  -1475.74 286.32 1009.01
  -1465.73 286.33 1009.00
  -1455.73 286.33 1008.99
  -1445.72 286.34 1008.98
  -1435.72 286.35 1008.97
  -1425.71 286.36 1008.97
  -1415.71 286.37 1008.96
  -1405.70 286.38 1008.95
  -1395.70 286.39 1008.94
  -1385.69 286.40 1008.94
  -1375.69 286.41 1008.93
  -1365.68 286.41 1008.92
  -1355.68 286.42 1008.92
  -1345.67 286.43 1008.91
  -1335.67 286.44 1008.90
  -1325.66 286.45 1008.90
  -1315.66 286.46 1008.89
  -1305.65 286.47 1008.89
  -1295.65 286.47 1008.88
  -1285.64 286.48 1008.88
  -1275.64 286.49 1008.87
  -1265.63 286.50 1008.87
  -1255.63 286.51 1008.86
  -1245.62 286.51 1008.85
  -1235.62 286.52 1008.85
  -1225.61 286.53 1008.85
  -1215.61 286.54 1008.84
  -1205.60 286.54 1008.84
  -1195.60 286.55 1008.83
  -1185.59 286.56 1008.83
  -1175.59 286.57 1008.82
  -1165.58 286.57 1008.82
  -1155.58 286.58 1008.81
  -1145.57 286.59 1008.81
  -1135.57 286.60 1008.81
  -1125.56 286.60 1008.80
  -1115.56 286.61 1008.80
  -1105.55 286.62 1008.80
  -1095.55 286.62 1008.79
  -1085.54 286.63 1008.79
  -1075.54 286.64 1008.79
  -1065.53 286.65 1008.78
  -1055.53 286.65 1008.78
  -1045.52 286.66 1008.78
  -1035.52 286.67 1008.77
  -1025.51 286.67 1008.77
  -1015.51 286.68 1008.77
  -1005.50 286.68 1008.77
   -995.50 286.69 1008.76
   -985.49 286.70 1008.76
   -975.49 286.70 1008.76
   -965.48 286.71 1008.76
   -955.48 286.72 1008.75
   -945.47 286.72 1008.75
   -935.47 286.73 1008.75
   -925.46 286.73 1008.75
   -915.46 286.74 1008.75
   -905.45 286.74 1008.74
   -895.45 286.75 1008.74
   -885.44 286.76 1008.74
   -875.44 286.76 1008.74
   -865.43 286.77 1008.74
   -855.43 286.77 1008.74
   -845.42 286.78 1008.73
   -835.42 286.78 1008.73
   -825.41 286.79 1008.73
   -815.41 286.79 1008.73
   -805.40 286.80 1008.73
   -795.40 286.80 1008.73
   -785.39 286.81 1008.73
   -775.39 286.81 1008.72
   -765.38 286.82 1008.72
   -755.38 286.82 1008.72
   -745.37 286.83 1008.72
   -735.37 286.83 1008.72
   -725.36 286.84 1008.72
   -715.36 286.84 1008.72
   -705.35 286.85 1008.72
   -695.35 286.85 1008.72
   -685.34 286.86 1008.72
   -675.34 286.86 1008.71
   -665.33 286.86 1008.71
   -655.33 286.87 1008.71
   -645.32 286.87 1008.71
   -635.32 286.88 1008.71
   -625.31 286.88 1008.71
   -615.31 286.88 1008.71
   -605.30 286.89 1008.71
   -595.30 286.89 1008.71
   -585.29 286.90 1008.71
   -575.29 286.90 1008.71
   -565.28 286.90 1008.71
   -555.28 286.91 1008.71
   -545.27 286.91 1008.71
   -535.27 286.91 1008.71
   -525.26 286.92 1008.71
   -515.26 286.92 1008.71
   -505.25 286.92 1008.71
   -495.25 286.93 1008.71
   -485.24 286.93 1008.70
   -475.24 286.93 1008.70
   -465.23 286.94 1008.70
   -455.23 286.94 1008.70
   -445.22 286.94 1008.70
   -435.22 286.94 1008.70
   -425.21 286.95 1008.70
   -415.21 286.95 1008.70
   -405.20 286.95 1008.70
   -395.20 286.96 1008.70
   -385.19 286.96 1008.70
   -375.19 286.96 1008.70
   -365.18 286.96 1008.70
   -355.18 286.96 1008.70
   -345.17 286.97 1008.70
   -335.17 286.97 1008.70
   -325.16 286.97 1008.70
   -315.16 286.97 1008.70
   -305.15 286.98 1008.70
   -295.15 286.98 1008.70
   -285.14 286.98 1008.70
   -275.14 286.98 1008.70
   -265.13 286.98 1008.70
   -255.13 286.98 1008.70
   -245.12 286.99 1008.70
   -235.12 286.99 1008.70
   -225.11 286.99 1008.70
   -215.11 286.99 1008.70
   -205.10 286.99 1008.70
   -195.10 286.99 1008.70
   -185.09 286.99 1008.70
   -175.09 286.99 1008.70
   -165.08 287.00 1008.70
   -155.08 287.00 1008.70
   -145.07 287.00 1008.70
   -135.07 287.00 1008.70
   -125.06 287.00 1008.70
   -115.06 287.00 1008.70
   -105.05 287.00 1008.70
    -95.05 287.00 1008.70
    -85.04 287.00 1008.70
    -75.04 287.00 1008.70
    -65.03 287.00 1008.70
    -55.03 287.00 1008.70
    -45.02 287.00 1008.70
    -35.02 287.00 1008.70
    -25.01 287.00 1008.70
    -15.01 287.00 1008.70
     -5.00 287.00 1008.70
      5.00 287.00 1008.70
     15.01 287.00 1008.70
     25.01 287.00 1008.70
     35.02 287.00 1008.70
     45.02 287.00 1008.70
     55.03 287.00 1008.70
     65.03 287.00 1008.70
     75.04 287.00 1008.70
     85.04 287.00 1008.70
     95.05 287.00 1008.70
    105.05 287.00 1008.70
    115.06 287.00 1008.70
    125.06 287.00 1008.70
    135.07 287.00 1008.70
    145.07 287.00 1008.70
    155.08 287.00 1008.70
    165.08 287.00 1008.70
    175.09 286.99 1008.70
    185.09 286.99 1008.70
    195.10 286.99 1008.70
    205.10 286.99 1008.70
    215.11 286.99 1008.70
    225.11 286.99 1008.70
    235.12 286.99 1008.70
    245.12 286.99 1008.70
    255.13 286.98 1008.70
    265.13 286.98 1008.70
    275.14 286.98 1008.70
    285.14 286.98 1008.70
    295.15 286.98 1008.70
    305.15 286.98 1008.70
    315.16 286.97 1008.70
    325.16 286.97 1008.70
    335.17 286.97 1008.70
    345.17 286.97 1008.70
    355.18 286.96 1008.70
    365.18 286.96 1008.70
    375.19 286.96 1008.70
    385.19 286.96 1008.70
    395.20 286.96 1008.70
    405.20 286.95 1008.70
    415.21 286.95 1008.70
    425.21 286.95 1008.70
    435.22 286.94 1008.70
    445.22 286.94 1008.70
    455.23 286.94 1008.70
    465.23 286.94 1008.70
    475.24 286.93 1008.70
    485.24 286.93 1008.70
    495.25 286.93 1008.71
    505.25 286.92 1008.71
    515.26 286.92 1008.71
    525.26 286.92 1008.71
    535.27 286.91 1008.71
    545.27 286.91 1008.71
    555.28 286.91 1008.71
    565.28 286.90 1008.71
    575.29 286.90 1008.71
    585.29 286.90 1008.71
    595.30 286.89 1008.71
    605.30 286.89 1008.71
    615.31 286.88 1008.71
    625.31 286.88 1008.71
    635.32 286.88 1008.71
    645.32 286.87 1008.71
    655.33 286.87 1008.71
    665.33 286.86 1008.71
    675.34 286.86 1008.71
    685.34 286.86 1008.72
    695.35 286.85 1008.72
    705.35 286.85 1008.72
    715.36 286.84 1008.72
    725.36 286.84 1008.72
    735.37 286.83 1008.72
    745.37 286.83 1008.72
    755.38 286.82 1008.72
    765.38 286.82 1008.72
    775.39 286.81 1008.72
    785.39 286.81 1008.73
    795.40 286.80 1008.73
    805.40 286.80 1008.73
    815.41 286.79 1008.73
    825.41 286.79 1008.73
    835.42 286.78 1008.73
    845.42 286.78 1008.73
    855.43 286.77 1008.74
    865.43 286.77 1008.74
    875.44 286.76 1008.74
    885.44 286.76 1008.74
    895.45 286.75 1008.74
    905.45 286.74 1008.74
    915.46 286.74 1008.75
    925.46 286.73 1008.75
    935.47 286.73 1008.75
    945.47 286.72 1008.75
    955.48 286.72 1008.75
    965.48 286.71 1008.76
    975.49 286.70 1008.76
    985.49 286.70 1008.76
    995.50 286.69 1008.76
   1005.50 286.68 1008.77
   1015.51 286.68 1008.77
   1025.51 286.67 1008.77
   1035.52 286.67 1008.77
   1045.52 286.66 1008.78
   1055.53 286.65 1008.78
   1065.53 286.65 1008.78
   1075.54 286.64 1008.79
   1085.54 286.63 1008.79
   1095.55 286.62 1008.79
   1105.55 286.62 1008.80
   1115.56 286.61 1008.80
   1125.56 286.60 1008.80
   1135.57 286.60 1008.81
   1145.57 286.59 1008.81
   1155.58 286.58 1008.81
   1165.58 286.57 1008.82
   1175.59 286.57 1008.82
   1185.59 286.56 1008.83
   1195.60 286.55 1008.83
   1205.60 286.54 1008.84
   1215.61 286.54 1008.84
   1225.61 286.53 1008.85
   1235.62 286.52 1008.85
   1245.62 286.51 1008.85
   1255.63 286.51 1008.86
   1265.63 286.50 1008.87
   1275.64 286.49 1008.87
   1285.64 286.48 1008.88
   1295.65 286.47 1008.88
   1305.65 286.47 1008.89
   1315.66 286.46 1008.89
   1325.66 286.45 1008.90
   1335.67 286.44 1008.90
   1345.67 286.43 1008.91
   1355.68 286.42 1008.92
   1365.68 286.41 1008.92
   1375.69 286.41 1008.93
   1385.69 286.40 1008.94
   1395.70 286.39 1008.94
   1405.70 286.38 1008.95
   1415.71 286.37 1008.96
   1425.71 286.36 1008.97
   1435.72 286.35 1008.97
   1445.72 286.34 1008.98
   1455.73 286.33 1008.99
   1465.73 286.33 1009.00
   1475.74 286.32 1009.01
   1485.74 286.31 1009.01
   1495.75 286.30 1009.02
   1505.75 286.29 1009.03
   1515.76 286.28 1009.04
   1525.76 286.27 1009.05
   1535.77 286.26 1009.06
   1545.77 286.25 1009.07
   1555.78 286.24 1009.08
   1565.78 286.23 1009.09
   1575.79 286.22 1009.10
   1585.79 286.21 1009.11
   1595.80 286.20 1009.12
   1605.80 286.19 1009.13
   1615.81 286.18 1009.14
   1625.81 286.17 1009.15
   1635.82 286.16 1009.17
   1645.82 286.15 1009.18
   1655.83 286.14 1009.19
   1665.83 286.13 1009.20
   1675.84 286.12 1009.21
   1685.84 286.11 1009.23
   1695.85 286.10 1009.24
   1705.85 286.09 1009.25
   1715.86 286.07 1009.27
   1725.86 286.06 1009.28
   1735.87 286.05 1009.29
   1745.87 286.04 1009.31
   1755.88 286.03 1009.32
   1765.88 286.02 1009.34
   1775.89 286.01 1009.35
   1785.89 286.00 1009.37
   1795.90 285.99 1009.38
   1805.90 285.97 1009.40
   1815.91 285.96 1009.41
   1825.91 285.95 1009.43
   1835.92 285.94 1009.44
   1845.92 285.93 1009.46
   1855.93 285.92 1009.48
   1865.93 285.91 1009.50
   1875.94 285.89 1009.51
   1885.94 285.88 1009.53
   1895.95 285.87 1009.55
   1905.95 285.86 1009.57
   1915.96 285.85 1009.59
   1925.96 285.83 1009.61
   1935.97 285.82 1009.63
   1945.97 285.81 1009.65
   1955.98 285.80 1009.67
   1965.98 285.78 1009.69
   1975.99 285.77 1009.71
   1985.99 285.76 1009.73
   1996.00 285.75 1009.75
   2006.00 285.73 1009.77
   2016.01 285.72 1009.79
   2026.01 285.71 1009.82
   2036.02 285.70 1009.84
   2046.02 285.68 1009.86
   2056.03 285.67 1009.89
   2066.03 285.66 1009.91
   2076.04 285.64 1009.93
   2086.04 285.63 1009.96
   2096.05 285.62 1009.98
   2106.05 285.61 1010.01
   2116.06 285.59 1010.04
   2126.06 285.58 1010.06
   2136.07 285.57 1010.09
   2146.07 285.55 1010.12
   2156.08 285.54 1010.14
   2166.08 285.52 1010.17
   2176.09 285.51 1010.20
   2186.09 285.50 1010.23
   2196.10 285.48 1010.26
   2206.10 285.47 1010.29
   2216.11 285.46 1010.32
   2226.11 285.44 1010.35
   2236.12 285.43 1010.38
   2246.12 285.41 1010.41
   2256.13 285.40 1010.44
   2266.13 285.39 1010.47
   2276.14 285.37 1010.51
   2286.14 285.36 1010.54
   2296.15 285.34 1010.57
   2306.15 285.33 1010.61
   2316.16 285.31 1010.64
   2326.16 285.30 1010.68
   2336.17 285.28 1010.71
   2346.17 285.27 1010.75
   2356.18 285.26 1010.78
   2366.18 285.24 1010.82
   2376.19 285.23 1010.86
   2386.19 285.21 1010.90
   2396.20 285.20 1010.94
   2406.20 285.18 1010.97
   2416.21 285.17 1011.01
   2426.21 285.15 1011.05
   2436.22 285.14 1011.10
   2446.22 285.12 1011.14
   2456.23 285.10 1011.18
   2466.23 285.09 1011.22
   2476.24 285.07 1011.26
   2486.24 285.06 1011.31
   2496.25 285.04 1011.35
   2506.25 285.03 1011.40
   2516.26 285.01 1011.44
   2526.26 285.00 1011.49
   2536.27 284.98 1011.53
   2546.27 284.96 1011.58
   2556.28 284.95 1011.63
   2566.28 284.93 1011.68
   2576.29 284.92 1011.73
   2586.29 284.90 1011.78
   2596.30 284.88 1011.83
   2606.30 284.87 1011.88
   2616.31 284.85 1011.93
   2626.31 284.83 1011.98
   2636.32 284.82 1012.03
   2646.32 284.80 1012.09
   2656.33 284.79 1012.14
   2666.33 284.77 1012.20
   2676.34 284.75 1012.25
   2686.34 284.74 1012.31
   2696.35 284.72 1012.37
   2706.35 284.70 1012.42
   2716.36 284.68 1012.48
   2726.36 284.67 1012.54
   2736.37 284.65 1012.60
   2746.37 284.63 1012.66
   2756.38 284.62 1012.72
   2766.38 284.60 1012.78
   2776.39 284.58 1012.85
   2786.39 284.56 1012.91
   2796.40 284.55 1012.97
   2806.40 284.53 1013.04
   2816.41 284.51 1013.11
   2826.41 284.49 1013.17
   2836.42 284.48 1013.24
   2846.42 284.46 1013.31
   2856.43 284.44 1013.38
   2866.43 284.42 1013.45
   2876.44 284.41 1013.52
   2886.44 284.39 1013.59
   2896.45 284.37 1013.66
   2906.45 284.35 1013.73
   2916.46 284.33 1013.81
   2926.46 284.32 1013.88
   2936.47 284.30 1013.96
   2946.47 284.28 1014.03
   2956.48 284.26 1014.11
   2966.48 284.24 1014.19
   2976.49 284.22 1014.27
   2986.49 284.21 1014.35
   2996.50 284.19 1014.43
   3006.50 284.17 1014.51
   3016.51 284.15 1014.60
   3026.51 284.13 1014.68
   3036.52 284.11 1014.76
   3046.52 284.09 1014.85
   3056.53 284.07 1014.94
   3066.53 284.05 1015.02
   3076.54 284.04 1015.11
   3086.54 284.02 1015.20
   3096.55 284.00 1015.29
   3106.55 283.98 1015.39
   3116.56 283.96 1015.48
   3126.56 283.94 1015.57
   3136.57 283.92 1015.67
   3146.57 283.90 1015.76
   3156.58 283.88 1015.86
   3166.58 283.86 1015.96
   3176.59 283.84 1016.06
   3186.59 283.82 1016.16
   3196.60 283.80 1016.26
   3206.60 283.78 1016.36
   3216.61 283.76 1016.46
   3226.61 283.74 1016.57
   3236.62 283.72 1016.67
   3246.62 283.70 1016.78
   3256.63 283.68 1016.88
   3266.63 283.66 1016.99
   3276.64 283.64 1017.10
   3286.64 283.62 1017.21
   3296.65 283.60 1017.33
   3306.65 283.58 1017.44
   3316.66 283.56 1017.55
   3326.66 283.54 1017.67
   3336.67 283.52 1017.79
   3346.67 283.50 1017.91
   3356.68 283.48 1018.03
   3366.68 283.46 1018.15
   3376.69 283.44 1018.27
   3386.69 283.42 1018.39
   3396.70 283.39 1018.52
   3406.70 283.37 1018.64
   3416.71 283.35 1018.77
   3426.71 283.33 1018.90
   3436.72 283.31 1019.03
   3446.72 283.29 1019.16
   3456.73 283.27 1019.29
   3466.73 283.25 1019.42
   3476.74 283.22 1019.56
   3486.74 283.20 1019.69
   3496.75 283.18 1019.83
   3506.75 283.16 1019.97
   3516.76 283.14 1020.11
   3526.76 283.12 1020.25
   3536.77 283.09 1020.39
   3546.77 283.07 1020.54
   3556.78 283.05 1020.69
   3566.78 283.03 1020.83
   3576.79 283.01 1020.98
   3586.79 282.99 1021.13
   3596.80 282.96 1021.28
   3606.80 282.94 1021.44
   3616.81 282.92 1021.59
   3626.81 282.90 1021.75
   3636.82 282.87 1021.91
   3646.82 282.85 1022.06
   3656.83 282.83 1022.22
   3666.83 282.81 1022.39
   3676.84 282.78 1022.55
   3686.84 282.76 1022.72
   3696.85 282.74 1022.88
   3706.85 282.72 1023.05
   3716.86 282.69 1023.22
   3726.86 282.67 1023.39
   3736.87 282.65 1023.57
   3746.87 282.62 1023.74
   3756.88 282.60 1023.92
   3766.88 282.58 1024.10
   3776.89 282.56 1024.28
   3786.89 282.53 1024.46
   3796.90 282.51 1024.64
   3806.90 282.49 1024.83
   3816.91 282.46 1025.01
   3826.91 282.44 1025.20
   3836.92 282.41 1025.39
   3846.92 282.39 1025.58
   3856.93 282.37 1025.78
   3866.93 282.34 1025.97
   3876.94 282.32 1026.17
   3886.94 282.30 1026.37
   3896.95 282.27 1026.57
   3906.95 282.25 1026.77
   3916.96 282.22 1026.98
   3926.96 282.20 1027.18
   3936.97 282.18 1027.39
   3946.97 282.15 1027.60
   3956.98 282.13 1027.81
   3966.98 282.10 1028.03
   3976.99 282.08 1028.24
   3986.99 282.06 1028.46
   3997.00 282.03 1028.68
   4007.00 282.01 1028.90
   4017.01 281.98 1029.12
   4027.01 281.96 1029.35
   4037.02 281.93 1029.58
   4047.02 281.91 1029.81
   4057.03 281.88 1030.04
   4067.03 281.86 1030.27
   4077.04 281.83 1030.51
   4087.04 281.81 1030.74
   4097.05 281.78 1030.98
   4107.05 281.76 1031.22
   4117.06 281.73 1031.47
   4127.06 281.71 1031.71
   4137.07 281.68 1031.96
   4147.07 281.66 1032.21
   4157.08 281.63 1032.46
   4167.08 281.61 1032.72
   4177.09 281.58 1032.97
   4187.09 281.56 1033.23
   4197.10 281.53 1033.49
   4207.10 281.51 1033.75
   4217.11 281.48 1034.02
   4227.11 281.45 1034.29
   4237.12 281.43 1034.56
   4247.12 281.40 1034.83
   4257.13 281.38 1035.10
   4267.13 281.35 1035.38
   4277.14 281.32 1035.65
   4287.14 281.30 1035.94
   4297.15 281.27 1036.22
   4307.15 281.25 1036.50
   4317.16 281.22 1036.79
   4327.16 281.19 1037.08
   4337.17 281.17 1037.37
   4347.17 281.14 1037.67
   4357.18 281.11 1037.96
   4367.18 281.09 1038.26
   4377.19 281.06 1038.56
   4387.19 281.04 1038.87
   4397.20 281.01 1039.18
   4407.20 280.98 1039.48
   4417.21 280.95 1039.80
   4427.21 280.93 1040.11
   4437.22 280.90 1040.43
   4447.22 280.87 1040.74
   4457.23 280.85 1041.07
   4467.23 280.82 1041.39
   4477.24 280.79 1041.72
   4487.24 280.77 1042.04
   4497.25 280.74 1042.38
   4507.25 280.71 1042.71
   4517.26 280.68 1043.05
   4527.26 280.66 1043.38
   4537.27 280.63 1043.73
   4547.27 280.60 1044.07
   4557.28 280.57 1044.42
   4567.28 280.55 1044.77
   4577.29 280.52 1045.12
   4587.29 280.49 1045.47
   4597.30 280.46 1045.83
   4607.30 280.44 1046.19
   4617.31 280.41 1046.55
   4627.31 280.38 1046.92
   4637.32 280.35 1047.29
   4647.32 280.32 1047.66
   4657.33 280.30 1048.03
   4667.33 280.27 1048.41
   4677.34 280.24 1048.79
   4687.34 280.21 1049.17
   4697.35 280.18 1049.55
   4707.35 280.15 1049.94
   4717.36 280.13 1050.33
   4727.36 280.10 1050.72
   4737.37 280.07 1051.12
   4747.37 280.04 1051.52
   4757.38 280.01 1051.92
   4767.38 279.98 1052.32
   4777.39 279.95 1052.73
   4787.39 279.93 1053.14
   4797.40 279.90 1053.55
   4807.40 279.87 1053.97
   4817.41 279.84 1054.39
   4827.41 279.81 1054.81
   4837.42 279.78 1055.24
   4847.42 279.75 1055.66
   4857.43 279.72 1056.09
   4867.43 279.69 1056.53
   4877.44 279.66 1056.96
   4887.44 279.64 1057.40
   4897.45 279.61 1057.85
   4907.45 279.58 1058.29
   4917.46 279.55 1058.74
   4927.46 279.52 1059.19
   4937.47 279.49 1059.65
   4947.47 279.46 1060.11
   4957.48 279.43 1060.57
   4967.48 279.40 1061.03
   4977.49 279.37 1061.50
   4987.49 279.34 1061.97
   4997.50 279.31 1062.44
   5007.50 279.28 1062.92
   5017.51 279.25 1063.40
   5027.51 279.22 1063.88
   5037.52 279.19 1064.37
   5047.52 279.16 1064.86
   5057.53 279.13 1065.35
   5067.53 279.10 1065.84
   5077.54 279.07 1066.34
   5087.54 279.04 1066.84
   5097.55 279.01 1067.35
   5107.55 278.98 1067.86
   5117.56 278.95 1068.37
   5127.56 278.92 1068.88
   5137.57 278.88 1069.40
   5147.57 278.85 1069.92
   5157.58 278.82 1070.45
   5167.58 278.79 1070.98
   5177.59 278.76 1071.51
   5187.59 278.73 1072.04
   5197.60 278.70 1072.58
   5207.60 278.67 1073.12
   5217.61 278.64 1073.66
   5227.61 278.61 1074.21
   5237.62 278.58 1074.76
   5247.62 278.54 1075.32
   5257.63 278.51 1075.88
   5267.63 278.48 1076.44
   5277.64 278.45 1077.00
   5287.64 278.42 1077.57
   5297.65 278.39 1078.14
   5307.65 278.36 1078.72
   5317.66 278.32 1079.30
   5327.66 278.29 1079.88
   5337.67 278.26 1080.46
   5347.67 278.23 1081.05
   5357.68 278.20 1081.64
   5367.68 278.17 1082.24
   5377.69 278.13 1082.84
   5387.69 278.10 1083.44
   5397.70 278.07 1084.05
   5407.70 278.04 1084.65
   5417.71 278.01 1085.27
   5427.71 277.97 1085.88
   5437.72 277.94 1086.50
   5447.72 277.91 1087.13
   5457.73 277.88 1087.75
   5467.73 277.84 1088.39
   5477.74 277.81 1089.02
   5487.74 277.78 1089.66
   5497.75 277.75 1090.30
   5507.75 277.71 1090.94
   5517.76 277.68 1091.59
   5527.76 277.65 1092.24
   5537.77 277.62 1092.90
   5547.77 277.58 1093.56
   5557.78 277.55 1094.22
   5567.78 277.52 1094.89
   5577.79 277.48 1095.56
   5587.79 277.45 1096.23
   5597.80 277.42 1096.91
   5607.80 277.39 1097.59
   5617.81 277.35 1098.27
   5627.81 277.32 1098.96
   5637.82 277.29 1099.65
   5647.82 277.25 1100.34
   5657.83 277.22 1101.04
   5667.83 277.19 1101.75
   5677.84 277.15 1102.45
   5687.84 277.12 1103.16
   5697.85 277.09 1103.87
   5707.85 277.05 1104.59
   5717.86 277.02 1105.31
   5727.86 276.98 1106.04
   5737.87 276.95 1106.76
   5747.87 276.92 1107.50
   5757.88 276.88 1108.23
   5767.88 276.85 1108.97
   5777.89 276.81 1109.71
   5787.89 276.78 1110.46
   5797.90 276.75 1111.21
   5807.90 276.71 1111.96
   5817.91 276.68 1112.72
   5827.91 276.64 1113.48
   5837.92 276.61 1114.25
   5847.92 276.58 1115.02
   5857.93 276.54 1115.79
   5867.93 276.51 1116.56
   5877.94 276.47 1117.34
   5887.94 276.44 1118.13
   5897.95 276.40 1118.92
   5907.95 276.37 1119.71
   5917.96 276.33 1120.50
   5927.96 276.30 1121.30
   5937.97 276.26 1122.10
   5947.97 276.23 1122.91
   5957.98 276.20 1123.72
   5967.98 276.16 1124.53
   5977.99 276.13 1125.35
   5987.99 276.09 1126.17
   5998.00 276.06 1126.99
   6008.00 276.02 1127.82
   6018.01 275.99 1128.65
   6028.01 275.95 1129.49
   6038.02 275.91 1130.33
   6048.02 275.88 1131.17
   6058.03 275.84 1132.02
   6068.03 275.81 1132.87
   6078.04 275.77 1133.73
   6088.04 275.74 1134.59
   6098.05 275.70 1135.45
   6108.05 275.67 1136.31
   6118.06 275.63 1137.18
   6128.06 275.60 1138.06
   6138.07 275.56 1138.93
   6148.07 275.52 1139.82
   6158.08 275.49 1140.70
   6168.08 275.45 1141.59
   6178.09 275.42 1142.48
   6188.09 275.38 1143.38
   6198.10 275.34 1144.28
   6208.10 275.31 1145.18
   6218.11 275.27 1146.09
   6228.11 275.24 1147.00
   6238.12 275.20 1147.91
   6248.12 275.16 1148.83
   6258.13 275.13 1149.76
   6268.13 275.09 1150.68
   6278.14 275.05 1151.61
   6288.14 275.02 1152.55
   6298.15 274.98 1153.48
   6308.15 274.94 1154.43
   6318.16 274.91 1155.37
   6328.16 274.87 1156.32
   6338.17 274.83 1157.27
   6348.17 274.80 1158.23
   6358.18 274.76 1159.19
   6368.18 274.72 1160.15
   6378.19 274.69 1161.12
   6388.19 274.65 1162.09
   6398.20 274.61 1163.07
   6408.20 274.58 1164.05
   6418.21 274.54 1165.03
   6428.21 274.50 1166.01
   6438.22 274.46 1167.00
   6448.22 274.43 1168.00
   6458.23 274.39 1169.00
   6468.23 274.35 1170.00
   6478.24 274.32 1171.00
   6488.24 274.28 1172.01
   6498.25 274.24 1173.02
   6508.25 274.20 1174.04
   6518.26 274.17 1175.06
   6528.26 274.13 1176.08
   6538.27 274.09 1177.11
   6548.27 274.05 1178.14
   6558.28 274.01 1179.17
   6568.28 273.98 1180.21
   6578.29 273.94 1181.26
   6588.29 273.90 1182.30
   6598.30 273.86 1183.35
   6608.30 273.83 1184.40
   6618.31 273.79 1185.46
   6628.31 273.75 1186.52
   6638.32 273.71 1187.58
   6648.32 273.67 1188.65
   6658.33 273.63 1189.72
   6668.33 273.60 1190.80
   6678.34 273.56 1191.88
   6688.34 273.52 1192.96
   6698.35 273.48 1194.04
   6708.35 273.44 1195.13
   6718.36 273.40 1196.22
   6728.36 273.37 1197.32
   6738.37 273.33 1198.42
   6748.37 273.29 1199.52
   6758.38 273.25 1200.63
   6768.38 273.21 1201.74
   6778.39 273.17 1202.86
   6788.39 273.13 1203.97
   6798.40 273.09 1205.10
   6808.40 273.06 1206.22
   6818.41 273.02 1207.35
   6828.41 272.98 1208.48
   6838.42 272.94 1209.62
   6848.42 272.90 1210.76
   6858.43 272.86 1211.90
   6868.43 272.82 1213.04
   6878.44 272.78 1214.19
   6888.44 272.74 1215.35
   6898.45 272.70 1216.50
   6908.45 272.66 1217.66
   6918.46 272.62 1218.83
   6928.46 272.58 1219.99
   6938.47 272.55 1221.16
   6948.47 272.51 1222.34
   6958.48 272.47 1223.51
   6968.48 272.43 1224.69
   6978.49 272.39 1225.88
   6988.49 272.35 1227.06
   6998.50 272.31 1228.25
   7008.50 272.27 1229.45
   7018.51 272.23 1230.65
   7028.51 272.19 1231.85
   7038.52 272.15 1233.05
   7048.52 272.11 1234.26
   7058.53 272.07 1235.47
   7068.53 272.03 1236.68
   7078.54 271.99 1237.90
   7088.54 271.95 1239.12
   7098.55 271.91 1240.34
   7108.55 271.87 1241.57
   7118.56 271.83 1242.80
   7128.56 271.79 1244.03
   7138.57 271.75 1245.27
   7148.57 271.70 1246.51
   7158.58 271.66 1247.75
   7168.58 271.62 1249.00
   7178.59 271.58 1250.24
   7188.59 271.54 1251.50
   7198.60 271.50 1252.75
   7208.60 271.46 1254.01
   7218.61 271.42 1255.27
   7228.61 271.38 1256.54
   7238.62 271.34 1257.80
   7248.62 271.30 1259.08
   7258.63 271.26 1260.35
   7268.63 271.22 1261.63
   7278.64 271.17 1262.91
   7288.64 271.13 1264.19
   7298.65 271.09 1265.47
   7308.65 271.05 1266.76
   7318.66 271.01 1268.06
   7328.66 270.97 1269.35
   7338.67 270.93 1270.65
   7348.67 270.89 1271.95
   7358.68 270.84 1273.25
   7368.68 270.80 1274.56
   7378.69 270.76 1275.87
   7388.69 270.72 1277.18
   7398.70 270.68 1278.50
   7408.70 270.64 1279.82
   7418.71 270.59 1281.14
   7428.71 270.55 1282.46
   7438.72 270.51 1283.79
   7448.72 270.47 1285.12
   7458.73 270.43 1286.45
   7468.73 270.39 1287.79
   7478.74 270.34 1289.13
   7488.74 270.30 1290.47
   7498.75 270.26 1291.81
   7508.75 270.22 1293.16
   7518.76 270.17 1294.51
   7528.76 270.13 1295.86
   7538.77 270.09 1297.22
   7548.77 270.05 1298.58
   7558.78 270.01 1299.94
   7568.78 269.96 1301.30
   7578.79 269.92 1302.67
   7588.79 269.88 1304.04
   7598.80 269.84 1305.41
   7608.80 269.79 1306.78
   7618.81 269.75 1308.16
   7628.81 269.71 1309.54
   7638.82 269.67 1310.92
   7648.82 269.62 1312.31
   7658.83 269.58 1313.70
   7668.83 269.54 1315.09
   7678.84 269.49 1316.48
   7688.84 269.45 1317.87
   7698.85 269.41 1319.27
   7708.85 269.37 1320.67
   7718.86 269.32 1322.07
   7728.86 269.28 1323.48
   7738.87 269.24 1324.89
   7748.87 269.19 1326.30
   7758.88 269.15 1327.71
   7768.88 269.11 1329.12
   7778.89 269.06 1330.54
   7788.89 269.02 1331.96
   7798.90 268.98 1333.38
   7808.90 268.93 1334.81
   7818.91 268.89 1336.23
   7828.91 268.85 1337.66
   7838.92 268.80 1339.09
   7848.92 268.76 1340.53
   7858.93 268.72 1341.96
   7868.93 268.67 1343.40
   7878.94 268.63 1344.84
   7888.94 268.58 1346.28
   7898.95 268.54 1347.73
   7908.95 268.50 1349.17
   7918.96 268.45 1350.62
   7928.96 268.41 1352.07
   7938.97 268.37 1353.53
   7948.97 268.32 1354.98
   7958.98 268.28 1356.44
   7968.98 268.23 1357.90
   7978.99 268.19 1359.36
   7988.99 268.14 1360.82
   7999.00 268.10 1362.28
   8009.00 268.06 1363.75
   8019.01 268.01 1365.22
   8029.01 267.97 1366.69
   8039.02 267.92 1368.16
   8049.02 267.88 1369.64
   8059.03 267.83 1371.11
   8069.03 267.79 1372.59
   8079.04 267.74 1374.07
   8089.04 267.70 1375.55
   8099.05 267.66 1377.04
   8109.05 267.61 1378.52
   8119.06 267.57 1380.01
   8129.06 267.52 1381.50
   8139.07 267.48 1382.99
   8149.07 267.43 1384.48
   8159.08 267.39 1385.97
   8169.08 267.34 1387.47
   8179.09 267.30 1388.96
   8189.09 267.25 1390.46
   8199.10 267.21 1391.96
   8209.10 267.16 1393.47
   8219.11 267.12 1394.97
   8229.11 267.07 1396.47
   8239.12 267.03 1397.98
   8249.12 266.98 1399.49
   8259.13 266.94 1401.00
   8269.13 266.89 1402.51
   8279.14 266.84 1404.02
   8289.14 266.80 1405.53
   8299.15 266.75 1407.05
   8309.15 266.71 1408.56
   8319.16 266.66 1410.08
   8329.16 266.62 1411.60
   8339.17 266.57 1413.12
   8349.17 266.53 1414.64
   8359.18 266.48 1416.16
   8369.18 266.43 1417.69
   8379.19 266.39 1419.21
   8389.19 266.34 1420.74
   8399.20 266.30 1422.26
   8409.20 266.25 1423.79
   8419.21 266.20 1425.32
   8429.21 266.16 1426.85
   8439.22 266.11 1428.38
   8449.22 266.07 1429.91
   8459.23 266.02 1431.44
   8469.23 265.97 1432.98
   8479.24 265.93 1434.51
   8489.24 265.88 1436.05
   8499.25 265.83 1437.58
   8509.25 265.79 1439.12
   8519.26 265.74 1440.66
   8529.26 265.70 1442.20
   8539.27 265.65 1443.74
   8549.27 265.60 1445.28
   8559.28 265.56 1446.82
   8569.28 265.51 1448.36
   8579.29 265.46 1449.90
   8589.29 265.42 1451.45
   8599.30 265.37 1452.99
   8609.30 265.32 1454.53
   8619.31 265.28 1456.08
   8629.31 265.23 1457.62
   8639.32 265.18 1459.17
   8649.32 265.13 1460.72
   8659.33 265.09 1462.27
   8669.33 265.04 1463.81
   8679.34 264.99 1465.36
   8689.34 264.95 1466.91
   8699.35 264.90 1468.47
   8709.35 264.85 1470.02
   8719.36 264.80 1471.57
   8729.36 264.76 1473.13
   8739.37 264.71 1474.69
   8749.37 264.66 1476.25
   8759.38 264.62 1477.81
   8769.38 264.57 1479.38
   8779.39 264.52 1480.95
   8789.39 264.47 1482.52
   8799.40 264.43 1484.09
   8809.40 264.38 1485.66
   8819.41 264.33 1487.24
   8829.41 264.28 1488.82
   8839.42 264.23 1490.40
   8849.42 264.19 1491.99
   8859.43 264.14 1493.57
   8869.43 264.09 1495.16
   8879.44 264.04 1496.75
   8889.44 264.00 1498.35
   8899.45 263.95 1499.94
   8909.45 263.90 1501.54
   8919.46 263.85 1503.14
   8929.46 263.80 1504.74
   8939.47 263.75 1506.34
   8949.47 263.71 1507.95
   8959.48 263.66 1509.56
   8969.48 263.61 1511.17
   8979.49 263.56 1512.78
   8989.49 263.51 1514.39
   8999.50 263.47 1516.00
   9009.50 263.42 1517.62
   9019.51 263.37 1519.24
   9029.51 263.32 1520.86
   9039.52 263.27 1522.48
   9049.52 263.22 1524.10
   9059.53 263.17 1525.73
   9069.53 263.13 1527.36
   9079.54 263.08 1528.98
   9089.54 263.03 1530.61
   9099.55 262.98 1532.25
   9109.55 262.93 1533.88
   9119.56 262.88 1535.51
   9129.56 262.83 1537.15
   9139.57 262.78 1538.79
   9149.57 262.73 1540.43
   9159.58 262.69 1542.07
   9169.58 262.64 1543.71
   9179.59 262.59 1545.35
   9189.59 262.54 1546.99
   9199.60 262.49 1548.64
   9209.60 262.44 1550.28
   9219.61 262.39 1551.93
   9229.61 262.34 1553.58
   9239.62 262.29 1555.23
   9249.62 262.24 1556.88
   9259.63 262.19 1558.53
   9269.63 262.14 1560.19
   9279.64 262.10 1561.84
   9289.64 262.05 1563.49
   9299.65 262.00 1565.15
   9309.65 261.95 1566.80
   9319.66 261.90 1568.46
   9329.66 261.85 1570.12
   9339.67 261.80 1571.78
   9349.67 261.75 1573.44
   9359.68 261.70 1575.10
   9369.68 261.65 1576.76
   9379.69 261.60 1578.42
   9389.69 261.55 1580.08
   9399.70 261.50 1581.74
   9409.70 261.45 1583.41
   9419.71 261.40 1585.07
   9429.71 261.35 1586.73
   9439.72 261.30 1588.40
   9449.72 261.25 1590.06
   9459.73 261.20 1591.73
   9469.73 261.15 1593.39
   9479.74 261.10 1595.06
   9489.74 261.05 1596.72
   9499.75 261.00 1598.39
   9509.75 260.95 1600.06
   9519.76 260.90 1601.72
   9529.76 260.85 1603.39
   9539.77 260.80 1605.06
   9549.77 260.75 1606.72
   9559.78 260.70 1608.39
   9569.78 260.65 1610.05
   9579.79 260.60 1611.72
   9589.79 260.54 1613.39
   9599.80 260.49 1615.05
   9609.80 260.44 1616.72
   9619.81 260.39 1618.38
   9629.81 260.34 1620.05
   9639.82 260.29 1621.72
   9649.82 260.24 1623.38
   9659.83 260.19 1625.04
   9669.83 260.14 1626.71
   9679.84 260.09 1628.37
   9689.84 260.04 1630.04
   9699.85 259.99 1631.70
   9709.85 259.94 1633.36
   9719.86 259.88 1635.02
   9729.86 259.83 1636.68
   9739.87 259.78 1638.34
   9749.87 259.73 1640.00
   9759.88 259.68 1641.66
   9769.88 259.63 1643.32
   9779.89 259.58 1644.98
   9789.89 259.53 1646.64
   9799.90 259.48 1648.29
   9809.90 259.42 1649.95
   9819.91 259.37 1651.60
   9829.91 259.32 1653.26
   9839.92 259.27 1654.91
   9849.92 259.22 1656.56
   9859.93 259.17 1658.21
   9869.93 259.12 1659.86
   9879.94 259.07 1661.51
   9889.94 259.01 1663.16
   9899.95 258.96 1664.80
   9909.95 258.91 1666.45
   9919.96 258.86 1668.09
   9929.96 258.81 1669.74
   9939.97 258.76 1671.38
   9949.97 258.70 1673.02
   9959.98 258.65 1674.66
   9969.98 258.60 1676.29
   9979.99 258.55 1677.93
   9989.99 258.50 1679.57
  10000.00 258.45 1681.20
