 -10000.00 234.77 1681.20
  -9989.99 234.81 1679.57
  -9979.99 234.85 1677.93
  -9969.98 234.89 1676.29
  -9959.98 234.93 1674.66
  -9949.97 234.97 1673.02
  -9939.97 235.01 1671.38
  -9929.96 235.05 1669.74
  -9919.96 235.09 1668.09
  -9909.95 235.13 1666.45
  -9899.95 235.17 1664.80
  -9889.94 235.21 1663.16
  -9879.94 235.25 1661.51
  -9869.93 235.29 1659.86
  -9859.93 235.33 1658.21
  -9849.92 235.37 1656.56
  -9839.92 235.41 1654.91
  -9829.91 235.45 1653.26
  -9819.91 235.49 1651.60
  -9809.90 235.53 1649.95
  -9799.90 235.57 1648.29
  -9789.89 235.61 1646.64
  -9779.89 235.64 1644.98
  -9769.88 235.68 1643.32
  -9759.88 235.72 1641.66
  -9749.87 235.76 1640.00
  -9739.87 235.80 1638.34
  -9729.86 235.84 1636.68
  -9719.86 235.88 1635.02
  -9709.85 235.92 1633.36
  -9699.85 235.96 1631.70
  -9689.84 236.00 1630.04
  -9679.84 236.04 1628.37
  -9669.83 236.07 1626.71
  -9659.83 236.11 1625.04
  -9649.82 236.15 1623.38
  -9639.82 236.19 1621.72
  -9629.81 236.23 1620.05
  -9619.81 236.27 1618.38
  -9609.80 236.31 1616.72
  -9599.80 236.35 1615.05
  -9589.79 236.38 1613.39
  -9579.79 236.42 1611.72
  -9569.78 236.46 1610.05
  -9559.78 236.50 1608.39
  -9549.77 236.54 1606.72
  -9539.77 236.58 1605.06
  -9529.76 236.62 1603.39
  -9519.76 236.65 1601.72
  -9509.75 236.69 1600.06
  -9499.75 236.73 1598.39
  -9489.74 236.77 1596.72
  -9479.74 236.81 1595.06
  -9469.73 236.85 1593.39
  -9459.73 236.88 1591.73
  -9449.72 236.92 1590.06
  -9439.72 236.96 1588.40
  -9429.71 237.00 1586.73
  -9419.71 237.04 1585.07
  -9409.70 237.08 1583.41
  -9399.70 237.11 1581.74
  -9389.69 237.15 1580.08
  -9379.69 237.19 1578.42
  -9369.68 237.23 1576.76
  -9359.68 237.27 1575.10
  -9349.67 237.30 1573.44
  -9339.67 237.34 1571.78
  -9329.66 237.38 1570.12
  -9319.66 237.42 1568.46
  -9309.65 237.45 1566.80
  -9299.65 237.49 1565.15
  -9289.64 237.53 1563.49
  -9279.64 237.57 1561.84
  -9269.63 237.61 1560.19
  -9259.63 237.64 1558.53
  -9249.62 237.68 1556.88
  -9239.62 237.72 1555.23
  -9229.61 237.76 1553.58
  -9219.61 237.79 1551.93
  -9209.60 237.83 1550.28
  -9199.60 237.87 1548.64
  -9189.59 237.91 1546.99
  -9179.59 237.94 1545.35
  -9169.58 237.98 1543.71
  -9159.58 238.02 1542.07
  -9149.57 238.06 1540.43
  -9139.57 238.09 1538.79
  -9129.56 238.13 1537.15
  -9119.56 238.17 1535.51
  -9109.55 238.20 1533.88
  -9099.55 238.24 1532.25
  -9089.54 238.28 1530.61
  -9079.54 238.32 1528.98
  -9069.53 238.35 1527.36
  -9059.53 238.39 1525.73
  -9049.52 238.43 1524.10
  -9039.52 238.46 1522.48
  -9029.51 238.50 1520.86
  -9019.51 238.54 1519.24
  -9009.50 238.57 1517.62
  -8999.50 238.61 1516.00
  -8989.49 238.65 1514.39
  -8979.49 238.68 1512.78
  -8969.48 238.72 1511.17
  -8959.48 238.76 1509.56
  -8949.47 238.79 1507.95
  -8939.47 238.83 1506.34
  -8929.46 238.87 1504.74
  -8919.46 238.90 1503.14
  -8909.45 238.94 1501.54
  -8899.45 238.98 1499.94
  -8889.44 239.01 1498.35
  -8879.44 239.05 1496.75
  -8869.43 239.09 1495.16
  -8859.43 239.12 1493.57
  -8849.42 239.16 1491.99
  -8839.42 239.20 1490.40
  -8829.41 239.23 1488.82
  -8819.41 239.27 1487.24
  -8809.40 239.30 1485.66
  -8799.40 239.34 1484.09
  -8789.39 239.38 1482.52
  -8779.39 239.41 1480.95
  -8769.38 239.45 1479.38
  -8759.38 239.48 1477.81
  -8749.37 239.52 1476.25
  -8739.37 239.56 1474.69
  -8729.36 239.59 1473.13
  -8719.36 239.63 1471.57
  -8709.35 239.66 1470.02
  -8699.35 239.70 1468.47
  -8689.34 239.74 1466.91
  -8679.34 239.77 1465.36
  -8669.33 239.81 1463.81
  -8659.33 239.84 1462.27
  -8649.32 239.88 1460.72
  -8639.32 239.91 1459.17
  -8629.31 239.95 1457.62
  -8619.31 239.99 1456.08
  -8609.30 240.02 1454.53
  -8599.30 240.06 1452.99
  -8589.29 240.09 1451.45
  -8579.29 240.13 1449.90
  -8569.28 240.16 1448.36
  -8559.28 240.20 1446.82
  -8549.27 240.23 1445.28
  -8539.27 240.27 1443.74
  -8529.26 240.30 1442.20
  -8519.26 240.34 1440.66
  -8509.25 240.37 1439.12
  -8499.25 240.41 1437.58
  -8489.24 240.45 1436.05
  -8479.24 240.48 1434.51
  -8469.23 240.52 1432.98
  -8459.23 240.55 1431.44
  -8449.22 240.59 1429.91
  -8439.22 240.62 1428.38
  -8429.21 240.66 1426.85
  -8419.21 240.69 1425.32
  -8409.20 240.73 1423.79
  -8399.20 240.76 1422.26
  -8389.19 240.79 1420.74
  -8379.19 240.83 1419.21
  -8369.18 240.86 1417.69
  -8359.18 240.90 1416.16
  -8349.17 240.93 1414.64
  -8339.17 240.97 1413.12
  -8329.16 241.00 1411.60
  -8319.16 241.04 1410.08
  -8309.15 241.07 1408.56
  -8299.15 241.11 1407.05
  -8289.14 241.14 1405.53
  -8279.14 241.18 1404.02
  -8269.13 241.21 1402.51
  -8259.13 241.24 1401.00
  -8249.12 241.28 1399.49
  -8239.12 241.31 1397.98
  -8229.11 241.35 1396.47
  -8219.11 241.38 1394.97
  -8209.10 241.42 1393.47
  -8199.10 241.45 1391.96
  -8189.09 241.48 1390.46
  -8179.09 241.52 1388.96
  -8169.08 241.55 1387.47
  -8159.08 241.59 1385.97
  -8149.07 241.62 1384.48
  -8139.07 241.65 1382.99
  -8129.06 241.69 1381.50
  -8119.06 241.72 1380.01
  -8109.05 241.76 1378.52
  -8099.05 241.79 1377.04
  -8089.04 241.82 1375.55
  -8079.04 241.86 1374.07
  -8069.03 241.89 1372.59
  -8059.03 241.92 1371.11
  -8049.02 241.96 1369.64
  -8039.02 241.99 1368.16
  -8029.01 242.03 1366.69
  -8019.01 242.06 1365.22
  -8009.00 242.09 1363.75
  -7999.00 242.13 1362.28
  -7988.99 242.16 1360.82
  -7978.99 242.19 1359.36
  -7968.98 242.23 1357.90
  -7958.98 242.26 1356.44
  -7948.97 242.29 1354.98
  -7938.97 242.33 1353.53
  -7928.96 242.36 1352.07
  -7918.96 242.39 1350.62
  -7908.95 242.43 1349.17
  -7898.95 242.46 1347.73
  -7888.94 242.49 1346.28
  -7878.94 242.52 1344.84
  -7868.93 242.56 1343.40
  -7858.93 242.59 1341.96
  -7848.92 242.62 1340.53
  -7838.92 242.66 1339.09
  -7828.91 242.69 1337.66
  -7818.91 242.72 1336.23
  -7808.90 242.76 1334.81
  -7798.90 242.79 1333.38
  -7788.89 242.82 1331.96
  -7778.89 242.85 1330.54
  -7768.88 242.89 1329.12
  -7758.88 242.92 1327.71
  -7748.87 242.95 1326.30
  -7738.87 242.98 1324.89
  -7728.86 243.02 1323.48
  -7718.86 243.05 1322.07
  -7708.85 243.08 1320.67
  -7698.85 243.11 1319.27
  -7688.84 243.15 1317.87
  -7678.84 243.18 1316.48
  -7668.83 243.21 1315.09
  -7658.83 243.24 1313.70
  -7648.82 243.28 1312.31
  -7638.82 243.31 1310.92
  -7628.81 243.34 1309.54
  -7618.81 243.37 1308.16
  -7608.80 243.40 1306.78
  -7598.80 243.44 1305.41
  -7588.79 243.47 1304.04
  -7578.79 243.50 1302.67
  -7568.78 243.53 1301.30
  -7558.78 243.56 1299.94
  -7548.77 243.60 1298.58
  -7538.77 243.63 1297.22
  -7528.76 243.66 1295.86
  -7518.76 243.69 1294.51
  -7508.75 243.72 1293.16
  -7498.75 243.75 1291.81
  -7488.74 243.79 1290.47
  -7478.74 243.82 1289.13
  -7468.73 243.85 1287.79
  -7458.73 243.88 1286.45
  -7448.72 243.91 1285.12
  -7438.72 243.94 1283.79
  -7428.71 243.98 1282.46
  -7418.71 244.01 1281.14
  -7408.70 244.04 1279.82
  -7398.70 244.07 1278.50
  -7388.69 244.10 1277.18
  -7378.69 244.13 1275.87
  -7368.68 244.16 1274.56
  -7358.68 244.19 1273.25
  -7348.67 244.23 1271.95
  -7338.67 244.26 1270.65
  -7328.66 244.29 1269.35
  -7318.66 244.32 1268.06
  -7308.65 244.35 1266.76
  -7298.65 244.38 1265.47
  -7288.64 244.41 1264.19
  -7278.64 244.44 1262.91
  -7268.63 244.47 1261.63
  -7258.63 244.50 1260.35
  -7248.62 244.54 1259.08
  -7238.62 244.57 1257.80
  -7228.61 244.60 1256.54
  -7218.61 244.63 1255.27
  -7208.60 244.66 1254.01
  -7198.60 244.69 1252.75
  -7188.59 244.72 1251.50
  -7178.59 244.75 1250.24
  -7168.58 244.78 1249.00
  -7158.58 244.81 1247.75
  -7148.57 244.84 1246.51
  -7138.57 244.87 1245.27
  -7128.56 244.90 1244.03
  -7118.56 244.93 1242.80
  -7108.55 244.96 1241.57
  -7098.55 244.99 1240.34
  -7088.54 245.02 1239.12
  -7078.54 245.05 1237.90
  -7068.53 245.08 1236.68
  -7058.53 245.11 1235.47
  -7048.52 245.14 1234.26
  -7038.52 245.17 1233.05
  -7028.51 245.20 1231.85
  -7018.51 245.23 1230.65
  -7008.50 245.26 1229.45
  -6998.50 245.29 1228.25
  -6988.49 245.32 1227.06
  -6978.49 245.35 1225.88
  -6968.48 245.38 1224.69
  -6958.48 245.41 1223.51
  -6948.47 245.44 1222.34
  -6938.47 245.47 1221.16
  -6928.46 245.50 1219.99
  -6918.46 245.53 1218.83
  -6908.45 245.56 1217.66
  -6898.45 245.59 1216.50
  -6888.44 245.62 1215.35
  -6878.44 245.65 1214.19
  -6868.43 245.68 1213.04
  -6858.43 245.71 1211.90
  -6848.42 245.74 1210.76
  -6838.42 245.77 1209.62
  -6828.41 245.80 1208.48
  -6818.41 245.83 1207.35
  -6808.40 245.85 1206.22
  -6798.40 245.88 1205.10
  -6788.39 245.91 1203.97
  -6778.39 245.94 1202.86
  -6768.38 245.97 1201.74
  -6758.38 246.00 1200.63
  -6748.37 246.03 1199.52
  -6738.37 246.06 1198.42
  -6728.36 246.09 1197.32
  -6718.36 246.12 1196.22
  -6708.35 246.14 1195.13
  -6698.35 246.17 1194.04
  -6688.34 246.20 1192.96
  -6678.34 246.23 1191.88
  -6668.33 246.26 1190.80
  -6658.33 246.29 1189.72
  -6648.32 246.32 1188.65
  -6638.32 246.34 1187.58
  -6628.31 246.37 1186.52
  -6618.31 246.40 1185.46
  -6608.30 246.43 1184.40
  -6598.30 246.46 1183.35
  -6588.29 246.49 1182.30
  -6578.29 246.52 1181.26
  -6568.28 246.54 1180.21
  -6558.28 246.57 1179.17
  -6548.27 246.60 1178.14
  -6538.27 246.63 1177.11
  -6528.26 246.66 1176.08
  -6518.26 246.68 1175.06
  -6508.25 246.71 1174.04
  -6498.25 246.74 1173.02
  -6488.24 246.77 1172.01
  -6478.24 246.80 1171.00
  -6468.23 246.82 1170.00
  -6458.23 246.85 1169.00
  -6448.22 246.88 1168.00
  -6438.22 246.91 1167.00
  -6428.21 246.94 1166.01
  -6418.21 246.96 1165.03
  -6408.20 246.99 1164.05
  -6398.20 247.02 1163.07
  -6388.19 247.05 1162.09
  -6378.19 247.07 1161.12
  -6368.18 247.10 1160.15
  -6358.18 247.13 1159.19
  -6348.17 247.16 1158.23
  -6338.17 247.18 1157.27
  -6328.16 247.21 1156.32
  -6318.16 247.24 1155.37
  -6308.15 247.27 1154.43
  -6298.15 247.29 1153.48
  -6288.14 247.32 1152.55
  -6278.14 247.35 1151.61
  -6268.13 247.37 1150.68
  -6258.13 247.40 1149.76
  -6248.12 247.43 1148.83
  -6238.12 247.45 1147.91
  -6228.11 247.48 1147.00
  -6218.11 247.51 1146.09
  -6208.10 247.54 1145.18
  -6198.10 247.56 1144.28
  -6188.09 247.59 1143.38
  -6178.09 247.62 1142.48
  -6168.08 247.64 1141.59
  -6158.08 247.67 1140.70
  -6148.07 247.70 1139.82
  -6138.07 247.72 1138.93
  -6128.06 247.75 1138.06
  -6118.06 247.78 1137.18
  -6108.05 247.80 1136.31
  -6098.05 247.83 1135.45
  -6088.04 247.86 1134.59
  -6078.04 247.88 1133.73
  -6068.03 247.91 1132.87
  -6058.03 247.93 1132.02
  -6048.02 247.96 1131.17
  -6038.02 247.99 1130.33
  -6028.01 248.01 1129.49
  -6018.01 248.04 1128.65
  -6008.00 248.07 1127.82
  -5998.00 248.09 1126.99
  -5987.99 248.12 1126.17
  -5977.99 248.14 1125.35
  -5967.98 248.17 1124.53
  -5957.98 248.20 1123.72
  -5947.97 248.22 1122.91
  -5937.97 248.25 1122.10
  -5927.96 248.27 1121.30
  -5917.96 248.30 1120.50
  -5907.95 248.32 1119.71
  -5897.95 248.35 1118.92
  -5887.94 248.38 1118.13
  -5877.94 248.40 1117.34
  -5867.93 248.43 1116.56
  -5857.93 248.45 1115.79
  -5847.92 248.48 1115.02
  -5837.92 248.50 1114.25
  -5827.91 248.53 1113.48
  -5817.91 248.55 1112.72
  -5807.90 248.58 1111.96
  -5797.90 248.60 1111.21
  -5787.89 248.63 1110.46
  -5777.89 248.65 1109.71
  -5767.88 248.68 1108.97
  -5757.88 248.70 1108.23
  -5747.87 248.73 1107.50
  -5737.87 248.75 1106.76
  -5727.86 248.78 1106.04
  -5717.86 248.80 1105.31
  -5707.85 248.83 1104.59
  -5697.85 248.85 1103.87
  -5687.84 248.88 1103.16
  -5677.84 248.90 1102.45
  -5667.83 248.93 1101.75
  -5657.83 248.95 1101.04
  -5647.82 248.98 1100.34
  -5637.82 249.00 1099.65
  -5627.81 249.03 1098.96
  -5617.81 249.05 1098.27
  -5607.80 249.08 1097.59
  -5597.80 249.10 1096.91
  -5587.79 249.13 1096.23
  -5577.79 249.15 1095.56
  -5567.78 249.17 1094.89
  -5557.78 249.20 1094.22
  -5547.77 249.22 1093.56
  -5537.77 249.25 1092.90
  -5527.76 249.27 1092.24
  -5517.76 249.30 1091.59
  -5507.75 249.32 1090.94
  -5497.75 249.34 1090.30
  -5487.74 249.37 1089.66
  -5477.74 249.39 1089.02
  -5467.73 249.42 1088.39
  -5457.73 249.44 1087.75
  -5447.72 249.46 1087.13
  -5437.72 249.49 1086.50
  -5427.71 249.51 1085.88
  -5417.71 249.53 1085.27
  -5407.70 249.56 1084.65
  -5397.70 249.58 1084.05
  -5387.69 249.61 1083.44
  -5377.69 249.63 1082.84
  -5367.68 249.65 1082.24
  -5357.68 249.68 1081.64
  -5347.67 249.70 1081.05
  -5337.67 249.72 1080.46
  -5327.66 249.75 1079.88
  -5317.66 249.77 1079.30
  -5307.65 249.79 1078.72
  -5297.65 249.82 1078.14
  -5287.64 249.84 1077.57
  -5277.64 249.86 1077.00
  -5267.63 249.89 1076.44
  -5257.63 249.91 1075.88
  -5247.62 249.93 1075.32
  -5237.62 249.96 1074.76
  -5227.61 249.98 1074.21
  -5217.61 250.00 1073.66
  -5207.60 250.02 1073.12
  -5197.60 250.05 1072.58
  -5187.59 250.07 1072.04
  -5177.59 250.09 1071.51
  -5167.58 250.12 1070.98
  -5157.58 250.14 1070.45
  -5147.57 250.16 1069.92
  -5137.57 250.18 1069.40
  -5127.56 250.21 1068.88
  -5117.56 250.23 1068.37
  -5107.55 250.25 1067.86
  -5097.55 250.27 1067.35
  -5087.54 250.30 1066.84
  -5077.54 250.32 1066.34
  -5067.53 250.34 1065.84
  -5057.53 250.36 1065.35
  -5047.52 250.39 1064.86
  -5037.52 250.41 1064.37
  -5027.51 250.43 1063.88
  -5017.51 250.45 1063.40
  -5007.50 250.47 1062.92
  -4997.50 250.50 1062.44
  -4987.49 250.52 1061.97
  -4977.49 250.54 1061.50
  -4967.48 250.56 1061.03
  -4957.48 250.58 1060.57
  -4947.47 250.61 1060.11
  -4937.47 250.63 1059.65
  -4927.46 250.65 1059.19
  -4917.46 250.67 1058.74
  -4907.45 250.69 1058.29
  -4897.45 250.71 1057.85
  -4887.44 250.74 1057.40
  -4877.44 250.76 1056.96
  -4867.43 250.78 1056.53
  -4857.43 250.80 1056.09
  -4847.42 250.82 1055.66
  -4837.42 250.84 1055.24
  -4827.41 250.86 1054.81
  -4817.41 250.89 1054.39
  -4807.40 250.91 1053.97
  -4797.40 250.93 1053.55
  -4787.39 250.95 1053.14
  -4777.39 250.97 1052.73
  -4767.38 250.99 1052.32
  -4757.38 251.01 1051.92
  -4747.37 251.03 1051.52
  -4737.37 251.05 1051.12
  -4727.36 251.07 1050.72
  -4717.36 251.10 1050.33
  -4707.35 251.12 1049.94
  -4697.35 251.14 1049.55
  -4687.34 251.16 1049.17
  -4677.34 251.18 1048.79
  -4667.33 251.20 1048.41
  -4657.33 251.22 1048.03
  -4647.32 251.24 1047.66
  -4637.32 251.26 1047.29
  -4627.31 251.28 1046.92
  -4617.31 251.30 1046.55
  -4607.30 251.32 1046.19
  -4597.30 251.34 1045.83
  -4587.29 251.36 1045.47
  -4577.29 251.38 1045.12
  -4567.28 251.40 1044.77
  -4557.28 251.42 1044.42
  -4547.27 251.44 1044.07
  -4537.27 251.46 1043.73
  -4527.26 251.48 1043.38
  -4517.26 251.50 1043.05
  -4507.25 251.52 1042.71
  -4497.25 251.54 1042.38
  -4487.24 251.56 1042.04
  -4477.24 251.58 1041.72
  -4467.23 251.60 1041.39
  -4457.23 251.62 1041.07
  -4447.22 251.64 1040.74
  -4437.22 251.66 1040.43
  -4427.21 251.68 1040.11
  -4417.21 251.70 1039.80
  -4407.20 251.72 1039.48
  -4397.20 251.74 1039.18
  -4387.19 251.76 1038.87
  -4377.19 251.78 1038.56
  -4367.18 251.80 1038.26
  -4357.18 251.82 1037.96
  -4347.17 251.84 1037.67
  -4337.17 251.86 1037.37
  -4327.16 251.88 1037.08
  -4317.16 251.90 1036.79
  -4307.15 251.92 1036.50
  -4297.15 251.93 1036.22
  -4287.14 251.95 1035.94
  -4277.14 251.97 1035.65
  -4267.13 251.99 1035.38
  -4257.13 252.01 1035.10
  -4247.12 252.03 1034.83
  -4237.12 252.05 1034.56
  -4227.11 252.07 1034.29
  -4217.11 252.09 1034.02
  -4207.10 252.10 1033.75
  -4197.10 252.12 1033.49
  -4187.09 252.14 1033.23
  -4177.09 252.16 1032.97
  -4167.08 252.18 1032.72
  -4157.08 252.20 1032.46
  -4147.07 252.22 1032.21
  -4137.07 252.23 1031.96
  -4127.06 252.25 1031.71
  -4117.06 252.27 1031.47
  -4107.05 252.29 1031.22
  -4097.05 252.31 1030.98
  -4087.04 252.33 1030.74
  -4077.04 252.34 1030.51
  -4067.03 252.36 1030.27
  -4057.03 252.38 1030.04
  -4047.02 252.40 1029.81
  -4037.02 252.42 1029.58
  -4027.01 252.43 1029.35
  -4017.01 252.45 1029.12
  -4007.00 252.47 1028.90
  -3997.00 252.49 1028.68
  -3986.99 252.51 1028.46
  -3976.99 252.52 1028.24
  -3966.98 252.54 1028.03
  -3956.98 252.56 1027.81
  -3946.97 252.58 1027.60
  -3936.97 252.59 1027.39
  -3926.96 252.61 1027.18
  -3916.96 252.63 1026.98
  -3906.95 252.65 1026.77
  -3896.95 252.66 1026.57
  -3886.94 252.68 1026.37
  -3876.94 252.70 1026.17
  -3866.93 252.72 1025.97
  -3856.93 252.73 1025.78
  -3846.92 252.75 1025.58
  -3836.92 252.77 1025.39
  -3826.91 252.78 1025.20
  -3816.91 252.80 1025.01
  -3806.90 252.82 1024.83
  -3796.90 252.84 1024.64
  -3786.89 252.85 1024.46
  -3776.89 252.87 1024.28
  -3766.88 252.89 1024.10
  -3756.88 252.90 1023.92
  -3746.87 252.92 1023.74
  -3736.87 252.94 1023.57
  -3726.86 252.95 1023.39
  -3716.86 252.97 1023.22
  -3706.85 252.99 1023.05
  -3696.85 253.00 1022.88
  -3686.84 253.02 1022.72
  -3676.84 253.04 1022.55
  -3666.83 253.05 1022.39
  -3656.83 253.07 1022.22
  -3646.82 253.09 1022.06
  -3636.82 253.10 1021.91
  -3626.81 253.12 1021.75
  -3616.81 253.13 1021.59
  -3606.80 253.15 1021.44
  -3596.80 253.17 1021.28
  -3586.79 253.18 1021.13
  -3576.79 253.20 1020.98
  -3566.78 253.21 1020.83
  -3556.78 253.23 1020.69
  -3546.77 253.25 1020.54
  -3536.77 253.26 1020.39
  -3526.76 253.28 1020.25
  -3516.76 253.29 1020.11
  -3506.75 253.31 1019.97
  -3496.75 253.33 1019.83
  -3486.74 253.34 1019.69
  -3476.74 253.36 1019.56
  -3466.73 253.37 1019.42
  -3456.73 253.39 1019.29
  -3446.72 253.40 1019.16
  -3436.72 253.42 1019.03
  -3426.71 253.43 1018.90
  -3416.71 253.45 1018.77
  -3406.70 253.46 1018.64
  -3396.70 253.48 1018.52
  -3386.69 253.49 1018.39
  -3376.69 253.51 1018.27
  -3366.68 253.53 1018.15
  -3356.68 253.54 1018.03
  -3346.67 253.56 1017.91
  -3336.67 253.57 1017.79
  -3326.66 253.59 1017.67
  -3316.66 253.60 1017.55
  -3306.65 253.61 1017.44
  -3296.65 253.63 1017.33
  -3286.64 253.64 1017.21
  -3276.64 253.66 1017.10
  -3266.63 253.67 1016.99
  -3256.63 253.69 1016.88
  -3246.62 253.70 1016.78
  -3236.62 253.72 1016.67
  -3226.61 253.73 1016.57
  -3216.61 253.75 1016.46
  -3206.60 253.76 1016.36
  -3196.60 253.78 1016.26
  -3186.59 253.79 1016.16
  -3176.59 253.80 1016.06
  -3166.58 253.82 1015.96
  -3156.58 253.83 1015.86
  -3146.57 253.85 1015.76
  -3136.57 253.86 1015.67
  -3126.56 253.87 1015.57
  -3116.56 253.89 1015.48
  -3106.55 253.90 1015.39
  -3096.55 253.92 1015.29
  -3086.54 253.93 1015.20
  -3076.54 253.94 1015.11
  -3066.53 253.96 1015.02
  -3056.53 253.97 1014.94
  -3046.52 253.99 1014.85
  -3036.52 254.00 1014.76
  -3026.51 254.01 1014.68
  -3016.51 254.03 1014.60
  -3006.50 254.04 1014.51
  -2996.50 254.05 1014.43
  -2986.49 254.07 1014.35
  -2976.49 254.08 1014.27
  -2966.48 254.09 1014.19
  -2956.48 254.11 1014.11
  -2946.47 254.12 1014.03
  -2936.47 254.13 1013.96
  -2926.46 254.15 1013.88
  -2916.46 254.16 1013.81
  -2906.45 254.17 1013.73
  -2896.45 254.19 1013.66
  -2886.44 254.20 1013.59
  -2876.44 254.21 1013.52
  -2866.43 254.23 1013.45
  -2856.43 254.24 1013.38
  -2846.42 254.25 1013.31
  -2836.42 254.26 1013.24
  -2826.41 254.28 1013.17
  -2816.41 254.29 1013.11
  -2806.40 254.30 1013.04
  -2796.40 254.31 1012.97
  -2786.39 254.33 1012.91
  -2776.39 254.34 1012.85
  -2766.38 254.35 1012.78
  -2756.38 254.36 1012.72
  -2746.37 254.38 1012.66
  -2736.37 254.39 1012.60
  -2726.36 254.40 1012.54
  -2716.36 254.41 1012.48
  -2706.35 254.43 1012.42
  -2696.35 254.44 1012.37
  -2686.34 254.45 1012.31
  -2676.34 254.46 1012.25
  -2666.33 254.47 1012.20
  -2656.33 254.49 1012.14
  -2646.32 254.50 1012.09
  -2636.32 254.51 1012.03
  -2626.31 254.52 1011.98
  -2616.31 254.53 1011.93
  -2606.30 254.55 1011.88
  -2596.30 254.56 1011.83
  -2586.29 254.57 1011.78
  -2576.29 254.58 1011.73
  -2566.28 254.59 1011.68
  -2556.28 254.60 1011.63
  -2546.27 254.62 1011.58
  -2536.27 254.63 1011.53
  -2526.26 254.64 1011.49
  -2516.26 254.65 1011.44
  -2506.25 254.66 1011.40
  -2496.25 254.67 1011.35
  -2486.24 254.68 1011.31
  -2476.24 254.69 1011.26
  -2466.23 254.71 1011.22
  -2456.23 254.72 1011.18
  -2446.22 254.73 1011.14
  -2436.22 254.74 1011.10
  -2426.21 254.75 1011.05
  -2416.21 254.76 1011.01
  -2406.20 254.77 1010.97
  -2396.20 254.78 1010.94
  -2386.19 254.79 1010.90
  -2376.19 254.80 1010.86
  -2366.18 254.82 1010.82
  -2356.18 254.83 1010.78
  -2346.17 254.84 1010.75
  -2336.17 254.85 1010.71
  -2326.16 254.86 1010.68
  -2316.16 254.87 1010.64
  -2306.15 254.88 1010.61
  -2296.15 254.89 1010.57
  -2286.14 254.90 1010.54
  -2276.14 254.91 1010.51
  -2266.13 254.92 1010.47
  -2256.13 254.93 1010.44
  -2246.12 254.94 1010.41
  -2236.12 254.95 1010.38
  -2226.11 254.96 1010.35
  -2216.11 254.97 1010.32
  -2206.10 254.98 1010.29
  -2196.10 254.99 1010.26
  -2186.09 255.00 1010.23
  -2176.09 255.01 1010.20
  -2166.08 255.02 1010.17
  -2156.08 255.03 1010.14
  -2146.07 255.04 1010.12
  -2136.07 255.05 1010.09
  -2126.06 255.06 1010.06
  -2116.06 255.07 1010.04
  -2106.05 255.08 1010.01
  -2096.05 255.09 1009.98
  -2086.04 255.10 1009.96
  -2076.04 255.11 1009.93
  -2066.03 255.12 1009.91
  -2056.03 255.12 1009.89
  -2046.02 255.13 1009.86
  -2036.02 255.14 1009.84
  -2026.01 255.15 1009.82
  -2016.01 255.16 1009.79
  -2006.00 255.17 1009.77
  -1996.00 255.18 1009.75
  -1985.99 255.19 1009.73
  -1975.99 255.20 1009.71
  -1965.98 255.21 1009.69
  -1955.98 255.22 1009.67
  -1945.97 255.22 1009.65
  -1935.97 255.23 1009.63
  -1925.96 255.24 1009.61
  -1915.96 255.25 1009.59
  -1905.95 255.26 1009.57
  -1895.95 255.27 1009.55
  -1885.94 255.28 1009.53
  -1875.94 255.29 1009.51
  -1865.93 255.29 1009.50
  -1855.93 255.30 1009.48
  -1845.92 255.31 1009.46
  -1835.92 255.32 1009.44
  -1825.91 255.33 1009.43
  -1815.91 255.34 1009.41
  -1805.90 255.34 1009.40
  -1795.90 255.35 1009.38
  -1785.89 255.36 1009.37
  -1775.89 255.37 1009.35
  -1765.88 255.38 1009.34
  -1755.88 255.38 1009.32
  -1745.87 255.39 1009.31
  -1735.87 255.40 1009.29
  -1725.86 255.41 1009.28
  -1715.86 255.42 1009.27
  -1705.85 255.42 1009.25
  -1695.85 255.43 1009.24
  -1685.84 255.44 1009.23
  -1675.84 255.45 1009.21
  -1665.83 255.45 1009.20
  -1655.83 255.46 1009.19
  -1645.82 255.47 1009.18
  -1635.82 255.48 1009.17
  -1625.81 255.48 1009.15
  -1615.81 255.49 1009.14
  -1605.80 255.50 1009.13
  -1595.80 255.51 1009.12
  -1585.79 255.51 1009.11
  -1575.79 255.52 1009.10
  -1565.78 255.53 1009.09
  -1555.78 255.53 1009.08
  -1545.77 255.54 1009.07
  -1535.77 255.55 1009.06
  -1525.76 255.55 1009.05
  -1515.76 255.56 1009.04
  -1505.75 255.57 1009.03
  -1495.75 255.58 1009.02
  -1485.74 255.58 1009.01
  -1475.74 255.59 1009.01
  -1465.73 255.60 1009.00
  -1455.73 255.60 1008.99
  -1445.72 255.61 1008.98
  -1435.72 255.62 1008.97
  -1425.71 255.62 1008.97
  -1415.71 255.63 1008.96
  -1405.70 255.63 1008.95
  -1395.70 255.64 1008.94
  -1385.69 255.65 1008.94
  -1375.69 255.65 1008.93
  -1365.68 255.66 1008.92
  -1355.68 255.67 1008.92
  -1345.67 255.67 1008.91
  -1335.67 255.68 1008.90
  -1325.66 255.68 1008.90
  -1315.66 255.69 1008.89
  -1305.65 255.70 1008.89
  -1295.65 255.70 1008.88
  -1285.64 255.71 1008.88
  -1275.64 255.71 1008.87
  -1265.63 255.72 1008.87
  -1255.63 255.73 1008.86
  -1245.62 255.73 1008.85
  -1235.62 255.74 1008.85
  -1225.61 255.74 1008.85
  -1215.61 255.75 1008.84
  -1205.60 255.75 1008.84
  -1195.60 255.76 1008.83
  -1185.59 255.76 1008.83
  -1175.59 255.77 1008.82
  -1165.58 255.77 1008.82
  -1155.58 255.78 1008.81
  -1145.57 255.79 1008.81
  -1135.57 255.79 1008.81
  -1125.56 255.80 1008.80
  -1115.56 255.80 1008.80
  -1105.55 255.81 1008.80
  -1095.55 255.81 1008.79
  -1085.54 255.82 1008.79
  -1075.54 255.82 1008.79
  -1065.53 255.83 1008.78
  -1055.53 255.83 1008.78
  -1045.52 255.83 1008.78
  -1035.52 255.84 1008.77
  -1025.51 255.84 1008.77
  -1015.51 255.85 1008.77
  -1005.50 255.85 1008.77
   -995.50 255.86 1008.76
   -985.49 255.86 1008.76
   -975.49 255.87 1008.76
   -965.48 255.87 1008.76
   -955.48 255.88 1008.75
   -945.47 255.88 1008.75
   -935.47 255.88 1008.75
   -925.46 255.89 1008.75
   -915.46 255.89 1008.75
   -905.45 255.90 1008.74
   -895.45 255.90 1008.74
   -885.44 255.91 1008.74
   -875.44 255.91 1008.74
   -865.43 255.91 1008.74
   -855.43 255.92 1008.74
   -845.42 255.92 1008.73
   -835.42 255.92 1008.73
   -825.41 255.93 1008.73
   -815.41 255.93 1008.73
   -805.40 255.94 1008.73
   -795.40 255.94 1008.73
   -785.39 255.94 1008.73
   -775.39 255.95 1008.72
   -765.38 255.95 1008.72
   -755.38 255.95 1008.72
   -745.37 255.96 1008.72
   -735.37 255.96 1008.72
   -725.36 255.96 1008.72
   -715.36 255.97 1008.72
   -705.35 255.97 1008.72
   -695.35 255.97 1008.72
   -685.34 255.98 1008.72
   -675.34 255.98 1008.71
   -665.33 255.98 1008.71
   -655.33 255.99 1008.71
   -645.32 255.99 1008.71
   -635.32 255.99 1008.71
   -625.31 255.99 1008.71
   -615.31 256.00 1008.71
   -605.30 256.00 1008.71
   -595.30 256.00 1008.71
   -585.29 256.01 1008.71
   -575.29 256.01 1008.71
   -565.28 256.01 1008.71
   -555.28 256.01 1008.71
   -545.27 256.02 1008.71
   -535.27 256.02 1008.71
   -525.26 256.02 1008.71
   -515.26 256.02 1008.71
   -505.25 256.03 1008.71
   -495.25 256.03 1008.71
   -485.24 256.03 1008.70
   -475.24 256.03 1008.70
   -465.23 256.03 1008.70
   -455.23 256.04 1008.70
   -445.22 256.04 1008.70
   -435.22 256.04 1008.70
   -425.21 256.04 1008.70
   -415.21 256.04 1008.70
   -405.20 256.05 1008.70
   -395.20 256.05 1008.70
   -385.19 256.05 1008.70
   -375.19 256.05 1008.70
   -365.18 256.05 1008.70
   -355.18 256.05 1008.70
   -345.17 256.06 1008.70
   -335.17 256.06 1008.70
   -325.16 256.06 1008.70
   -315.16 256.06 1008.70
   -305.15 256.06 1008.70
   -295.15 256.06 1008.70
   -285.14 256.06 1008.70
   -275.14 256.07 1008.70
   -265.13 256.07 1008.70
   -255.13 256.07 1008.70
   -245.12 256.07 1008.70
   -235.12 256.07 1008.70
   -225.11 256.07 1008.70
   -215.11 256.07 1008.70
   -205.10 256.07 1008.70
   -195.10 256.07 1008.70
   -185.09 256.08 1008.70
   -175.09 256.08 1008.70
   -165.08 256.08 1008.70
   -155.08 256.08 1008.70
   -145.07 256.08 1008.70
   -135.07 256.08 1008.70
   -125.06 256.08 1008.70
   -115.06 256.08 1008.70
   -105.05 256.08 1008.70
    -95.05 256.08 1008.70
    -85.04 256.08 1008.70
    -75.04 256.08 1008.70
    -65.03 256.08 1008.70
    -55.03 256.08 1008.70
    -45.02 256.08 1008.70
    -35.02 256.08 1008.70
    -25.01 256.08 1008.70
    -15.01 256.08 1008.70
     -5.00 256.08 1008.70
      5.00 256.08 1008.70
     15.01 256.08 1008.70
     25.01 256.08 1008.70
     35.02 256.08 1008.70
     45.02 256.08 1008.70
     55.03 256.08 1008.70
     65.03 256.08 1008.70
     75.04 256.08 1008.70
     85.04 256.08 1008.70
     95.05 256.08 1008.70
    105.05 256.08 1008.70
    115.06 256.08 1008.70
    125.06 256.08 1008.70
    135.07 256.08 1008.70
    145.07 256.08 1008.70
    155.08 256.08 1008.70
    165.08 256.08 1008.70
    175.09 256.08 1008.70
    185.09 256.08 1008.70
    195.10 256.07 1008.70
    205.10 256.07 1008.70
    215.11 256.07 1008.70
    225.11 256.07 1008.70
    235.12 256.07 1008.70
    245.12 256.07 1008.70
    255.13 256.07 1008.70
    265.13 256.07 1008.70
    275.14 256.07 1008.70
    285.14 256.06 1008.70
    295.15 256.06 1008.70
    305.15 256.06 1008.70
    315.16 256.06 1008.70
    325.16 256.06 1008.70
    335.17 256.06 1008.70
    345.17 256.06 1008.70
    355.18 256.05 1008.70
    365.18 256.05 1008.70
    375.19 256.05 1008.70
    385.19 256.05 1008.70
    395.20 256.05 1008.70
    405.20 256.05 1008.70
    415.21 256.04 1008.70
    425.21 256.04 1008.70
    435.22 256.04 1008.70
    445.22 256.04 1008.70
    455.23 256.04 1008.70
    465.23 256.03 1008.70
    475.24 256.03 1008.70
    485.24 256.03 1008.70
    495.25 256.03 1008.71
    505.25 256.03 1008.71
    515.26 256.02 1008.71
    525.26 256.02 1008.71
    535.27 256.02 1008.71
    545.27 256.02 1008.71
    555.28 256.01 1008.71
    565.28 256.01 1008.71
    575.29 256.01 1008.71
    585.29 256.01 1008.71
    595.30 256.00 1008.71
    605.30 256.00 1008.71
    615.31 256.00 1008.71
    625.31 255.99 1008.71
    635.32 255.99 1008.71
    645.32 255.99 1008.71
    655.33 255.99 1008.71
    665.33 255.98 1008.71
    675.34 255.98 1008.71
    685.34 255.98 1008.72
    695.35 255.97 1008.72
    705.35 255.97 1008.72
    715.36 255.97 1008.72
    725.36 255.96 1008.72
    735.37 255.96 1008.72
    745.37 255.96 1008.72
    755.38 255.95 1008.72
    765.38 255.95 1008.72
    775.39 255.95 1008.72
    785.39 255.94 1008.73
    795.40 255.94 1008.73
    805.40 255.94 1008.73
    815.41 255.93 1008.73
    825.41 255.93 1008.73
    835.42 255.92 1008.73
    845.42 255.92 1008.73
    855.43 255.92 1008.74
    865.43 255.91 1008.74
    875.44 255.91 1008.74
    885.44 255.91 1008.74
    895.45 255.90 1008.74
    905.45 255.90 1008.74
    915.46 255.89 1008.75
    925.46 255.89 1008.75
    935.47 255.88 1008.75
    945.47 255.88 1008.75
    955.48 255.88 1008.75
    965.48 255.87 1008.76
    975.49 255.87 1008.76
    985.49 255.86 1008.76
    995.50 255.86 1008.76
   1005.50 255.85 1008.77
   1015.51 255.85 1008.77
   1025.51 255.84 1008.77
   1035.52 255.84 1008.77
   1045.52 255.83 1008.78
   1055.53 255.83 1008.78
   1065.53 255.83 1008.78
   1075.54 255.82 1008.79
   1085.54 255.82 1008.79
   1095.55 255.81 1008.79
   1105.55 255.81 1008.80
   1115.56 255.80 1008.80
   1125.56 255.80 1008.80
   1135.57 255.79 1008.81
   1145.57 255.79 1008.81
   1155.58 255.78 1008.81
   1165.58 255.77 1008.82
   1175.59 255.77 1008.82
   1185.59 255.76 1008.83
   1195.60 255.76 1008.83
   1205.60 255.75 1008.84
   1215.61 255.75 1008.84
   1225.61 255.74 1008.85
   1235.62 255.74 1008.85
   1245.62 255.73 1008.85
   1255.63 255.73 1008.86
   1265.63 255.72 1008.87
   1275.64 255.71 1008.87
   1285.64 255.71 1008.88
   1295.65 255.70 1008.88
   1305.65 255.70 1008.89
   1315.66 255.69 1008.89
   1325.66 255.68 1008.90
   1335.67 255.68 1008.90
   1345.67 255.67 1008.91
   1355.68 255.67 1008.92
   1365.68 255.66 1008.92
   1375.69 255.65 1008.93
   1385.69 255.65 1008.94
   1395.70 255.64 1008.94
   1405.70 255.63 1008.95
   1415.71 255.63 1008.96
   1425.71 255.62 1008.97
   1435.72 255.62 1008.97
   1445.72 255.61 1008.98
   1455.73 255.60 1008.99
   1465.73 255.60 1009.00
   1475.74 255.59 1009.01
   1485.74 255.58 1009.01
   1495.75 255.58 1009.02
   1505.75 255.57 1009.03
   1515.76 255.56 1009.04
   1525.76 255.55 1009.05
   1535.77 255.55 1009.06
   1545.77 255.54 1009.07
   1555.78 255.53 1009.08
   1565.78 255.53 1009.09
   1575.79 255.52 1009.10
   1585.79 255.51 1009.11
   1595.80 255.51 1009.12
   1605.80 255.50 1009.13
   1615.81 255.49 1009.14
   1625.81 255.48 1009.15
   1635.82 255.48 1009.17
   1645.82 255.47 1009.18
   1655.83 255.46 1009.19
   1665.83 255.45 1009.20
   1675.84 255.45 1009.21
   1685.84 255.44 1009.23
   1695.85 255.43 1009.24
   1705.85 255.42 1009.25
   1715.86 255.42 1009.27
   1725.86 255.41 1009.28
   1735.87 255.40 1009.29
   1745.87 255.39 1009.31
   1755.88 255.38 1009.32
   1765.88 255.38 1009.34
   1775.89 255.37 1009.35
   1785.89 255.36 1009.37
   1795.90 255.35 1009.38
   1805.90 255.34 1009.40
   1815.91 255.34 1009.41
   1825.91 255.33 1009.43
   1835.92 255.32 1009.44
   1845.92 255.31 1009.46
   1855.93 255.30 1009.48
   1865.93 255.29 1009.50
   1875.94 255.29 1009.51
   1885.94 255.28 1009.53
   1895.95 255.27 1009.55
   1905.95 255.26 1009.57
   1915.96 255.25 1009.59
   1925.96 255.24 1009.61
   1935.97 255.23 1009.63
   1945.97 255.22 1009.65
   1955.98 255.22 1009.67
   1965.98 255.21 1009.69
   1975.99 255.20 1009.71
   1985.99 255.19 1009.73
   1996.00 255.18 1009.75
   2006.00 255.17 1009.77
   2016.01 255.16 1009.79
   2026.01 255.15 1009.82
   2036.02 255.14 1009.84
   2046.02 255.13 1009.86
   2056.03 255.12 1009.89
   2066.03 255.12 1009.91
   2076.04 255.11 1009.93
   2086.04 255.10 1009.96
   2096.05 255.09 1009.98
   2106.05 255.08 1010.01
   2116.06 255.07 1010.04
   2126.06 255.06 1010.06
   2136.07 255.05 1010.09
   2146.07 255.04 1010.12
   2156.08 255.03 1010.14
   2166.08 255.02 1010.17
   2176.09 255.01 1010.20
   2186.09 255.00 1010.23
   2196.10 254.99 1010.26
   2206.10 254.98 1010.29
   2216.11 254.97 1010.32
   2226.11 254.96 1010.35
   2236.12 254.95 1010.38
   2246.12 254.94 1010.41
   2256.13 254.93 1010.44
   2266.13 254.92 1010.47
   2276.14 254.91 1010.51
   2286.14 254.90 1010.54
   2296.15 254.89 1010.57
   2306.15 254.88 1010.61
   2316.16 254.87 1010.64
   2326.16 254.86 1010.68
   2336.17 254.85 1010.71
   2346.17 254.84 1010.75
   2356.18 254.83 1010.78
   2366.18 254.82 1010.82
   2376.19 254.80 1010.86
   2386.19 254.79 1010.90
   2396.20 254.78 1010.94
   2406.20 254.77 1010.97
   2416.21 254.76 1011.01
   2426.21 254.75 1011.05
   2436.22 254.74 1011.10
   2446.22 254.73 1011.14
   2456.23 254.72 1011.18
   2466.23 254.71 1011.22
   2476.24 254.69 1011.26
   2486.24 254.68 1011.31
   2496.25 254.67 1011.35
   2506.25 254.66 1011.40
   2516.26 254.65 1011.44
   2526.26 254.64 1011.49
   2536.27 254.63 1011.53
   2546.27 254.62 1011.58
   2556.28 254.60 1011.63
   2566.28 254.59 1011.68
   2576.29 254.58 1011.73
   2586.29 254.57 1011.78
   2596.30 254.56 1011.83
   2606.30 254.55 1011.88
   2616.31 254.53 1011.93
   2626.31 254.52 1011.98
   2636.32 254.51 1012.03
   2646.32 254.50 1012.09
   2656.33 254.49 1012.14
   2666.33 254.47 1012.20
   2676.34 254.46 1012.25
   2686.34 254.45 1012.31
   2696.35 254.44 1012.37
   2706.35 254.43 1012.42
   2716.36 254.41 1012.48
   2726.36 254.40 1012.54
   2736.37 254.39 1012.60
   2746.37 254.38 1012.66
   2756.38 254.36 1012.72
   2766.38 254.35 1012.78
   2776.39 254.34 1012.85
   2786.39 254.33 1012.91
   2796.40 254.31 1012.97
   2806.40 254.30 1013.04
   2816.41 254.29 1013.11
   2826.41 254.28 1013.17
   2836.42 254.26 1013.24
   2846.42 254.25 1013.31
   2856.43 254.24 1013.38
   2866.43 254.23 1013.45
   2876.44 254.21 1013.52
   2886.44 254.20 1013.59
   2896.45 254.19 1013.66
   2906.45 254.17 1013.73
   2916.46 254.16 1013.81
   2926.46 254.15 1013.88
   2936.47 254.13 1013.96
   2946.47 254.12 1014.03
   2956.48 254.11 1014.11
   2966.48 254.09 1014.19
   2976.49 254.08 1014.27
   2986.49 254.07 1014.35
   2996.50 254.05 1014.43
   3006.50 254.04 1014.51
   3016.51 254.03 1014.60
   3026.51 254.01 1014.68
   3036.52 254.00 1014.76
   3046.52 253.99 1014.85
   3056.53 253.97 1014.94
   3066.53 253.96 1015.02
   3076.54 253.94 1015.11
   3086.54 253.93 1015.20
   3096.55 253.92 1015.29
   3106.55 253.90 1015.39
   3116.56 253.89 1015.48
   3126.56 253.87 1015.57
   3136.57 253.86 1015.67
   3146.57 253.85 1015.76
   3156.58 253.83 1015.86
   3166.58 253.82 1015.96
   3176.59 253.80 1016.06
   3186.59 253.79 1016.16
   3196.60 253.78 1016.26
   3206.60 253.76 1016.36
   3216.61 253.75 1016.46
   3226.61 253.73 1016.57
   3236.62 253.72 1016.67
   3246.62 253.70 1016.78
   3256.63 253.69 1016.88
   3266.63 253.67 1016.99
   3276.64 253.66 1017.10
   3286.64 253.64 1017.21
   3296.65 253.63 1017.33
   3306.65 253.61 1017.44
   3316.66 253.60 1017.55
   3326.66 253.59 1017.67
   3336.67 253.57 1017.79
   3346.67 253.56 1017.91
   3356.68 253.54 1018.03
   3366.68 253.53 1018.15
   3376.69 253.51 1018.27
   3386.69 253.49 1018.39
   3396.70 253.48 1018.52
   3406.70 253.46 1018.64
   3416.71 253.45 1018.77
   3426.71 253.43 1018.90
   3436.72 253.42 1019.03
   3446.72 253.40 1019.16
   3456.73 253.39 1019.29
   3466.73 253.37 1019.42
   3476.74 253.36 1019.56
   3486.74 253.34 1019.69
   3496.75 253.33 1019.83
   3506.75 253.31 1019.97
   3516.76 253.29 1020.11
   3526.76 253.28 1020.25
   3536.77 253.26 1020.39
   3546.77 253.25 1020.54
   3556.78 253.23 1020.69
   3566.78 253.21 1020.83
   3576.79 253.20 1020.98
   3586.79 253.18 1021.13
   3596.80 253.17 1021.28
   3606.80 253.15 1021.44
   3616.81 253.13 1021.59
   3626.81 253.12 1021.75
   3636.82 253.10 1021.91
   3646.82 253.09 1022.06
   3656.83 253.07 1022.22
   3666.83 253.05 1022.39
   3676.84 253.04 1022.55
   3686.84 253.02 1022.72
   3696.85 253.00 1022.88
   3706.85 252.99 1023.05
   3716.86 252.97 1023.22
   3726.86 252.95 1023.39
   3736.87 252.94 1023.57
   3746.87 252.92 1023.74
   3756.88 252.90 1023.92
   3766.88 252.89 1024.10
   3776.89 252.87 1024.28
   3786.89 252.85 1024.46
   3796.90 252.84 1024.64
   3806.90 252.82 1024.83
   3816.91 252.80 1025.01
   3826.91 252.78 1025.20
   3836.92 252.77 1025.39
   3846.92 252.75 1025.58
   3856.93 252.73 1025.78
   3866.93 252.72 1025.97
   3876.94 252.70 1026.17
   3886.94 252.68 1026.37
   3896.95 252.66 1026.57
   3906.95 252.65 1026.77
   3916.96 252.63 1026.98
   3926.96 252.61 1027.18
   3936.97 252.59 1027.39
   3946.97 252.58 1027.60
   3956.98 252.56 1027.81
   3966.98 252.54 1028.03
   3976.99 252.52 1028.24
   3986.99 252.51 1028.46
   3997.00 252.49 1028.68
   4007.00 252.47 1028.90
   4017.01 252.45 1029.12
   4027.01 252.43 1029.35
   4037.02 252.42 1029.58
   4047.02 252.40 1029.81
   4057.03 252.38 1030.04
   4067.03 252.36 1030.27
   4077.04 252.34 1030.51
   4087.04 252.33 1030.74
   4097.05 252.31 1030.98
   4107.05 252.29 1031.22
   4117.06 252.27 1031.47
   4127.06 252.25 1031.71
   4137.07 252.23 1031.96
   4147.07 252.22 1032.21
   4157.08 252.20 1032.46
   4167.08 252.18 1032.72
   4177.09 252.16 1032.97
   4187.09 252.14 1033.23
   4197.10 252.12 1033.49
   4207.10 252.10 1033.75
   4217.11 252.09 1034.02
   4227.11 252.07 1034.29
   4237.12 252.05 1034.56
   4247.12 252.03 1034.83
   4257.13 252.01 1035.10
   4267.13 251.99 1035.38
   4277.14 251.97 1035.65
   4287.14 251.95 1035.94
   4297.15 251.93 1036.22
   4307.15 251.92 1036.50
   4317.16 251.90 1036.79
   4327.16 251.88 1037.08
   4337.17 251.86 1037.37
   4347.17 251.84 1037.67
   4357.18 251.82 1037.96
   4367.18 251.80 1038.26
   4377.19 251.78 1038.56
   4387.19 251.76 1038.87
   4397.20 251.74 1039.18
   4407.20 251.72 1039.48
   4417.21 251.70 1039.80
   4427.21 251.68 1040.11
   4437.22 251.66 1040.43
   4447.22 251.64 1040.74
   4457.23 251.62 1041.07
   4467.23 251.60 1041.39
   4477.24 251.58 1041.72
   4487.24 251.56 1042.04
   4497.25 251.54 1042.38
   4507.25 251.52 1042.71
   4517.26 251.50 1043.05
   4527.26 251.48 1043.38
   4537.27 251.46 1043.73
   4547.27 251.44 1044.07
   4557.28 251.42 1044.42
   4567.28 251.40 1044.77
   4577.29 251.38 1045.12
   4587.29 251.36 1045.47
   4597.30 251.34 1045.83
   4607.30 251.32 1046.19
   4617.31 251.30 1046.55
   4627.31 251.28 1046.92
   4637.32 251.26 1047.29
   4647.32 251.24 1047.66
   4657.33 251.22 1048.03
   4667.33 251.20 1048.41
   4677.34 251.18 1048.79
   4687.34 251.16 1049.17
   4697.35 251.14 1049.55
   4707.35 251.12 1049.94
   4717.36 251.10 1050.33
   4727.36 251.07 1050.72
   4737.37 251.05 1051.12
   4747.37 251.03 1051.52
   4757.38 251.01 1051.92
   4767.38 250.99 1052.32
   4777.39 250.97 1052.73
   4787.39 250.95 1053.14
   4797.40 250.93 1053.55
   4807.40 250.91 1053.97
   4817.41 250.89 1054.39
   4827.41 250.86 1054.81
   4837.42 250.84 1055.24
   4847.42 250.82 1055.66
   4857.43 250.80 1056.09
   4867.43 250.78 1056.53
   4877.44 250.76 1056.96
   4887.44 250.74 1057.40
   4897.45 250.71 1057.85
   4907.45 250.69 1058.29
   4917.46 250.67 1058.74
   4927.46 250.65 1059.19
   4937.47 250.63 1059.65
   4947.47 250.61 1060.11
   4957.48 250.58 1060.57
   4967.48 250.56 1061.03
   4977.49 250.54 1061.50
   4987.49 250.52 1061.97
   4997.50 250.50 1062.44
   5007.50 250.47 1062.92
   5017.51 250.45 1063.40
   5027.51 250.43 1063.88
   5037.52 250.41 1064.37
   5047.52 250.39 1064.86
   5057.53 250.36 1065.35
   5067.53 250.34 1065.84
   5077.54 250.32 1066.34
   5087.54 250.30 1066.84
   5097.55 250.27 1067.35
   5107.55 250.25 1067.86
   5117.56 250.23 1068.37
   5127.56 250.21 1068.88
   5137.57 250.18 1069.40
   5147.57 250.16 1069.92
   5157.58 250.14 1070.45
   5167.58 250.12 1070.98
   5177.59 250.09 1071.51
   5187.59 250.07 1072.04
   5197.60 250.05 1072.58
   5207.60 250.02 1073.12
   5217.61 250.00 1073.66
   5227.61 249.98 1074.21
   5237.62 249.96 1074.76
   5247.62 249.93 1075.32
   5257.63 249.91 1075.88
   5267.63 249.89 1076.44
   5277.64 249.86 1077.00
   5287.64 249.84 1077.57
   5297.65 249.82 1078.14
   5307.65 249.79 1078.72
   5317.66 249.77 1079.30
   5327.66 249.75 1079.88
   5337.67 249.72 1080.46
   5347.67 249.70 1081.05
   5357.68 249.68 1081.64
   5367.68 249.65 1082.24
   5377.69 249.63 1082.84
   5387.69 249.61 1083.44
   5397.70 249.58 1084.05
   5407.70 249.56 1084.65
   5417.71 249.53 1085.27
   5427.71 249.51 1085.88
   5437.72 249.49 1086.50
   5447.72 249.46 1087.13
   5457.73 249.44 1087.75
   5467.73 249.42 1088.39
   5477.74 249.39 1089.02
   5487.74 249.37 1089.66
   5497.75 249.34 1090.30
   5507.75 249.32 1090.94
   5517.76 249.30 1091.59
   5527.76 249.27 1092.24
   5537.77 249.25 1092.90
   5547.77 249.22 1093.56
   5557.78 249.20 1094.22
   5567.78 249.17 1094.89
   5577.79 249.15 1095.56
   5587.79 249.13 1096.23
   5597.80 249.10 1096.91
   5607.80 249.08 1097.59
   5617.81 249.05 1098.27
   5627.81 249.03 1098.96
   5637.82 249.00 1099.65
   5647.82 248.98 1100.34
   5657.83 248.95 1101.04
   5667.83 248.93 1101.75
   5677.84 248.90 1102.45
   5687.84 248.88 1103.16
   5697.85 248.85 1103.87
   5707.85 248.83 1104.59
   5717.86 248.80 1105.31
   5727.86 248.78 1106.04
   5737.87 248.75 1106.76
   5747.87 248.73 1107.50
   5757.88 248.70 1108.23
   5767.88 248.68 1108.97
   5777.89 248.65 1109.71
   5787.89 248.63 1110.46
   5797.90 248.60 1111.21
   5807.90 248.58 1111.96
   5817.91 248.55 1112.72
   5827.91 248.53 1113.48
   5837.92 248.50 1114.25
   5847.92 248.48 1115.02
   5857.93 248.45 1115.79
   5867.93 248.43 1116.56
   5877.94 248.40 1117.34
   5887.94 248.38 1118.13
   5897.95 248.35 1118.92
   5907.95 248.32 1119.71
   5917.96 248.30 1120.50
   5927.96 248.27 1121.30
   5937.97 248.25 1122.10
   5947.97 248.22 1122.91
   5957.98 248.20 1123.72
   5967.98 248.17 1124.53
   5977.99 248.14 1125.35
   5987.99 248.12 1126.17
   5998.00 248.09 1126.99
   6008.00 248.07 1127.82
   6018.01 248.04 1128.65
   6028.01 248.01 1129.49
   6038.02 247.99 1130.33
   6048.02 247.96 1131.17
   6058.03 247.93 1132.02
   6068.03 247.91 1132.87
   6078.04 247.88 1133.73
   6088.04 247.86 1134.59
   6098.05 247.83 1135.45
   6108.05 247.80 1136.31
   6118.06 247.78 1137.18
   6128.06 247.75 1138.06
   6138.07 247.72 1138.93
   6148.07 247.70 1139.82
   6158.08 247.67 1140.70
   6168.08 247.64 1141.59
   6178.09 247.62 1142.48
   6188.09 247.59 1143.38
   6198.10 247.56 1144.28
   6208.10 247.54 1145.18
   6218.11 247.51 1146.09
   6228.11 247.48 1147.00
   6238.12 247.45 1147.91
   6248.12 247.43 1148.83
   6258.13 247.40 1149.76
   6268.13 247.37 1150.68
   6278.14 247.35 1151.61
   6288.14 247.32 1152.55
   6298.15 247.29 1153.48
   6308.15 247.27 1154.43
   6318.16 247.24 1155.37
   6328.16 247.21 1156.32
   6338.17 247.18 1157.27
   6348.17 247.16 1158.23
   6358.18 247.13 1159.19
   6368.18 247.10 1160.15
   6378.19 247.07 1161.12
   6388.19 247.05 1162.09
   6398.20 247.02 1163.07
   6408.20 246.99 1164.05
   6418.21 246.96 1165.03
   6428.21 246.94 1166.01
   6438.22 246.91 1167.00
   6448.22 246.88 1168.00
   6458.23 246.85 1169.00
   6468.23 246.82 1170.00
   6478.24 246.80 1171.00
   6488.24 246.77 1172.01
   6498.25 246.74 1173.02
   6508.25 246.71 1174.04
   6518.26 246.68 1175.06
   6528.26 246.66 1176.08
   6538.27 246.63 1177.11
   6548.27 246.60 1178.14
   6558.28 246.57 1179.17
   6568.28 246.54 1180.21
   6578.29 246.52 1181.26
   6588.29 246.49 1182.30
   6598.30 246.46 1183.35
   6608.30 246.43 1184.40
   6618.31 246.40 1185.46
   6628.31 246.37 1186.52
   6638.32 246.34 1187.58
   6648.32 246.32 1188.65
   6658.33 246.29 1189.72
   6668.33 246.26 1190.80
   6678.34 246.23 1191.88
   6688.34 246.20 1192.96
   6698.35 246.17 1194.04
   6708.35 246.14 1195.13
   6718.36 246.12 1196.22
   6728.36 246.09 1197.32
   6738.37 246.06 1198.42
   6748.37 246.03 1199.52
   6758.38 246.00 1200.63
   6768.38 245.97 1201.74
   6778.39 245.94 1202.86
   6788.39 245.91 1203.97
   6798.40 245.88 1205.10
   6808.40 245.85 1206.22
   6818.41 245.83 1207.35
   6828.41 245.80 1208.48
   6838.42 245.77 1209.62
   6848.42 245.74 1210.76
   6858.43 245.71 1211.90
   6868.43 245.68 1213.04
   6878.44 245.65 1214.19
   6888.44 245.62 1215.35
   6898.45 245.59 1216.50
   6908.45 245.56 1217.66
   6918.46 245.53 1218.83
   6928.46 245.50 1219.99
   6938.47 245.47 1221.16
   6948.47 245.44 1222.34
   6958.48 245.41 1223.51
   6968.48 245.38 1224.69
   6978.49 245.35 1225.88
   6988.49 245.32 1227.06
   6998.50 245.29 1228.25
   7008.50 245.26 1229.45
   7018.51 245.23 1230.65
   7028.51 245.20 1231.85
   7038.52 245.17 1233.05
   7048.52 245.14 1234.26
   7058.53 245.11 1235.47
   7068.53 245.08 1236.68
   7078.54 245.05 1237.90
   7088.54 245.02 1239.12
   7098.55 244.99 1240.34
   7108.55 244.96 1241.57
   7118.56 244.93 1242.80
   7128.56 244.90 1244.03
   7138.57 244.87 1245.27
   7148.57 244.84 1246.51
   7158.58 244.81 1247.75
   7168.58 244.78 1249.00
   7178.59 244.75 1250.24
   7188.59 244.72 1251.50
   7198.60 244.69 1252.75
   7208.60 244.66 1254.01
   7218.61 244.63 1255.27
   7228.61 244.60 1256.54
   7238.62 244.57 1257.80
   7248.62 244.54 1259.08
   7258.63 244.50 1260.35
   7268.63 244.47 1261.63
   7278.64 244.44 1262.91
   7288.64 244.41 1264.19
   7298.65 244.38 1265.47
   7308.65 244.35 1266.76
   7318.66 244.32 1268.06
   7328.66 244.29 1269.35
   7338.67 244.26 1270.65
   7348.67 244.23 1271.95
   7358.68 244.19 1273.25
   7368.68 244.16 1274.56
   7378.69 244.13 1275.87
   7388.69 244.10 1277.18
   7398.70 244.07 1278.50
   7408.70 244.04 1279.82
   7418.71 244.01 1281.14
   7428.71 243.98 1282.46
   7438.72 243.94 1283.79
   7448.72 243.91 1285.12
   7458.73 243.88 1286.45
   7468.73 243.85 1287.79
   7478.74 243.82 1289.13
   7488.74 243.79 1290.47
   7498.75 243.75 1291.81
   7508.75 243.72 1293.16
   7518.76 243.69 1294.51
   7528.76 243.66 1295.86
   7538.77 243.63 1297.22
   7548.77 243.60 1298.58
   7558.78 243.56 1299.94
   7568.78 243.53 1301.30
   7578.79 243.50 1302.67
   7588.79 243.47 1304.04
   7598.80 243.44 1305.41
   7608.80 243.40 1306.78
   7618.81 243.37 1308.16
   7628.81 243.34 1309.54
   7638.82 243.31 1310.92
   7648.82 243.28 1312.31
   7658.83 243.24 1313.70
   7668.83 243.21 1315.09
   7678.84 243.18 1316.48
   7688.84 243.15 1317.87
   7698.85 243.11 1319.27
   7708.85 243.08 1320.67
   7718.86 243.05 1322.07
   7728.86 243.02 1323.48
   7738.87 242.98 1324.89
   7748.87 242.95 1326.30
   7758.88 242.92 1327.71
   7768.88 242.89 1329.12
   7778.89 242.85 1330.54
   7788.89 242.82 1331.96
   7798.90 242.79 1333.38
   7808.90 242.76 1334.81
   7818.91 242.72 1336.23
   7828.91 242.69 1337.66
   7838.92 242.66 1339.09
   7848.92 242.62 1340.53
   7858.93 242.59 1341.96
   7868.93 242.56 1343.40
   7878.94 242.52 1344.84
   7888.94 242.49 1346.28
   7898.95 242.46 1347.73
   7908.95 242.43 1349.17
   7918.96 242.39 1350.62
   7928.96 242.36 1352.07
   7938.97 242.33 1353.53
   7948.97 242.29 1354.98
   7958.98 242.26 1356.44
   7968.98 242.23 1357.90
   7978.99 242.19 1359.36
   7988.99 242.16 1360.82
   7999.00 242.13 1362.28
   8009.00 242.09 1363.75
   8019.01 242.06 1365.22
   8029.01 242.03 1366.69
   8039.02 241.99 1368.16
   8049.02 241.96 1369.64
   8059.03 241.92 1371.11
   8069.03 241.89 1372.59
   8079.04 241.86 1374.07
   8089.04 241.82 1375.55
   8099.05 241.79 1377.04
   8109.05 241.76 1378.52
   8119.06 241.72 1380.01
   8129.06 241.69 1381.50
   8139.07 241.65 1382.99
   8149.07 241.62 1384.48
   8159.08 241.59 1385.97
   8169.08 241.55 1387.47
   8179.09 241.52 1388.96
   8189.09 241.48 1390.46
   8199.10 241.45 1391.96
   8209.10 241.42 1393.47
   8219.11 241.38 1394.97
   8229.11 241.35 1396.47
   8239.12 241.31 1397.98
   8249.12 241.28 1399.49
   8259.13 241.24 1401.00
   8269.13 241.21 1402.51
   8279.14 241.18 1404.02
   8289.14 241.14 1405.53
   8299.15 241.11 1407.05
   8309.15 241.07 1408.56
   8319.16 241.04 1410.08
   8329.16 241.00 1411.60
   8339.17 240.97 1413.12
   8349.17 240.93 1414.64
   8359.18 240.90 1416.16
   8369.18 240.86 1417.69
   8379.19 240.83 1419.21
   8389.19 240.79 1420.74
   8399.20 240.76 1422.26
   8409.20 240.73 1423.79
   8419.21 240.69 1425.32
   8429.21 240.66 1426.85
   8439.22 240.62 1428.38
   8449.22 240.59 1429.91
   8459.23 240.55 1431.44
   8469.23 240.52 1432.98
   8479.24 240.48 1434.51
   8489.24 240.45 1436.05
   8499.25 240.41 1437.58
   8509.25 240.37 1439.12
   8519.26 240.34 1440.66
   8529.26 240.30 1442.20
   8539.27 240.27 1443.74
   8549.27 240.23 1445.28
   8559.28 240.20 1446.82
   8569.28 240.16 1448.36
   8579.29 240.13 1449.90
   8589.29 240.09 1451.45
   8599.30 240.06 1452.99
   8609.30 240.02 1454.53
   8619.31 239.99 1456.08
   8629.31 239.95 1457.62
   8639.32 239.91 1459.17
   8649.32 239.88 1460.72
   8659.33 239.84 1462.27
   8669.33 239.81 1463.81
   8679.34 239.77 1465.36
   8689.34 239.74 1466.91
   8699.35 239.70 1468.47
   8709.35 239.66 1470.02
   8719.36 239.63 1471.57
   8729.36 239.59 1473.13
   8739.37 239.56 1474.69
   8749.37 239.52 1476.25
   8759.38 239.48 1477.81
   8769.38 239.45 1479.38
   8779.39 239.41 1480.95
   8789.39 239.38 1482.52
   8799.40 239.34 1484.09
   8809.40 239.30 1485.66
   8819.41 239.27 1487.24
   8829.41 239.23 1488.82
   8839.42 239.20 1490.40
   8849.42 239.16 1491.99
   8859.43 239.12 1493.57
   8869.43 239.09 1495.16
   8879.44 239.05 1496.75
   8889.44 239.01 1498.35
   8899.45 238.98 1499.94
   8909.45 238.94 1501.54
   8919.46 238.90 1503.14
   8929.46 238.87 1504.74
   8939.47 238.83 1506.34
   8949.47 238.79 1507.95
   8959.48 238.76 1509.56
   8969.48 238.72 1511.17
   8979.49 238.68 1512.78
   8989.49 238.65 1514.39
   8999.50 238.61 1516.00
   9009.50 238.57 1517.62
   9019.51 238.54 1519.24
   9029.51 238.50 1520.86
   9039.52 238.46 1522.48
   9049.52 238.43 1524.10
   9059.53 238.39 1525.73
   9069.53 238.35 1527.36
   9079.54 238.32 1528.98
   9089.54 238.28 1530.61
   9099.55 238.24 1532.25
   9109.55 238.20 1533.88
   9119.56 238.17 1535.51
   9129.56 238.13 1537.15
   9139.57 238.09 1538.79
   9149.57 238.06 1540.43
   9159.58 238.02 1542.07
   9169.58 237.98 1543.71
   9179.59 237.94 1545.35
   9189.59 237.91 1546.99
   9199.60 237.87 1548.64
   9209.60 237.83 1550.28
   9219.61 237.79 1551.93
   9229.61 237.76 1553.58
   9239.62 237.72 1555.23
   9249.62 237.68 1556.88
   9259.63 237.64 1558.53
   9269.63 237.61 1560.19
   9279.64 237.57 1561.84
   9289.64 237.53 1563.49
   9299.65 237.49 1565.15
   9309.65 237.45 1566.80
   9319.66 237.42 1568.46
   9329.66 237.38 1570.12
   9339.67 237.34 1571.78
   9349.67 237.30 1573.44
   9359.68 237.27 1575.10
   9369.68 237.23 1576.76
   9379.69 237.19 1578.42
   9389.69 237.15 1580.08
   9399.70 237.11 1581.74
   9409.70 237.08 1583.41
   9419.71 237.04 1585.07
   9429.71 237.00 1586.73
   9439.72 236.96 1588.40
   9449.72 236.92 1590.06
   9459.73 236.88 1591.73
   9469.73 236.85 1593.39
   9479.74 236.81 1595.06
   9489.74 236.77 1596.72
   9499.75 236.73 1598.39
   9509.75 236.69 1600.06
   9519.76 236.65 1601.72
   9529.76 236.62 1603.39
   9539.77 236.58 1605.06
   9549.77 236.54 1606.72
   9559.78 236.50 1608.39
   9569.78 236.46 1610.05
   9579.79 236.42 1611.72
   9589.79 236.38 1613.39
   9599.80 236.35 1615.05
   9609.80 236.31 1616.72
   9619.81 236.27 1618.38
   9629.81 236.23 1620.05
   9639.82 236.19 1621.72
   9649.82 236.15 1623.38
   9659.83 236.11 1625.04
   9669.83 236.07 1626.71
   9679.84 236.04 1628.37
   9689.84 236.00 1630.04
   9699.85 235.96 1631.70
   9709.85 235.92 1633.36
   9719.86 235.88 1635.02
   9729.86 235.84 1636.68
   9739.87 235.80 1638.34
   9749.87 235.76 1640.00
   9759.88 235.72 1641.66
   9769.88 235.68 1643.32
   9779.89 235.64 1644.98
   9789.89 235.61 1646.64
   9799.90 235.57 1648.29
   9809.90 235.53 1649.95
   9819.91 235.49 1651.60
   9829.91 235.45 1653.26
   9839.92 235.41 1654.91
   9849.92 235.37 1656.56
   9859.93 235.33 1658.21
   9869.93 235.29 1659.86
   9879.94 235.25 1661.51
   9889.94 235.21 1663.16
   9899.95 235.17 1664.80
   9909.95 235.13 1666.45
   9919.96 235.09 1668.09
   9929.96 235.05 1669.74
   9939.97 235.01 1671.38
   9949.97 234.97 1673.02
   9959.98 234.93 1674.66
   9969.98 234.89 1676.29
   9979.99 234.85 1677.93
   9989.99 234.81 1679.57
  10000.00 234.77 1681.20
