 -10000.00 162.34 1681.20
  -9989.99 162.36 1679.57
  -9979.99 162.38 1677.93
  -9969.98 162.39 1676.29
  -9959.98 162.41 1674.66
  -9949.97 162.43 1673.02
  -9939.97 162.45 1671.38
  -9929.96 162.46 1669.74
  -9919.96 162.48 1668.09
  -9909.95 162.50 1666.45
  -9899.95 162.51 1664.80
  -9889.94 162.53 1663.16
  -9879.94 162.55 1661.51
  -9869.93 162.57 1659.86
  -9859.93 162.58 1658.21
  -9849.92 162.60 1656.56
  -9839.92 162.62 1654.91
  -9829.91 162.64 1653.26
  -9819.91 162.65 1651.60
  -9809.90 162.67 1649.95
  -9799.90 162.69 1648.29
  -9789.89 162.70 1646.64
  -9779.89 162.72 1644.98
  -9769.88 162.74 1643.32
  -9759.88 162.76 1641.66
  -9749.87 162.77 1640.00
  -9739.87 162.79 1638.34
  -9729.86 162.81 1636.68
  -9719.86 162.82 1635.02
  -9709.85 162.84 1633.36
  -9699.85 162.86 1631.70
  -9689.84 162.88 1630.04
  -9679.84 162.89 1628.37
  -9669.83 162.91 1626.71
  -9659.83 162.93 1625.04
  -9649.82 162.94 1623.38
  -9639.82 162.96 1621.72
  -9629.81 162.98 1620.05
  -9619.81 163.00 1618.38
  -9609.80 163.01 1616.72
  -9599.80 163.03 1615.05
  -9589.79 163.05 1613.39
  -9579.79 163.06 1611.72
  -9569.78 163.08 1610.05
  -9559.78 163.10 1608.39
  -9549.77 163.11 1606.72
  -9539.77 163.13 1605.06
  -9529.76 163.15 1603.39
  -9519.76 163.16 1601.72
  -9509.75 163.18 1600.06
  -9499.75 163.20 1598.39
  -9489.74 163.21 1596.72
  -9479.74 163.23 1595.06
  -9469.73 163.25 1593.39
  -9459.73 163.26 1591.73
  -9449.72 163.28 1590.06
  -9439.72 163.30 1588.40
  -9429.71 163.31 1586.73
  -9419.71 163.33 1585.07
  -9409.70 163.35 1583.41
  -9399.70 163.36 1581.74
  -9389.69 163.38 1580.08
  -9379.69 163.40 1578.42
  -9369.68 163.41 1576.76
  -9359.68 163.43 1575.10
  -9349.67 163.45 1573.44
  -9339.67 163.46 1571.78
  -9329.66 163.48 1570.12
  -9319.66 163.50 1568.46
  -9309.65 163.51 1566.80
  -9299.65 163.53 1565.15
  -9289.64 163.55 1563.49
  -9279.64 163.56 1561.84
  -9269.63 163.58 1560.19
  -9259.63 163.59 1558.53
  -9249.62 163.61 1556.88
  -9239.62 163.63 1555.23
  -9229.61 163.64 1553.58
  -9219.61 163.66 1551.93
  -9209.60 163.68 1550.28
  -9199.60 163.69 1548.64
  -9189.59 163.71 1546.99
  -9179.59 163.73 1545.35
  -9169.58 163.74 1543.71
  -9159.58 163.76 1542.07
  -9149.57 163.77 1540.43
  -9139.57 163.79 1538.79
  -9129.56 163.81 1537.15
  -9119.56 163.82 1535.51
  -9109.55 163.84 1533.88
  -9099.55 163.86 1532.25
  -9089.54 163.87 1530.61
  -9079.54 163.89 1528.98
  -9069.53 163.90 1527.36
  -9059.53 163.92 1525.73
  -9049.52 163.94 1524.10
  -9039.52 163.95 1522.48
  -9029.51 163.97 1520.86
  -9019.51 163.98 1519.24
  -9009.50 164.00 1517.62
  -8999.50 164.02 1516.00
  -8989.49 164.03 1514.39
  -8979.49 164.05 1512.78
  -8969.48 164.06 1511.17
  -8959.48 164.08 1509.56
  -8949.47 164.10 1507.95
  -8939.47 164.11 1506.34
  -8929.46 164.13 1504.74
  -8919.46 164.14 1503.14
  -8909.45 164.16 1501.54
  -8899.45 164.17 1499.94
  -8889.44 164.19 1498.35
  -8879.44 164.21 1496.75
  -8869.43 164.22 1495.16
  -8859.43 164.24 1493.57
  -8849.42 164.25 1491.99
  -8839.42 164.27 1490.40
  -8829.41 164.29 1488.82
  -8819.41 164.30 1487.24
  -8809.40 164.32 1485.66
  -8799.40 164.33 1484.09
  -8789.39 164.35 1482.52
  -8779.39 164.36 1480.95
  -8769.38 164.38 1479.38
  -8759.38 164.39 1477.81
  -8749.37 164.41 1476.25
  -8739.37 164.43 1474.69
  -8729.36 164.44 1473.13
  -8719.36 164.46 1471.57
  -8709.35 164.47 1470.02
  -8699.35 164.49 1468.47
  -8689.34 164.50 1466.91
  -8679.34 164.52 1465.36
  -8669.33 164.53 1463.81
  -8659.33 164.55 1462.27
  -8649.32 164.57 1460.72
  -8639.32 164.58 1459.17
  -8629.31 164.60 1457.62
  -8619.31 164.61 1456.08
  -8609.30 164.63 1454.53
  -8599.30 164.64 1452.99
  -8589.29 164.66 1451.45
  -8579.29 164.67 1449.90
  -8569.28 164.69 1448.36
  -8559.28 164.70 1446.82
  -8549.27 164.72 1445.28
  -8539.27 164.73 1443.74
  -8529.26 164.75 1442.20
  -8519.26 164.77 1440.66
  -8509.25 164.78 1439.12
  -8499.25 164.80 1437.58
  -8489.24 164.81 1436.05
  -8479.24 164.83 1434.51
  -8469.23 164.84 1432.98
  -8459.23 164.86 1431.44
  -8449.22 164.87 1429.91
  -8439.22 164.89 1428.38
  -8429.21 164.90 1426.85
  -8419.21 164.92 1425.32
  -8409.20 164.93 1423.79
  -8399.20 164.95 1422.26
  -8389.19 164.96 1420.74
  -8379.19 164.98 1419.21
  -8369.18 164.99 1417.69
  -8359.18 165.01 1416.16
  -8349.17 165.02 1414.64
  -8339.17 165.04 1413.12
  -8329.16 165.05 1411.60
  -8319.16 165.07 1410.08
  -8309.15 165.08 1408.56
  -8299.15 165.10 1407.05
  -8289.14 165.11 1405.53
  -8279.14 165.13 1404.02
  -8269.13 165.14 1402.51
  -8259.13 165.16 1401.00
  -8249.12 165.17 1399.49
  -8239.12 165.19 1397.98
  -8229.11 165.20 1396.47
  -8219.11 165.22 1394.97
  -8209.10 165.23 1393.47
  -8199.10 165.24 1391.96
  -8189.09 165.26 1390.46
  -8179.09 165.27 1388.96
  -8169.08 165.29 1387.47
  -8159.08 165.30 1385.97
  -8149.07 165.32 1384.48
  -8139.07 165.33 1382.99
  -8129.06 165.35 1381.50
  -8119.06 165.36 1380.01
  -8109.05 165.38 1378.52
  -8099.05 165.39 1377.04
  -8089.04 165.41 1375.55
  -8079.04 165.42 1374.07
  -8069.03 165.43 1372.59
  -8059.03 165.45 1371.11
  -8049.02 165.46 1369.64
  -8039.02 165.48 1368.16
  -8029.01 165.49 1366.69
  -8019.01 165.51 1365.22
  -8009.00 165.52 1363.75
  -7999.00 165.54 1362.28
  -7988.99 165.55 1360.82
  -7978.99 165.56 1359.36
  -7968.98 165.58 1357.90
  -7958.98 165.59 1356.44
  -7948.97 165.61 1354.98
  -7938.97 165.62 1353.53
  -7928.96 165.64 1352.07
  -7918.96 165.65 1350.62
  -7908.95 165.66 1349.17
  -7898.95 165.68 1347.73
  -7888.94 165.69 1346.28
  -7878.94 165.71 1344.84
  -7868.93 165.72 1343.40
  -7858.93 165.74 1341.96
  -7848.92 165.75 1340.53
  -7838.92 165.76 1339.09
  -7828.91 165.78 1337.66
  -7818.91 165.79 1336.23
  -7808.90 165.81 1334.81
  -7798.90 165.82 1333.38
  -7788.89 165.83 1331.96
  -7778.89 165.85 1330.54
  -7768.88 165.86 1329.12
  -7758.88 165.88 1327.71
  -7748.87 165.89 1326.30
  -7738.87 165.90 1324.89
  -7728.86 165.92 1323.48
  -7718.86 165.93 1322.07
  -7708.85 165.95 1320.67
  -7698.85 165.96 1319.27
  -7688.84 165.97 1317.87
  -7678.84 165.99 1316.48
  -7668.83 166.00 1315.09
  -7658.83 166.02 1313.70
  -7648.82 166.03 1312.31
  -7638.82 166.04 1310.92
  -7628.81 166.06 1309.54
  -7618.81 166.07 1308.16
  -7608.80 166.09 1306.78
  -7598.80 166.10 1305.41
  -7588.79 166.11 1304.04
  -7578.79 166.13 1302.67
  -7568.78 166.14 1301.30
  -7558.78 166.15 1299.94
  -7548.77 166.17 1298.58
  -7538.77 166.18 1297.22
  -7528.76 166.19 1295.86
  -7518.76 166.21 1294.51
  -7508.75 166.22 1293.16
  -7498.75 166.24 1291.81
  -7488.74 166.25 1290.47
  -7478.74 166.26 1289.13
  -7468.73 166.28 1287.79
  -7458.73 166.29 1286.45
  -7448.72 166.30 1285.12
  -7438.72 166.32 1283.79
  -7428.71 166.33 1282.46
  -7418.71 166.34 1281.14
  -7408.70 166.36 1279.82
  -7398.70 166.37 1278.50
  -7388.69 166.38 1277.18
  -7378.69 166.40 1275.87
  -7368.68 166.41 1274.56
  -7358.68 166.42 1273.25
  -7348.67 166.44 1271.95
  -7338.67 166.45 1270.65
  -7328.66 166.46 1269.35
  -7318.66 166.48 1268.06
  -7308.65 166.49 1266.76
  -7298.65 166.50 1265.47
  -7288.64 166.52 1264.19
  -7278.64 166.53 1262.91
  -7268.63 166.54 1261.63
  -7258.63 166.56 1260.35
  -7248.62 166.57 1259.08
  -7238.62 166.58 1257.80
  -7228.61 166.60 1256.54
  -7218.61 166.61 1255.27
  -7208.60 166.62 1254.01
  -7198.60 166.64 1252.75
  -7188.59 166.65 1251.50
  -7178.59 166.66 1250.24
  -7168.58 166.68 1249.00
  -7158.58 166.69 1247.75
  -7148.57 166.70 1246.51
  -7138.57 166.71 1245.27
  -7128.56 166.73 1244.03
  -7118.56 166.74 1242.80
  -7108.55 166.75 1241.57
  -7098.55 166.77 1240.34
  -7088.54 166.78 1239.12
  -7078.54 166.79 1237.90
  -7068.53 166.80 1236.68
  -7058.53 166.82 1235.47
  -7048.52 166.83 1234.26
  -7038.52 166.84 1233.05
  -7028.51 166.86 1231.85
  -7018.51 166.87 1230.65
  -7008.50 166.88 1229.45
  -6998.50 166.89 1228.25
  -6988.49 166.91 1227.06
  -6978.49 166.92 1225.88
  -6968.48 166.93 1224.69
  -6958.48 166.95 1223.51
  -6948.47 166.96 1222.34
  -6938.47 166.97 1221.16
  -6928.46 166.98 1219.99
  -6918.46 167.00 1218.83
  -6908.45 167.01 1217.66
  -6898.45 167.02 1216.50
  -6888.44 167.03 1215.35
  -6878.44 167.05 1214.19
  -6868.43 167.06 1213.04
  -6858.43 167.07 1211.90
  -6848.42 167.08 1210.76
  -6838.42 167.10 1209.62
  -6828.41 167.11 1208.48
  -6818.41 167.12 1207.35
  -6808.40 167.13 1206.22
  -6798.40 167.15 1205.10
  -6788.39 167.16 1203.97
  -6778.39 167.17 1202.86
  -6768.38 167.18 1201.74
  -6758.38 167.20 1200.63
  -6748.37 167.21 1199.52
  -6738.37 167.22 1198.42
  -6728.36 167.23 1197.32
  -6718.36 167.25 1196.22
  -6708.35 167.26 1195.13
  -6698.35 167.27 1194.04
  -6688.34 167.28 1192.96
  -6678.34 167.29 1191.88
  -6668.33 167.31 1190.80
  -6658.33 167.32 1189.72
  -6648.32 167.33 1188.65
  -6638.32 167.34 1187.58
  -6628.31 167.36 1186.52
  -6618.31 167.37 1185.46
  -6608.30 167.38 1184.40
  -6598.30 167.39 1183.35
  -6588.29 167.40 1182.30
  -6578.29 167.42 1181.26
  -6568.28 167.43 1180.21
  -6558.28 167.44 1179.17
  -6548.27 167.45 1178.14
  -6538.27 167.46 1177.11
  -6528.26 167.48 1176.08
  -6518.26 167.49 1175.06
  -6508.25 167.50 1174.04
  -6498.25 167.51 1173.02
  -6488.24 167.52 1172.01
  -6478.24 167.54 1171.00
  -6468.23 167.55 1170.00
  -6458.23 167.56 1169.00
  -6448.22 167.57 1168.00
  -6438.22 167.58 1167.00
  -6428.21 167.59 1166.01
  -6418.21 167.61 1165.03
  -6408.20 167.62 1164.05
  -6398.20 167.63 1163.07
  -6388.19 167.64 1162.09
  -6378.19 167.65 1161.12
  -6368.18 167.67 1160.15
  -6358.18 167.68 1159.19
  -6348.17 167.69 1158.23
  -6338.17 167.70 1157.27
  -6328.16 167.71 1156.32
  -6318.16 167.72 1155.37
  -6308.15 167.74 1154.43
  -6298.15 167.75 1153.48
  -6288.14 167.76 1152.55
  -6278.14 167.77 1151.61
  -6268.13 167.78 1150.68
  -6258.13 167.79 1149.76
  -6248.12 167.80 1148.83
  -6238.12 167.82 1147.91
  -6228.11 167.83 1147.00
  -6218.11 167.84 1146.09
  -6208.10 167.85 1145.18
  -6198.10 167.86 1144.28
  -6188.09 167.87 1143.38
  -6178.09 167.88 1142.48
  -6168.08 167.90 1141.59
  -6158.08 167.91 1140.70
  -6148.07 167.92 1139.82
  -6138.07 167.93 1138.93
  -6128.06 167.94 1138.06
  -6118.06 167.95 1137.18
  -6108.05 167.96 1136.31
  -6098.05 167.97 1135.45
  -6088.04 167.99 1134.59
  -6078.04 168.00 1133.73
  -6068.03 168.01 1132.87
  -6058.03 168.02 1132.02
  -6048.02 168.03 1131.17
  -6038.02 168.04 1130.33
  -6028.01 168.05 1129.49
  -6018.01 168.06 1128.65
  -6008.00 168.08 1127.82
  -5998.00 168.09 1126.99
  -5987.99 168.10 1126.17
  -5977.99 168.11 1125.35
  -5967.98 168.12 1124.53
  -5957.98 168.13 1123.72
  -5947.97 168.14 1122.91
  -5937.97 168.15 1122.10
  -5927.96 168.16 1121.30
  -5917.96 168.17 1120.50
  -5907.95 168.18 1119.71
  -5897.95 168.20 1118.92
  -5887.94 168.21 1118.13
  -5877.94 168.22 1117.34
  -5867.93 168.23 1116.56
  -5857.93 168.24 1115.79
  -5847.92 168.25 1115.02
  -5837.92 168.26 1114.25
  -5827.91 168.27 1113.48
  -5817.91 168.28 1112.72
  -5807.90 168.29 1111.96
  -5797.90 168.30 1111.21
  -5787.89 168.31 1110.46
  -5777.89 168.33 1109.71
  -5767.88 168.34 1108.97
  -5757.88 168.35 1108.23
  -5747.87 168.36 1107.50
  -5737.87 168.37 1106.76
  -5727.86 168.38 1106.04
  -5717.86 168.39 1105.31
  -5707.85 168.40 1104.59
  -5697.85 168.41 1103.87
  -5687.84 168.42 1103.16
  -5677.84 168.43 1102.45
  -5667.83 168.44 1101.75
  -5657.83 168.45 1101.04
  -5647.82 168.46 1100.34
  -5637.82 168.47 1099.65
  -5627.81 168.48 1098.96
  -5617.81 168.49 1098.27
  -5607.80 168.50 1097.59
  -5597.80 168.51 1096.91
  -5587.79 168.52 1096.23
  -5577.79 168.54 1095.56
  -5567.78 168.55 1094.89
  -5557.78 168.56 1094.22
  -5547.77 168.57 1093.56
  -5537.77 168.58 1092.90
  -5527.76 168.59 1092.24
  -5517.76 168.60 1091.59
  -5507.75 168.61 1090.94
  -5497.75 168.62 1090.30
  -5487.74 168.63 1089.66
  -5477.74 168.64 1089.02
  -5467.73 168.65 1088.39
  -5457.73 168.66 1087.75
  -5447.72 168.67 1087.13
  -5437.72 168.68 1086.50
  -5427.71 168.69 1085.88
  -5417.71 168.70 1085.27
  -5407.70 168.71 1084.65
  -5397.70 168.72 1084.05
  -5387.69 168.73 1083.44
  -5377.69 168.74 1082.84
  -5367.68 168.75 1082.24
  -5357.68 168.76 1081.64
  -5347.67 168.77 1081.05
  -5337.67 168.78 1080.46
  -5327.66 168.79 1079.88
  -5317.66 168.80 1079.30
  -5307.65 168.81 1078.72
  -5297.65 168.82 1078.14
  -5287.64 168.83 1077.57
  -5277.64 168.84 1077.00
  -5267.63 168.85 1076.44
  -5257.63 168.86 1075.88
  -5247.62 168.87 1075.32
  -5237.62 168.88 1074.76
  -5227.61 168.89 1074.21
  -5217.61 168.90 1073.66
  -5207.60 168.91 1073.12
  -5197.60 168.91 1072.58
  -5187.59 168.92 1072.04
  -5177.59 168.93 1071.51
  -5167.58 168.94 1070.98
  -5157.58 168.95 1070.45
  -5147.57 168.96 1069.92
  -5137.57 168.97 1069.40
  -5127.56 168.98 1068.88
  -5117.56 168.99 1068.37
  -5107.55 169.00 1067.86
  -5097.55 169.01 1067.35
  -5087.54 169.02 1066.84
  -5077.54 169.03 1066.34
  -5067.53 169.04 1065.84
  -5057.53 169.05 1065.35
  -5047.52 169.06 1064.86
  -5037.52 169.07 1064.37
  -5027.51 169.08 1063.88
  -5017.51 169.09 1063.40
  -5007.50 169.10 1062.92
  -4997.50 169.10 1062.44
  -4987.49 169.11 1061.97
  -4977.49 169.12 1061.50
  -4967.48 169.13 1061.03
  -4957.48 169.14 1060.57
  -4947.47 169.15 1060.11
  -4937.47 169.16 1059.65
  -4927.46 169.17 1059.19
  -4917.46 169.18 1058.74
  -4907.45 169.19 1058.29
  -4897.45 169.20 1057.85
  -4887.44 169.21 1057.40
  -4877.44 169.21 1056.96
  -4867.43 169.22 1056.53
  -4857.43 169.23 1056.09
  -4847.42 169.24 1055.66
  -4837.42 169.25 1055.24
  -4827.41 169.26 1054.81
  -4817.41 169.27 1054.39
  -4807.40 169.28 1053.97
  -4797.40 169.29 1053.55
  -4787.39 169.30 1053.14
  -4777.39 169.30 1052.73
  -4767.38 169.31 1052.32
  -4757.38 169.32 1051.92
  -4747.37 169.33 1051.52
  -4737.37 169.34 1051.12
  -4727.36 169.35 1050.72
  -4717.36 169.36 1050.33
  -4707.35 169.37 1049.94
  -4697.35 169.38 1049.55
  -4687.34 169.38 1049.17
  -4677.34 169.39 1048.79
  -4667.33 169.40 1048.41
  -4657.33 169.41 1048.03
  -4647.32 169.42 1047.66
  -4637.32 169.43 1047.29
  -4627.31 169.44 1046.92
  -4617.31 169.44 1046.55
  -4607.30 169.45 1046.19
  -4597.30 169.46 1045.83
  -4587.29 169.47 1045.47
  -4577.29 169.48 1045.12
  -4567.28 169.49 1044.77
  -4557.28 169.50 1044.42
  -4547.27 169.50 1044.07
  -4537.27 169.51 1043.73
  -4527.26 169.52 1043.38
  -4517.26 169.53 1043.05
  -4507.25 169.54 1042.71
  -4497.25 169.55 1042.38
  -4487.24 169.56 1042.04
  -4477.24 169.56 1041.72
  -4467.23 169.57 1041.39
  -4457.23 169.58 1041.07
  -4447.22 169.59 1040.74
  -4437.22 169.60 1040.43
  -4427.21 169.61 1040.11
  -4417.21 169.61 1039.80
  -4407.20 169.62 1039.48
  -4397.20 169.63 1039.18
  -4387.19 169.64 1038.87
  -4377.19 169.65 1038.56
  -4367.18 169.65 1038.26
  -4357.18 169.66 1037.96
  -4347.17 169.67 1037.67
  -4337.17 169.68 1037.37
  -4327.16 169.69 1037.08
  -4317.16 169.70 1036.79
  -4307.15 169.70 1036.50
  -4297.15 169.71 1036.22
  -4287.14 169.72 1035.94
  -4277.14 169.73 1035.65
  -4267.13 169.74 1035.38
  -4257.13 169.74 1035.10
  -4247.12 169.75 1034.83
  -4237.12 169.76 1034.56
  -4227.11 169.77 1034.29
  -4217.11 169.77 1034.02
  -4207.10 169.78 1033.75
  -4197.10 169.79 1033.49
  -4187.09 169.80 1033.23
  -4177.09 169.81 1032.97
  -4167.08 169.81 1032.72
  -4157.08 169.82 1032.46
  -4147.07 169.83 1032.21
  -4137.07 169.84 1031.96
  -4127.06 169.85 1031.71
  -4117.06 169.85 1031.47
  -4107.05 169.86 1031.22
  -4097.05 169.87 1030.98
  -4087.04 169.88 1030.74
  -4077.04 169.88 1030.51
  -4067.03 169.89 1030.27
  -4057.03 169.90 1030.04
  -4047.02 169.91 1029.81
  -4037.02 169.91 1029.58
  -4027.01 169.92 1029.35
  -4017.01 169.93 1029.12
  -4007.00 169.94 1028.90
  -3997.00 169.94 1028.68
  -3986.99 169.95 1028.46
  -3976.99 169.96 1028.24
  -3966.98 169.97 1028.03
  -3956.98 169.97 1027.81
  -3946.97 169.98 1027.60
  -3936.97 169.99 1027.39
  -3926.96 170.00 1027.18
  -3916.96 170.00 1026.98
  -3906.95 170.01 1026.77
  -3896.95 170.02 1026.57
  -3886.94 170.03 1026.37
  -3876.94 170.03 1026.17
  -3866.93 170.04 1025.97
  -3856.93 170.05 1025.78
  -3846.92 170.05 1025.58
  -3836.92 170.06 1025.39
  -3826.91 170.07 1025.20
  -3816.91 170.08 1025.01
  -3806.90 170.08 1024.83
  -3796.90 170.09 1024.64
  -3786.89 170.10 1024.46
  -3776.89 170.10 1024.28
  -3766.88 170.11 1024.10
  -3756.88 170.12 1023.92
  -3746.87 170.13 1023.74
  -3736.87 170.13 1023.57
  -3726.86 170.14 1023.39
  -3716.86 170.15 1023.22
  -3706.85 170.15 1023.05
  -3696.85 170.16 1022.88
  -3686.84 170.17 1022.72
  -3676.84 170.17 1022.55
  -3666.83 170.18 1022.39
  -3656.83 170.19 1022.22
  -3646.82 170.20 1022.06
  -3636.82 170.20 1021.91
  -3626.81 170.21 1021.75
  -3616.81 170.22 1021.59
  -3606.80 170.22 1021.44
  -3596.80 170.23 1021.28
  -3586.79 170.24 1021.13
  -3576.79 170.24 1020.98
  -3566.78 170.25 1020.83
  -3556.78 170.26 1020.69
  -3546.77 170.26 1020.54
  -3536.77 170.27 1020.39
  -3526.76 170.28 1020.25
  -3516.76 170.28 1020.11
  -3506.75 170.29 1019.97
  -3496.75 170.30 1019.83
  -3486.74 170.30 1019.69
  -3476.74 170.31 1019.56
  -3466.73 170.32 1019.42
  -3456.73 170.32 1019.29
  -3446.72 170.33 1019.16
  -3436.72 170.34 1019.03
  -3426.71 170.34 1018.90
  -3416.71 170.35 1018.77
  -3406.70 170.35 1018.64
  -3396.70 170.36 1018.52
  -3386.69 170.37 1018.39
  -3376.69 170.37 1018.27
  -3366.68 170.38 1018.15
  -3356.68 170.39 1018.03
  -3346.67 170.39 1017.91
  -3336.67 170.40 1017.79
  -3326.66 170.41 1017.67
  -3316.66 170.41 1017.55
  -3306.65 170.42 1017.44
  -3296.65 170.42 1017.33
  -3286.64 170.43 1017.21
  -3276.64 170.44 1017.10
  -3266.63 170.44 1016.99
  -3256.63 170.45 1016.88
  -3246.62 170.45 1016.78
  -3236.62 170.46 1016.67
  -3226.61 170.47 1016.57
  -3216.61 170.47 1016.46
  -3206.60 170.48 1016.36
  -3196.60 170.48 1016.26
  -3186.59 170.49 1016.16
  -3176.59 170.50 1016.06
  -3166.58 170.50 1015.96
  -3156.58 170.51 1015.86
  -3146.57 170.51 1015.76
  -3136.57 170.52 1015.67
  -3126.56 170.53 1015.57
  -3116.56 170.53 1015.48
  -3106.55 170.54 1015.39
  -3096.55 170.54 1015.29
  -3086.54 170.55 1015.20
  -3076.54 170.56 1015.11
  -3066.53 170.56 1015.02
  -3056.53 170.57 1014.94
  -3046.52 170.57 1014.85
  -3036.52 170.58 1014.76
  -3026.51 170.58 1014.68
  -3016.51 170.59 1014.60
  -3006.50 170.60 1014.51
  -2996.50 170.60 1014.43
  -2986.49 170.61 1014.35
  -2976.49 170.61 1014.27
  -2966.48 170.62 1014.19
  -2956.48 170.62 1014.11
  -2946.47 170.63 1014.03
  -2936.47 170.64 1013.96
  -2926.46 170.64 1013.88
  -2916.46 170.65 1013.81
  -2906.45 170.65 1013.73
  -2896.45 170.66 1013.66
  -2886.44 170.66 1013.59
  -2876.44 170.67 1013.52
  -2866.43 170.67 1013.45
  -2856.43 170.68 1013.38
  -2846.42 170.68 1013.31
  -2836.42 170.69 1013.24
  -2826.41 170.70 1013.17
  -2816.41 170.70 1013.11
  -2806.40 170.71 1013.04
  -2796.40 170.71 1012.97
  -2786.39 170.72 1012.91
  -2776.39 170.72 1012.85
  -2766.38 170.73 1012.78
  -2756.38 170.73 1012.72
  -2746.37 170.74 1012.66
  -2736.37 170.74 1012.60
  -2726.36 170.75 1012.54
  -2716.36 170.75 1012.48
  -2706.35 170.76 1012.42
  -2696.35 170.76 1012.37
  -2686.34 170.77 1012.31
  -2676.34 170.77 1012.25
  -2666.33 170.78 1012.20
  -2656.33 170.78 1012.14
  -2646.32 170.79 1012.09
  -2636.32 170.79 1012.03
  -2626.31 170.80 1011.98
  -2616.31 170.80 1011.93
  -2606.30 170.81 1011.88
  -2596.30 170.81 1011.83
  -2586.29 170.82 1011.78
  -2576.29 170.82 1011.73
  -2566.28 170.83 1011.68
  -2556.28 170.83 1011.63
  -2546.27 170.84 1011.58
  -2536.27 170.84 1011.53
  -2526.26 170.85 1011.49
  -2516.26 170.85 1011.44
  -2506.25 170.86 1011.40
  -2496.25 170.86 1011.35
  -2486.24 170.87 1011.31
  -2476.24 170.87 1011.26
  -2466.23 170.87 1011.22
  -2456.23 170.88 1011.18
  -2446.22 170.88 1011.14
  -2436.22 170.89 1011.10
  -2426.21 170.89 1011.05
  -2416.21 170.90 1011.01
  -2406.20 170.90 1010.97
  -2396.20 170.91 1010.94
  -2386.19 170.91 1010.90
  -2376.19 170.92 1010.86
  -2366.18 170.92 1010.82
  -2356.18 170.93 1010.78
  -2346.17 170.93 1010.75
  -2336.17 170.93 1010.71
  -2326.16 170.94 1010.68
  -2316.16 170.94 1010.64
  -2306.15 170.95 1010.61
  -2296.15 170.95 1010.57
  -2286.14 170.96 1010.54
  -2276.14 170.96 1010.51
  -2266.13 170.96 1010.47
  -2256.13 170.97 1010.44
  -2246.12 170.97 1010.41
  -2236.12 170.98 1010.38
  -2226.11 170.98 1010.35
  -2216.11 170.99 1010.32
  -2206.10 170.99 1010.29
  -2196.10 170.99 1010.26
  -2186.09 171.00 1010.23
  -2176.09 171.00 1010.20
  -2166.08 171.01 1010.17
  -2156.08 171.01 1010.14
  -2146.07 171.01 1010.12
  -2136.07 171.02 1010.09
  -2126.06 171.02 1010.06
  -2116.06 171.03 1010.04
  -2106.05 171.03 1010.01
  -2096.05 171.03 1009.98
  -2086.04 171.04 1009.96
  -2076.04 171.04 1009.93
  -2066.03 171.05 1009.91
  -2056.03 171.05 1009.89
  -2046.02 171.05 1009.86
  -2036.02 171.06 1009.84
  -2026.01 171.06 1009.82
  -2016.01 171.07 1009.79
  -2006.00 171.07 1009.77
  -1996.00 171.07 1009.75
  -1985.99 171.08 1009.73
  -1975.99 171.08 1009.71
  -1965.98 171.08 1009.69
  -1955.98 171.09 1009.67
  -1945.97 171.09 1009.65
  -1935.97 171.10 1009.63
  -1925.96 171.10 1009.61
  -1915.96 171.10 1009.59
  -1905.95 171.11 1009.57
  -1895.95 171.11 1009.55
  -1885.94 171.11 1009.53
  -1875.94 171.12 1009.51
  -1865.93 171.12 1009.50
  -1855.93 171.12 1009.48
  -1845.92 171.13 1009.46
  -1835.92 171.13 1009.44
  -1825.91 171.13 1009.43
  -1815.91 171.14 1009.41
  -1805.90 171.14 1009.40
  -1795.90 171.15 1009.38
  -1785.89 171.15 1009.37
  -1775.89 171.15 1009.35
  -1765.88 171.16 1009.34
  -1755.88 171.16 1009.32
  -1745.87 171.16 1009.31
  -1735.87 171.17 1009.29
  -1725.86 171.17 1009.28
  -1715.86 171.17 1009.27
  -1705.85 171.18 1009.25
  -1695.85 171.18 1009.24
  -1685.84 171.18 1009.23
  -1675.84 171.18 1009.21
  -1665.83 171.19 1009.20
  -1655.83 171.19 1009.19
  -1645.82 171.19 1009.18
  -1635.82 171.20 1009.17
  -1625.81 171.20 1009.15
  -1615.81 171.20 1009.14
  -1605.80 171.21 1009.13
  -1595.80 171.21 1009.12
  -1585.79 171.21 1009.11
  -1575.79 171.22 1009.10
  -1565.78 171.22 1009.09
  -1555.78 171.22 1009.08
  -1545.77 171.22 1009.07
  -1535.77 171.23 1009.06
  -1525.76 171.23 1009.05
  -1515.76 171.23 1009.04
  -1505.75 171.24 1009.03
  -1495.75 171.24 1009.02
  -1485.74 171.24 1009.01
  -1475.74 171.24 1009.01
  -1465.73 171.25 1009.00
  -1455.73 171.25 1008.99
  -1445.72 171.25 1008.98
  -1435.72 171.26 1008.97
  -1425.71 171.26 1008.97
  -1415.71 171.26 1008.96
  -1405.70 171.26 1008.95
  -1395.70 171.27 1008.94
  -1385.69 171.27 1008.94
  -1375.69 171.27 1008.93
  -1365.68 171.27 1008.92
  -1355.68 171.28 1008.92
  -1345.67 171.28 1008.91
  -1335.67 171.28 1008.90
  -1325.66 171.28 1008.90
  -1315.66 171.29 1008.89
  -1305.65 171.29 1008.89
  -1295.65 171.29 1008.88
  -1285.64 171.29 1008.88
  -1275.64 171.30 1008.87
  -1265.63 171.30 1008.87
  -1255.63 171.30 1008.86
  -1245.62 171.30 1008.85
  -1235.62 171.31 1008.85
  -1225.61 171.31 1008.85
  -1215.61 171.31 1008.84
  -1205.60 171.31 1008.84
  -1195.60 171.32 1008.83
  -1185.59 171.32 1008.83
  -1175.59 171.32 1008.82
  -1165.58 171.32 1008.82
  -1155.58 171.32 1008.81
  -1145.57 171.33 1008.81
  -1135.57 171.33 1008.81
  -1125.56 171.33 1008.80
  -1115.56 171.33 1008.80
  -1105.55 171.34 1008.80
  -1095.55 171.34 1008.79
  -1085.54 171.34 1008.79
  -1075.54 171.34 1008.79
  -1065.53 171.34 1008.78
  -1055.53 171.35 1008.78
  -1045.52 171.35 1008.78
  -1035.52 171.35 1008.77
  -1025.51 171.35 1008.77
  -1015.51 171.35 1008.77
  -1005.50 171.36 1008.77
   -995.50 171.36 1008.76
   -985.49 171.36 1008.76
   -975.49 171.36 1008.76
   -965.48 171.36 1008.76
   -955.48 171.36 1008.75
   -945.47 171.37 1008.75
   -935.47 171.37 1008.75
   -925.46 171.37 1008.75
   -915.46 171.37 1008.75
   -905.45 171.37 1008.74
   -895.45 171.37 1008.74
   -885.44 171.38 1008.74
   -875.44 171.38 1008.74
   -865.43 171.38 1008.74
   -855.43 171.38 1008.74
   -845.42 171.38 1008.73
   -835.42 171.38 1008.73
   -825.41 171.39 1008.73
   -815.41 171.39 1008.73
   -805.40 171.39 1008.73
   -795.40 171.39 1008.73
   -785.39 171.39 1008.73
   -775.39 171.39 1008.72
   -765.38 171.40 1008.72
   -755.38 171.40 1008.72
   -745.37 171.40 1008.72
   -735.37 171.40 1008.72
   -725.36 171.40 1008.72
   -715.36 171.40 1008.72
   -705.35 171.40 1008.72
   -695.35 171.41 1008.72
   -685.34 171.41 1008.72
   -675.34 171.41 1008.71
   -665.33 171.41 1008.71
   -655.33 171.41 1008.71
   -645.32 171.41 1008.71
   -635.32 171.41 1008.71
   -625.31 171.41 1008.71
   -615.31 171.42 1008.71
   -605.30 171.42 1008.71
   -595.30 171.42 1008.71
   -585.29 171.42 1008.71
   -575.29 171.42 1008.71
   -565.28 171.42 1008.71
   -555.28 171.42 1008.71
   -545.27 171.42 1008.71
   -535.27 171.42 1008.71
   -525.26 171.42 1008.71
   -515.26 171.43 1008.71
   -505.25 171.43 1008.71
   -495.25 171.43 1008.71
   -485.24 171.43 1008.70
   -475.24 171.43 1008.70
   -465.23 171.43 1008.70
   -455.23 171.43 1008.70
   -445.22 171.43 1008.70
   -435.22 171.43 1008.70
   -425.21 171.43 1008.70
   -415.21 171.43 1008.70
   -405.20 171.44 1008.70
   -395.20 171.44 1008.70
   -385.19 171.44 1008.70
   -375.19 171.44 1008.70
   -365.18 171.44 1008.70
   -355.18 171.44 1008.70
   -345.17 171.44 1008.70
   -335.17 171.44 1008.70
   -325.16 171.44 1008.70
   -315.16 171.44 1008.70
   -305.15 171.44 1008.70
   -295.15 171.44 1008.70
   -285.14 171.44 1008.70
   -275.14 171.44 1008.70
   -265.13 171.44 1008.70
   -255.13 171.44 1008.70
   -245.12 171.45 1008.70
   -235.12 171.45 1008.70
   -225.11 171.45 1008.70
   -215.11 171.45 1008.70
   -205.10 171.45 1008.70
   -195.10 171.45 1008.70
   -185.09 171.45 1008.70
   -175.09 171.45 1008.70
   -165.08 171.45 1008.70
   -155.08 171.45 1008.70
   -145.07 171.45 1008.70
   -135.07 171.45 1008.70
   -125.06 171.45 1008.70
   -115.06 171.45 1008.70
   -105.05 171.45 1008.70
    -95.05 171.45 1008.70
    -85.04 171.45 1008.70
    -75.04 171.45 1008.70
    -65.03 171.45 1008.70
    -55.03 171.45 1008.70
    -45.02 171.45 1008.70
    -35.02 171.45 1008.70
    -25.01 171.45 1008.70
    -15.01 171.45 1008.70
     -5.00 171.45 1008.70
      5.00 171.45 1008.70
     15.01 171.45 1008.70
     25.01 171.45 1008.70
     35.02 171.45 1008.70
     45.02 171.45 1008.70
     55.03 171.45 1008.70
     65.03 171.45 1008.70
     75.04 171.45 1008.70
     85.04 171.45 1008.70
     95.05 171.45 1008.70
    105.05 171.45 1008.70
    115.06 171.45 1008.70
    125.06 171.45 1008.70
    135.07 171.45 1008.70
    145.07 171.45 1008.70
    155.08 171.45 1008.70
    165.08 171.45 1008.70
    175.09 171.45 1008.70
    185.09 171.45 1008.70
    195.10 171.45 1008.70
    205.10 171.45 1008.70
    215.11 171.45 1008.70
    225.11 171.45 1008.70
    235.12 171.45 1008.70
    245.12 171.45 1008.70
    255.13 171.44 1008.70
    265.13 171.44 1008.70
    275.14 171.44 1008.70
    285.14 171.44 1008.70
    295.15 171.44 1008.70
    305.15 171.44 1008.70
    315.16 171.44 1008.70
    325.16 171.44 1008.70
    335.17 171.44 1008.70
    345.17 171.44 1008.70
    355.18 171.44 1008.70
    365.18 171.44 1008.70
    375.19 171.44 1008.70
    385.19 171.44 1008.70
    395.20 171.44 1008.70
    405.20 171.44 1008.70
    415.21 171.43 1008.70
    425.21 171.43 1008.70
    435.22 171.43 1008.70
    445.22 171.43 1008.70
    455.23 171.43 1008.70
    465.23 171.43 1008.70
    475.24 171.43 1008.70
    485.24 171.43 1008.70
    495.25 171.43 1008.71
    505.25 171.43 1008.71
    515.26 171.43 1008.71
    525.26 171.42 1008.71
    535.27 171.42 1008.71
    545.27 171.42 1008.71
    555.28 171.42 1008.71
    565.28 171.42 1008.71
    575.29 171.42 1008.71
    585.29 171.42 1008.71
    595.30 171.42 1008.71
    605.30 171.42 1008.71
    615.31 171.42 1008.71
    625.31 171.41 1008.71
    635.32 171.41 1008.71
    645.32 171.41 1008.71
    655.33 171.41 1008.71
    665.33 171.41 1008.71
    675.34 171.41 1008.71
    685.34 171.41 1008.72
    695.35 171.41 1008.72
    705.35 171.40 1008.72
    715.36 171.40 1008.72
    725.36 171.40 1008.72
    735.37 171.40 1008.72
    745.37 171.40 1008.72
    755.38 171.40 1008.72
    765.38 171.40 1008.72
    775.39 171.39 1008.72
    785.39 171.39 1008.73
    795.40 171.39 1008.73
    805.40 171.39 1008.73
    815.41 171.39 1008.73
    825.41 171.39 1008.73
    835.42 171.38 1008.73
    845.42 171.38 1008.73
    855.43 171.38 1008.74
    865.43 171.38 1008.74
    875.44 171.38 1008.74
    885.44 171.38 1008.74
    895.45 171.37 1008.74
    905.45 171.37 1008.74
    915.46 171.37 1008.75
    925.46 171.37 1008.75
    935.47 171.37 1008.75
    945.47 171.37 1008.75
    955.48 171.36 1008.75
    965.48 171.36 1008.76
    975.49 171.36 1008.76
    985.49 171.36 1008.76
    995.50 171.36 1008.76
   1005.50 171.36 1008.77
   1015.51 171.35 1008.77
   1025.51 171.35 1008.77
   1035.52 171.35 1008.77
   1045.52 171.35 1008.78
   1055.53 171.35 1008.78
   1065.53 171.34 1008.78
   1075.54 171.34 1008.79
   1085.54 171.34 1008.79
   1095.55 171.34 1008.79
   1105.55 171.34 1008.80
   1115.56 171.33 1008.80
   1125.56 171.33 1008.80
   1135.57 171.33 1008.81
   1145.57 171.33 1008.81
   1155.58 171.32 1008.81
   1165.58 171.32 1008.82
   1175.59 171.32 1008.82
   1185.59 171.32 1008.83
   1195.60 171.32 1008.83
   1205.60 171.31 1008.84
   1215.61 171.31 1008.84
   1225.61 171.31 1008.85
   1235.62 171.31 1008.85
   1245.62 171.30 1008.85
   1255.63 171.30 1008.86
   1265.63 171.30 1008.87
   1275.64 171.30 1008.87
   1285.64 171.29 1008.88
   1295.65 171.29 1008.88
   1305.65 171.29 1008.89
   1315.66 171.29 1008.89
   1325.66 171.28 1008.90
   1335.67 171.28 1008.90
   1345.67 171.28 1008.91
   1355.68 171.28 1008.92
   1365.68 171.27 1008.92
   1375.69 171.27 1008.93
   1385.69 171.27 1008.94
   1395.70 171.27 1008.94
   1405.70 171.26 1008.95
   1415.71 171.26 1008.96
   1425.71 171.26 1008.97
   1435.72 171.26 1008.97
   1445.72 171.25 1008.98
   1455.73 171.25 1008.99
   1465.73 171.25 1009.00
   1475.74 171.24 1009.01
   1485.74 171.24 1009.01
   1495.75 171.24 1009.02
   1505.75 171.24 1009.03
   1515.76 171.23 1009.04
   1525.76 171.23 1009.05
   1535.77 171.23 1009.06
   1545.77 171.22 1009.07
   1555.78 171.22 1009.08
   1565.78 171.22 1009.09
   1575.79 171.22 1009.10
   1585.79 171.21 1009.11
   1595.80 171.21 1009.12
   1605.80 171.21 1009.13
   1615.81 171.20 1009.14
   1625.81 171.20 1009.15
   1635.82 171.20 1009.17
   1645.82 171.19 1009.18
   1655.83 171.19 1009.19
   1665.83 171.19 1009.20
   1675.84 171.18 1009.21
   1685.84 171.18 1009.23
   1695.85 171.18 1009.24
   1705.85 171.18 1009.25
   1715.86 171.17 1009.27
   1725.86 171.17 1009.28
   1735.87 171.17 1009.29
   1745.87 171.16 1009.31
   1755.88 171.16 1009.32
   1765.88 171.16 1009.34
   1775.89 171.15 1009.35
   1785.89 171.15 1009.37
   1795.90 171.15 1009.38
   1805.90 171.14 1009.40
   1815.91 171.14 1009.41
   1825.91 171.13 1009.43
   1835.92 171.13 1009.44
   1845.92 171.13 1009.46
   1855.93 171.12 1009.48
   1865.93 171.12 1009.50
   1875.94 171.12 1009.51
   1885.94 171.11 1009.53
   1895.95 171.11 1009.55
   1905.95 171.11 1009.57
   1915.96 171.10 1009.59
   1925.96 171.10 1009.61
   1935.97 171.10 1009.63
   1945.97 171.09 1009.65
   1955.98 171.09 1009.67
   1965.98 171.08 1009.69
   1975.99 171.08 1009.71
   1985.99 171.08 1009.73
   1996.00 171.07 1009.75
   2006.00 171.07 1009.77
   2016.01 171.07 1009.79
   2026.01 171.06 1009.82
   2036.02 171.06 1009.84
   2046.02 171.05 1009.86
   2056.03 171.05 1009.89
   2066.03 171.05 1009.91
   2076.04 171.04 1009.93
   2086.04 171.04 1009.96
   2096.05 171.03 1009.98
   2106.05 171.03 1010.01
   2116.06 171.03 1010.04
   2126.06 171.02 1010.06
   2136.07 171.02 1010.09
   2146.07 171.01 1010.12
   2156.08 171.01 1010.14
   2166.08 171.01 1010.17
   2176.09 171.00 1010.20
   2186.09 171.00 1010.23
   2196.10 170.99 1010.26
   2206.10 170.99 1010.29
   2216.11 170.99 1010.32
   2226.11 170.98 1010.35
   2236.12 170.98 1010.38
   2246.12 170.97 1010.41
   2256.13 170.97 1010.44
   2266.13 170.96 1010.47
   2276.14 170.96 1010.51
   2286.14 170.96 1010.54
   2296.15 170.95 1010.57
   2306.15 170.95 1010.61
   2316.16 170.94 1010.64
   2326.16 170.94 1010.68
   2336.17 170.93 1010.71
   2346.17 170.93 1010.75
   2356.18 170.93 1010.78
   2366.18 170.92 1010.82
   2376.19 170.92 1010.86
   2386.19 170.91 1010.90
   2396.20 170.91 1010.94
   2406.20 170.90 1010.97
   2416.21 170.90 1011.01
   2426.21 170.89 1011.05
   2436.22 170.89 1011.10
   2446.22 170.88 1011.14
   2456.23 170.88 1011.18
   2466.23 170.87 1011.22
   2476.24 170.87 1011.26
   2486.24 170.87 1011.31
   2496.25 170.86 1011.35
   2506.25 170.86 1011.40
   2516.26 170.85 1011.44
   2526.26 170.85 1011.49
   2536.27 170.84 1011.53
   2546.27 170.84 1011.58
   2556.28 170.83 1011.63
   2566.28 170.83 1011.68
   2576.29 170.82 1011.73
   2586.29 170.82 1011.78
   2596.30 170.81 1011.83
   2606.30 170.81 1011.88
   2616.31 170.80 1011.93
   2626.31 170.80 1011.98
   2636.32 170.79 1012.03
   2646.32 170.79 1012.09
   2656.33 170.78 1012.14
   2666.33 170.78 1012.20
   2676.34 170.77 1012.25
   2686.34 170.77 1012.31
   2696.35 170.76 1012.37
   2706.35 170.76 1012.42
   2716.36 170.75 1012.48
   2726.36 170.75 1012.54
   2736.37 170.74 1012.60
   2746.37 170.74 1012.66
   2756.38 170.73 1012.72
   2766.38 170.73 1012.78
   2776.39 170.72 1012.85
   2786.39 170.72 1012.91
   2796.40 170.71 1012.97
   2806.40 170.71 1013.04
   2816.41 170.70 1013.11
   2826.41 170.70 1013.17
   2836.42 170.69 1013.24
   2846.42 170.68 1013.31
   2856.43 170.68 1013.38
   2866.43 170.67 1013.45
   2876.44 170.67 1013.52
   2886.44 170.66 1013.59
   2896.45 170.66 1013.66
   2906.45 170.65 1013.73
   2916.46 170.65 1013.81
   2926.46 170.64 1013.88
   2936.47 170.64 1013.96
   2946.47 170.63 1014.03
   2956.48 170.62 1014.11
   2966.48 170.62 1014.19
   2976.49 170.61 1014.27
   2986.49 170.61 1014.35
   2996.50 170.60 1014.43
   3006.50 170.60 1014.51
   3016.51 170.59 1014.60
   3026.51 170.58 1014.68
   3036.52 170.58 1014.76
   3046.52 170.57 1014.85
   3056.53 170.57 1014.94
   3066.53 170.56 1015.02
   3076.54 170.56 1015.11
   3086.54 170.55 1015.20
   3096.55 170.54 1015.29
   3106.55 170.54 1015.39
   3116.56 170.53 1015.48
   3126.56 170.53 1015.57
   3136.57 170.52 1015.67
   3146.57 170.51 1015.76
   3156.58 170.51 1015.86
   3166.58 170.50 1015.96
   3176.59 170.50 1016.06
   3186.59 170.49 1016.16
   3196.60 170.48 1016.26
   3206.60 170.48 1016.36
   3216.61 170.47 1016.46
   3226.61 170.47 1016.57
   3236.62 170.46 1016.67
   3246.62 170.45 1016.78
   3256.63 170.45 1016.88
   3266.63 170.44 1016.99
   3276.64 170.44 1017.10
   3286.64 170.43 1017.21
   3296.65 170.42 1017.33
   3306.65 170.42 1017.44
   3316.66 170.41 1017.55
   3326.66 170.41 1017.67
   3336.67 170.40 1017.79
   3346.67 170.39 1017.91
   3356.68 170.39 1018.03
   3366.68 170.38 1018.15
   3376.69 170.37 1018.27
   3386.69 170.37 1018.39
   3396.70 170.36 1018.52
   3406.70 170.35 1018.64
   3416.71 170.35 1018.77
   3426.71 170.34 1018.90
   3436.72 170.34 1019.03
   3446.72 170.33 1019.16
   3456.73 170.32 1019.29
   3466.73 170.32 1019.42
   3476.74 170.31 1019.56
   3486.74 170.30 1019.69
   3496.75 170.30 1019.83
   3506.75 170.29 1019.97
   3516.76 170.28 1020.11
   3526.76 170.28 1020.25
   3536.77 170.27 1020.39
   3546.77 170.26 1020.54
   3556.78 170.26 1020.69
   3566.78 170.25 1020.83
   3576.79 170.24 1020.98
   3586.79 170.24 1021.13
   3596.80 170.23 1021.28
   3606.80 170.22 1021.44
   3616.81 170.22 1021.59
   3626.81 170.21 1021.75
   3636.82 170.20 1021.91
   3646.82 170.20 1022.06
   3656.83 170.19 1022.22
   3666.83 170.18 1022.39
   3676.84 170.17 1022.55
   3686.84 170.17 1022.72
   3696.85 170.16 1022.88
   3706.85 170.15 1023.05
   3716.86 170.15 1023.22
   3726.86 170.14 1023.39
   3736.87 170.13 1023.57
   3746.87 170.13 1023.74
   3756.88 170.12 1023.92
   3766.88 170.11 1024.10
   3776.89 170.10 1024.28
   3786.89 170.10 1024.46
   3796.90 170.09 1024.64
   3806.90 170.08 1024.83
   3816.91 170.08 1025.01
   3826.91 170.07 1025.20
   3836.92 170.06 1025.39
   3846.92 170.05 1025.58
   3856.93 170.05 1025.78
   3866.93 170.04 1025.97
   3876.94 170.03 1026.17
   3886.94 170.03 1026.37
   3896.95 170.02 1026.57
   3906.95 170.01 1026.77
   3916.96 170.00 1026.98
   3926.96 170.00 1027.18
   3936.97 169.99 1027.39
   3946.97 169.98 1027.60
   3956.98 169.97 1027.81
   3966.98 169.97 1028.03
   3976.99 169.96 1028.24
   3986.99 169.95 1028.46
   3997.00 169.94 1028.68
   4007.00 169.94 1028.90
   4017.01 169.93 1029.12
   4027.01 169.92 1029.35
   4037.02 169.91 1029.58
   4047.02 169.91 1029.81
   4057.03 169.90 1030.04
   4067.03 169.89 1030.27
   4077.04 169.88 1030.51
   4087.04 169.88 1030.74
   4097.05 169.87 1030.98
   4107.05 169.86 1031.22
   4117.06 169.85 1031.47
   4127.06 169.85 1031.71
   4137.07 169.84 1031.96
   4147.07 169.83 1032.21
   4157.08 169.82 1032.46
   4167.08 169.81 1032.72
   4177.09 169.81 1032.97
   4187.09 169.80 1033.23
   4197.10 169.79 1033.49
   4207.10 169.78 1033.75
   4217.11 169.77 1034.02
   4227.11 169.77 1034.29
   4237.12 169.76 1034.56
   4247.12 169.75 1034.83
   4257.13 169.74 1035.10
   4267.13 169.74 1035.38
   4277.14 169.73 1035.65
   4287.14 169.72 1035.94
   4297.15 169.71 1036.22
   4307.15 169.70 1036.50
   4317.16 169.70 1036.79
   4327.16 169.69 1037.08
   4337.17 169.68 1037.37
   4347.17 169.67 1037.67
   4357.18 169.66 1037.96
   4367.18 169.65 1038.26
   4377.19 169.65 1038.56
   4387.19 169.64 1038.87
   4397.20 169.63 1039.18
   4407.20 169.62 1039.48
   4417.21 169.61 1039.80
   4427.21 169.61 1040.11
   4437.22 169.60 1040.43
   4447.22 169.59 1040.74
   4457.23 169.58 1041.07
   4467.23 169.57 1041.39
   4477.24 169.56 1041.72
   4487.24 169.56 1042.04
   4497.25 169.55 1042.38
   4507.25 169.54 1042.71
   4517.26 169.53 1043.05
   4527.26 169.52 1043.38
   4537.27 169.51 1043.73
   4547.27 169.50 1044.07
   4557.28 169.50 1044.42
   4567.28 169.49 1044.77
   4577.29 169.48 1045.12
   4587.29 169.47 1045.47
   4597.30 169.46 1045.83
   4607.30 169.45 1046.19
   4617.31 169.44 1046.55
   4627.31 169.44 1046.92
   4637.32 169.43 1047.29
   4647.32 169.42 1047.66
   4657.33 169.41 1048.03
   4667.33 169.40 1048.41
   4677.34 169.39 1048.79
   4687.34 169.38 1049.17
   4697.35 169.38 1049.55
   4707.35 169.37 1049.94
   4717.36 169.36 1050.33
   4727.36 169.35 1050.72
   4737.37 169.34 1051.12
   4747.37 169.33 1051.52
   4757.38 169.32 1051.92
   4767.38 169.31 1052.32
   4777.39 169.30 1052.73
   4787.39 169.30 1053.14
   4797.40 169.29 1053.55
   4807.40 169.28 1053.97
   4817.41 169.27 1054.39
   4827.41 169.26 1054.81
   4837.42 169.25 1055.24
   4847.42 169.24 1055.66
   4857.43 169.23 1056.09
   4867.43 169.22 1056.53
   4877.44 169.21 1056.96
   4887.44 169.21 1057.40
   4897.45 169.20 1057.85
   4907.45 169.19 1058.29
   4917.46 169.18 1058.74
   4927.46 169.17 1059.19
   4937.47 169.16 1059.65
   4947.47 169.15 1060.11
   4957.48 169.14 1060.57
   4967.48 169.13 1061.03
   4977.49 169.12 1061.50
   4987.49 169.11 1061.97
   4997.50 169.10 1062.44
   5007.50 169.10 1062.92
   5017.51 169.09 1063.40
   5027.51 169.08 1063.88
   5037.52 169.07 1064.37
   5047.52 169.06 1064.86
   5057.53 169.05 1065.35
   5067.53 169.04 1065.84
   5077.54 169.03 1066.34
   5087.54 169.02 1066.84
   5097.55 169.01 1067.35
   5107.55 169.00 1067.86
   5117.56 168.99 1068.37
   5127.56 168.98 1068.88
   5137.57 168.97 1069.40
   5147.57 168.96 1069.92
   5157.58 168.95 1070.45
   5167.58 168.94 1070.98
   5177.59 168.93 1071.51
   5187.59 168.92 1072.04
   5197.60 168.91 1072.58
   5207.60 168.91 1073.12
   5217.61 168.90 1073.66
   5227.61 168.89 1074.21
   5237.62 168.88 1074.76
   5247.62 168.87 1075.32
   5257.63 168.86 1075.88
   5267.63 168.85 1076.44
   5277.64 168.84 1077.00
   5287.64 168.83 1077.57
   5297.65 168.82 1078.14
   5307.65 168.81 1078.72
   5317.66 168.80 1079.30
   5327.66 168.79 1079.88
   5337.67 168.78 1080.46
   5347.67 168.77 1081.05
   5357.68 168.76 1081.64
   5367.68 168.75 1082.24
   5377.69 168.74 1082.84
   5387.69 168.73 1083.44
   5397.70 168.72 1084.05
   5407.70 168.71 1084.65
   5417.71 168.70 1085.27
   5427.71 168.69 1085.88
   5437.72 168.68 1086.50
   5447.72 168.67 1087.13
   5457.73 168.66 1087.75
   5467.73 168.65 1088.39
   5477.74 168.64 1089.02
   5487.74 168.63 1089.66
   5497.75 168.62 1090.30
   5507.75 168.61 1090.94
   5517.76 168.60 1091.59
   5527.76 168.59 1092.24
   5537.77 168.58 1092.90
   5547.77 168.57 1093.56
   5557.78 168.56 1094.22
   5567.78 168.55 1094.89
   5577.79 168.54 1095.56
   5587.79 168.52 1096.23
   5597.80 168.51 1096.91
   5607.80 168.50 1097.59
   5617.81 168.49 1098.27
   5627.81 168.48 1098.96
   5637.82 168.47 1099.65
   5647.82 168.46 1100.34
   5657.83 168.45 1101.04
   5667.83 168.44 1101.75
   5677.84 168.43 1102.45
   5687.84 168.42 1103.16
   5697.85 168.41 1103.87
   5707.85 168.40 1104.59
   5717.86 168.39 1105.31
   5727.86 168.38 1106.04
   5737.87 168.37 1106.76
   5747.87 168.36 1107.50
   5757.88 168.35 1108.23
   5767.88 168.34 1108.97
   5777.89 168.33 1109.71
   5787.89 168.31 1110.46
   5797.90 168.30 1111.21
   5807.90 168.29 1111.96
   5817.91 168.28 1112.72
   5827.91 168.27 1113.48
   5837.92 168.26 1114.25
   5847.92 168.25 1115.02
   5857.93 168.24 1115.79
   5867.93 168.23 1116.56
   5877.94 168.22 1117.34
   5887.94 168.21 1118.13
   5897.95 168.20 1118.92
   5907.95 168.18 1119.71
   5917.96 168.17 1120.50
   5927.96 168.16 1121.30
   5937.97 168.15 1122.10
   5947.97 168.14 1122.91
   5957.98 168.13 1123.72
   5967.98 168.12 1124.53
   5977.99 168.11 1125.35
   5987.99 168.10 1126.17
   5998.00 168.09 1126.99
   6008.00 168.08 1127.82
   6018.01 168.06 1128.65
   6028.01 168.05 1129.49
   6038.02 168.04 1130.33
   6048.02 168.03 1131.17
   6058.03 168.02 1132.02
   6068.03 168.01 1132.87
   6078.04 168.00 1133.73
   6088.04 167.99 1134.59
   6098.05 167.97 1135.45
   6108.05 167.96 1136.31
   6118.06 167.95 1137.18
   6128.06 167.94 1138.06
   6138.07 167.93 1138.93
   6148.07 167.92 1139.82
   6158.08 167.91 1140.70
   6168.08 167.90 1141.59
   6178.09 167.88 1142.48
   6188.09 167.87 1143.38
   6198.10 167.86 1144.28
   6208.10 167.85 1145.18
   6218.11 167.84 1146.09
   6228.11 167.83 1147.00
   6238.12 167.82 1147.91
   6248.12 167.80 1148.83
   6258.13 167.79 1149.76
   6268.13 167.78 1150.68
   6278.14 167.77 1151.61
   6288.14 167.76 1152.55
   6298.15 167.75 1153.48
   6308.15 167.74 1154.43
   6318.16 167.72 1155.37
   6328.16 167.71 1156.32
   6338.17 167.70 1157.27
   6348.17 167.69 1158.23
   6358.18 167.68 1159.19
   6368.18 167.67 1160.15
   6378.19 167.65 1161.12
   6388.19 167.64 1162.09
   6398.20 167.63 1163.07
   6408.20 167.62 1164.05
   6418.21 167.61 1165.03
   6428.21 167.59 1166.01
   6438.22 167.58 1167.00
   6448.22 167.57 1168.00
   6458.23 167.56 1169.00
   6468.23 167.55 1170.00
   6478.24 167.54 1171.00
   6488.24 167.52 1172.01
   6498.25 167.51 1173.02
   6508.25 167.50 1174.04
   6518.26 167.49 1175.06
   6528.26 167.48 1176.08
   6538.27 167.46 1177.11
   6548.27 167.45 1178.14
   6558.28 167.44 1179.17
   6568.28 167.43 1180.21
   6578.29 167.42 1181.26
   6588.29 167.40 1182.30
   6598.30 167.39 1183.35
   6608.30 167.38 1184.40
   6618.31 167.37 1185.46
   6628.31 167.36 1186.52
   6638.32 167.34 1187.58
   6648.32 167.33 1188.65
   6658.33 167.32 1189.72
   6668.33 167.31 1190.80
   6678.34 167.29 1191.88
   6688.34 167.28 1192.96
   6698.35 167.27 1194.04
   6708.35 167.26 1195.13
   6718.36 167.25 1196.22
   6728.36 167.23 1197.32
   6738.37 167.22 1198.42
   6748.37 167.21 1199.52
   6758.38 167.20 1200.63
   6768.38 167.18 1201.74
   6778.39 167.17 1202.86
   6788.39 167.16 1203.97
   6798.40 167.15 1205.10
   6808.40 167.13 1206.22
   6818.41 167.12 1207.35
   6828.41 167.11 1208.48
   6838.42 167.10 1209.62
   6848.42 167.08 1210.76
   6858.43 167.07 1211.90
   6868.43 167.06 1213.04
   6878.44 167.05 1214.19
   6888.44 167.03 1215.35
   6898.45 167.02 1216.50
   6908.45 167.01 1217.66
   6918.46 167.00 1218.83
   6928.46 166.98 1219.99
   6938.47 166.97 1221.16
   6948.47 166.96 1222.34
   6958.48 166.95 1223.51
   6968.48 166.93 1224.69
   6978.49 166.92 1225.88
   6988.49 166.91 1227.06
   6998.50 166.89 1228.25
   7008.50 166.88 1229.45
   7018.51 166.87 1230.65
   7028.51 166.86 1231.85
   7038.52 166.84 1233.05
   7048.52 166.83 1234.26
   7058.53 166.82 1235.47
   7068.53 166.80 1236.68
   7078.54 166.79 1237.90
   7088.54 166.78 1239.12
   7098.55 166.77 1240.34
   7108.55 166.75 1241.57
   7118.56 166.74 1242.80
   7128.56 166.73 1244.03
   7138.57 166.71 1245.27
   7148.57 166.70 1246.51
   7158.58 166.69 1247.75
   7168.58 166.68 1249.00
   7178.59 166.66 1250.24
   7188.59 166.65 1251.50
   7198.60 166.64 1252.75
   7208.60 166.62 1254.01
   7218.61 166.61 1255.27
   7228.61 166.60 1256.54
   7238.62 166.58 1257.80
   7248.62 166.57 1259.08
   7258.63 166.56 1260.35
   7268.63 166.54 1261.63
   7278.64 166.53 1262.91
   7288.64 166.52 1264.19
   7298.65 166.50 1265.47
   7308.65 166.49 1266.76
   7318.66 166.48 1268.06
   7328.66 166.46 1269.35
   7338.67 166.45 1270.65
   7348.67 166.44 1271.95
   7358.68 166.42 1273.25
   7368.68 166.41 1274.56
   7378.69 166.40 1275.87
   7388.69 166.38 1277.18
   7398.70 166.37 1278.50
   7408.70 166.36 1279.82
   7418.71 166.34 1281.14
   7428.71 166.33 1282.46
   7438.72 166.32 1283.79
   7448.72 166.30 1285.12
   7458.73 166.29 1286.45
   7468.73 166.28 1287.79
   7478.74 166.26 1289.13
   7488.74 166.25 1290.47
   7498.75 166.24 1291.81
   7508.75 166.22 1293.16
   7518.76 166.21 1294.51
   7528.76 166.19 1295.86
   7538.77 166.18 1297.22
   7548.77 166.17 1298.58
   7558.78 166.15 1299.94
   7568.78 166.14 1301.30
   7578.79 166.13 1302.67
   7588.79 166.11 1304.04
   7598.80 166.10 1305.41
   7608.80 166.09 1306.78
   7618.81 166.07 1308.16
   7628.81 166.06 1309.54
   7638.82 166.04 1310.92
   7648.82 166.03 1312.31
   7658.83 166.02 1313.70
   7668.83 166.00 1315.09
   7678.84 165.99 1316.48
   7688.84 165.97 1317.87
   7698.85 165.96 1319.27
   7708.85 165.95 1320.67
   7718.86 165.93 1322.07
   7728.86 165.92 1323.48
   7738.87 165.90 1324.89
   7748.87 165.89 1326.30
   7758.88 165.88 1327.71
   7768.88 165.86 1329.12
   7778.89 165.85 1330.54
   7788.89 165.83 1331.96
   7798.90 165.82 1333.38
   7808.90 165.81 1334.81
   7818.91 165.79 1336.23
   7828.91 165.78 1337.66
   7838.92 165.76 1339.09
   7848.92 165.75 1340.53
   7858.93 165.74 1341.96
   7868.93 165.72 1343.40
   7878.94 165.71 1344.84
   7888.94 165.69 1346.28
   7898.95 165.68 1347.73
   7908.95 165.66 1349.17
   7918.96 165.65 1350.62
   7928.96 165.64 1352.07
   7938.97 165.62 1353.53
   7948.97 165.61 1354.98
   7958.98 165.59 1356.44
   7968.98 165.58 1357.90
   7978.99 165.56 1359.36
   7988.99 165.55 1360.82
   7999.00 165.54 1362.28
   8009.00 165.52 1363.75
   8019.01 165.51 1365.22
   8029.01 165.49 1366.69
   8039.02 165.48 1368.16
   8049.02 165.46 1369.64
   8059.03 165.45 1371.11
   8069.03 165.43 1372.59
   8079.04 165.42 1374.07
   8089.04 165.41 1375.55
   8099.05 165.39 1377.04
   8109.05 165.38 1378.52
   8119.06 165.36 1380.01
   8129.06 165.35 1381.50
   8139.07 165.33 1382.99
   8149.07 165.32 1384.48
   8159.08 165.30 1385.97
   8169.08 165.29 1387.47
   8179.09 165.27 1388.96
   8189.09 165.26 1390.46
   8199.10 165.24 1391.96
   8209.10 165.23 1393.47
   8219.11 165.22 1394.97
   8229.11 165.20 1396.47
   8239.12 165.19 1397.98
   8249.12 165.17 1399.49
   8259.13 165.16 1401.00
   8269.13 165.14 1402.51
   8279.14 165.13 1404.02
   8289.14 165.11 1405.53
   8299.15 165.10 1407.05
   8309.15 165.08 1408.56
   8319.16 165.07 1410.08
   8329.16 165.05 1411.60
   8339.17 165.04 1413.12
   8349.17 165.02 1414.64
   8359.18 165.01 1416.16
   8369.18 164.99 1417.69
   8379.19 164.98 1419.21
   8389.19 164.96 1420.74
   8399.20 164.95 1422.26
   8409.20 164.93 1423.79
   8419.21 164.92 1425.32
   8429.21 164.90 1426.85
   8439.22 164.89 1428.38
   8449.22 164.87 1429.91
   8459.23 164.86 1431.44
   8469.23 164.84 1432.98
   8479.24 164.83 1434.51
   8489.24 164.81 1436.05
   8499.25 164.80 1437.58
   8509.25 164.78 1439.12
   8519.26 164.77 1440.66
   8529.26 164.75 1442.20
   8539.27 164.73 1443.74
   8549.27 164.72 1445.28
   8559.28 164.70 1446.82
   8569.28 164.69 1448.36
   8579.29 164.67 1449.90
   8589.29 164.66 1451.45
   8599.30 164.64 1452.99
   8609.30 164.63 1454.53
   8619.31 164.61 1456.08
   8629.31 164.60 1457.62
   8639.32 164.58 1459.17
   8649.32 164.57 1460.72
   8659.33 164.55 1462.27
   8669.33 164.53 1463.81
   8679.34 164.52 1465.36
   8689.34 164.50 1466.91
   8699.35 164.49 1468.47
   8709.35 164.47 1470.02
   8719.36 164.46 1471.57
   8729.36 164.44 1473.13
   8739.37 164.43 1474.69
   8749.37 164.41 1476.25
   8759.38 164.39 1477.81
   8769.38 164.38 1479.38
   8779.39 164.36 1480.95
   8789.39 164.35 1482.52
   8799.40 164.33 1484.09
   8809.40 164.32 1485.66
   8819.41 164.30 1487.24
   8829.41 164.29 1488.82
   8839.42 164.27 1490.40
   8849.42 164.25 1491.99
   8859.43 164.24 1493.57
   8869.43 164.22 1495.16
   8879.44 164.21 1496.75
   8889.44 164.19 1498.35
   8899.45 164.17 1499.94
   8909.45 164.16 1501.54
   8919.46 164.14 1503.14
   8929.46 164.13 1504.74
   8939.47 164.11 1506.34
   8949.47 164.10 1507.95
   8959.48 164.08 1509.56
   8969.48 164.06 1511.17
   8979.49 164.05 1512.78
   8989.49 164.03 1514.39
   8999.50 164.02 1516.00
   9009.50 164.00 1517.62
   9019.51 163.98 1519.24
   9029.51 163.97 1520.86
   9039.52 163.95 1522.48
   9049.52 163.94 1524.10
   9059.53 163.92 1525.73
   9069.53 163.90 1527.36
   9079.54 163.89 1528.98
   9089.54 163.87 1530.61
   9099.55 163.86 1532.25
   9109.55 163.84 1533.88
   9119.56 163.82 1535.51
   9129.56 163.81 1537.15
   9139.57 163.79 1538.79
   9149.57 163.77 1540.43
   9159.58 163.76 1542.07
   9169.58 163.74 1543.71
   9179.59 163.73 1545.35
   9189.59 163.71 1546.99
   9199.60 163.69 1548.64
   9209.60 163.68 1550.28
   9219.61 163.66 1551.93
   9229.61 163.64 1553.58
   9239.62 163.63 1555.23
   9249.62 163.61 1556.88
   9259.63 163.59 1558.53
   9269.63 163.58 1560.19
   9279.64 163.56 1561.84
   9289.64 163.55 1563.49
   9299.65 163.53 1565.15
   9309.65 163.51 1566.80
   9319.66 163.50 1568.46
   9329.66 163.48 1570.12
   9339.67 163.46 1571.78
   9349.67 163.45 1573.44
   9359.68 163.43 1575.10
   9369.68 163.41 1576.76
   9379.69 163.40 1578.42
   9389.69 163.38 1580.08
   9399.70 163.36 1581.74
   9409.70 163.35 1583.41
   9419.71 163.33 1585.07
   9429.71 163.31 1586.73
   9439.72 163.30 1588.40
   9449.72 163.28 1590.06
   9459.73 163.26 1591.73
   9469.73 163.25 1593.39
   9479.74 163.23 1595.06
   9489.74 163.21 1596.72
   9499.75 163.20 1598.39
   9509.75 163.18 1600.06
   9519.76 163.16 1601.72
   9529.76 163.15 1603.39
   9539.77 163.13 1605.06
   9549.77 163.11 1606.72
   9559.78 163.10 1608.39
   9569.78 163.08 1610.05
   9579.79 163.06 1611.72
   9589.79 163.05 1613.39
   9599.80 163.03 1615.05
   9609.80 163.01 1616.72
   9619.81 163.00 1618.38
   9629.81 162.98 1620.05
   9639.82 162.96 1621.72
   9649.82 162.94 1623.38
   9659.83 162.93 1625.04
   9669.83 162.91 1626.71
   9679.84 162.89 1628.37
   9689.84 162.88 1630.04
   9699.85 162.86 1631.70
   9709.85 162.84 1633.36
   9719.86 162.82 1635.02
   9729.86 162.81 1636.68
   9739.87 162.79 1638.34
   9749.87 162.77 1640.00
   9759.88 162.76 1641.66
   9769.88 162.74 1643.32
   9779.89 162.72 1644.98
   9789.89 162.70 1646.64
   9799.90 162.69 1648.29
   9809.90 162.67 1649.95
   9819.91 162.65 1651.60
   9829.91 162.64 1653.26
   9839.92 162.62 1654.91
   9849.92 162.60 1656.56
   9859.93 162.58 1658.21
   9869.93 162.57 1659.86
   9879.94 162.55 1661.51
   9889.94 162.53 1663.16
   9899.95 162.51 1664.80
   9909.95 162.50 1666.45
   9919.96 162.48 1668.09
   9929.96 162.46 1669.74
   9939.97 162.45 1671.38
   9949.97 162.43 1673.02
   9959.98 162.41 1674.66
   9969.98 162.39 1676.29
   9979.99 162.38 1677.93
   9989.99 162.36 1679.57
  10000.00 162.34 1681.20
