 -10000.00 237.84 1681.20
  -9989.99 237.88 1679.57
  -9979.99 237.92 1677.93
  -9969.98 237.96 1676.29
  -9959.98 238.00 1674.66
  -9949.97 238.04 1673.02
  -9939.97 238.09 1671.38
  -9929.96 238.13 1669.74
  -9919.96 238.17 1668.09
  -9909.95 238.21 1666.45
  -9899.95 238.25 1664.80
  -9889.94 238.29 1663.16
  -9879.94 238.33 1661.51
  -9869.93 238.37 1659.86
  -9859.93 238.41 1658.21
  -9849.92 238.45 1656.56
  -9839.92 238.50 1654.91
  -9829.91 238.54 1653.26
  -9819.91 238.58 1651.60
  -9809.90 238.62 1649.95
  -9799.90 238.66 1648.29
  -9789.89 238.70 1646.64
  -9779.89 238.74 1644.98
  -9769.88 238.78 1643.32
  -9759.88 238.82 1641.66
  -9749.87 238.86 1640.00
  -9739.87 238.90 1638.34
  -9729.86 238.94 1636.68
  -9719.86 238.98 1635.02
  -9709.85 239.02 1633.36
  -9699.85 239.06 1631.70
  -9689.84 239.10 1630.04
  -9679.84 239.14 1628.37
  -9669.83 239.18 1626.71
  -9659.83 239.22 1625.04
  -9649.82 239.27 1623.38
  -9639.82 239.31 1621.72
  -9629.81 239.35 1620.05
  -9619.81 239.39 1618.38
  -9609.80 239.43 1616.72
  -9599.80 239.47 1615.05
  -9589.79 239.51 1613.39
  -9579.79 239.55 1611.72
  -9569.78 239.59 1610.05
  -9559.78 239.63 1608.39
  -9549.77 239.67 1606.72
  -9539.77 239.71 1605.06
  -9529.76 239.75 1603.39
  -9519.76 239.79 1601.72
  -9509.75 239.83 1600.06
  -9499.75 239.87 1598.39
  -9489.74 239.91 1596.72
  -9479.74 239.94 1595.06
  -9469.73 239.98 1593.39
  -9459.73 240.02 1591.73
  -9449.72 240.06 1590.06
  -9439.72 240.10 1588.40
  -9429.71 240.14 1586.73
  -9419.71 240.18 1585.07
  -9409.70 240.22 1583.41
  -9399.70 240.26 1581.74
  -9389.69 240.30 1580.08
  -9379.69 240.34 1578.42
  -9369.68 240.38 1576.76
  -9359.68 240.42 1575.10
  -9349.67 240.46 1573.44
  -9339.67 240.50 1571.78
  -9329.66 240.54 1570.12
  -9319.66 240.58 1568.46
  -9309.65 240.62 1566.80
  -9299.65 240.65 1565.15
  -9289.64 240.69 1563.49
  -9279.64 240.73 1561.84
  -9269.63 240.77 1560.19
  -9259.63 240.81 1558.53
  -9249.62 240.85 1556.88
  -9239.62 240.89 1555.23
  -9229.61 240.93 1553.58
  -9219.61 240.97 1551.93
  -9209.60 241.01 1550.28
  -9199.60 241.05 1548.64
  -9189.59 241.08 1546.99
  -9179.59 241.12 1545.35
  -9169.58 241.16 1543.71
  -9159.58 241.20 1542.07
  -9149.57 241.24 1540.43
  -9139.57 241.28 1538.79
  -9129.56 241.32 1537.15
  -9119.56 241.35 1535.51
  -9109.55 241.39 1533.88
  -9099.55 241.43 1532.25
  -9089.54 241.47 1530.61
  -9079.54 241.51 1528.98
  -9069.53 241.55 1527.36
  -9059.53 241.59 1525.73
  -9049.52 241.62 1524.10
  -9039.52 241.66 1522.48
  -9029.51 241.70 1520.86
  -9019.51 241.74 1519.24
  -9009.50 241.78 1517.62
  -8999.50 241.82 1516.00
  -8989.49 241.85 1514.39
  -8979.49 241.89 1512.78
  -8969.48 241.93 1511.17
  -8959.48 241.97 1509.56
  -8949.47 242.01 1507.95
  -8939.47 242.04 1506.34
  -8929.46 242.08 1504.74
  -8919.46 242.12 1503.14
  -8909.45 242.16 1501.54
  -8899.45 242.20 1499.94
  -8889.44 242.23 1498.35
  -8879.44 242.27 1496.75
  -8869.43 242.31 1495.16
  -8859.43 242.35 1493.57
  -8849.42 242.39 1491.99
  -8839.42 242.42 1490.40
  -8829.41 242.46 1488.82
  -8819.41 242.50 1487.24
  -8809.40 242.54 1485.66
  -8799.40 242.57 1484.09
  -8789.39 242.61 1482.52
  -8779.39 242.65 1480.95
  -8769.38 242.69 1479.38
  -8759.38 242.72 1477.81
  -8749.37 242.76 1476.25
  -8739.37 242.80 1474.69
  -8729.36 242.84 1473.13
  -8719.36 242.87 1471.57
  -8709.35 242.91 1470.02
  -8699.35 242.95 1468.47
  -8689.34 242.98 1466.91
  -8679.34 243.02 1465.36
  -8669.33 243.06 1463.81
  -8659.33 243.10 1462.27
  -8649.32 243.13 1460.72
  -8639.32 243.17 1459.17
  -8629.31 243.21 1457.62
  -8619.31 243.24 1456.08
  -8609.30 243.28 1454.53
  -8599.30 243.32 1452.99
  -8589.29 243.35 1451.45
  -8579.29 243.39 1449.90
  -8569.28 243.43 1448.36
  -8559.28 243.46 1446.82
  -8549.27 243.50 1445.28
  -8539.27 243.54 1443.74
  -8529.26 243.58 1442.20
  -8519.26 243.61 1440.66
  -8509.25 243.65 1439.12
  -8499.25 243.68 1437.58
  -8489.24 243.72 1436.05
  -8479.24 243.76 1434.51
  -8469.23 243.79 1432.98
  -8459.23 243.83 1431.44
  -8449.22 243.87 1429.91
  -8439.22 243.90 1428.38
  -8429.21 243.94 1426.85
  -8419.21 243.98 1425.32
  -8409.20 244.01 1423.79
  -8399.20 244.05 1422.26
  -8389.19 244.08 1420.74
  -8379.19 244.12 1419.21
  -8369.18 244.16 1417.69
  -8359.18 244.19 1416.16
  -8349.17 244.23 1414.64
  -8339.17 244.26 1413.12
  -8329.16 244.30 1411.60
  -8319.16 244.34 1410.08
  -8309.15 244.37 1408.56
  -8299.15 244.41 1407.05
  -8289.14 244.44 1405.53
  -8279.14 244.48 1404.02
  -8269.13 244.52 1402.51
  -8259.13 244.55 1401.00
  -8249.12 244.59 1399.49
  -8239.12 244.62 1397.98
  -8229.11 244.66 1396.47
  -8219.11 244.69 1394.97
  -8209.10 244.73 1393.47
  -8199.10 244.76 1391.96
  -8189.09 244.80 1390.46
  -8179.09 244.84 1388.96
  -8169.08 244.87 1387.47
  -8159.08 244.91 1385.97
  -8149.07 244.94 1384.48
  -8139.07 244.98 1382.99
  -8129.06 245.01 1381.50
  -8119.06 245.05 1380.01
  -8109.05 245.08 1378.52
  -8099.05 245.12 1377.04
  -8089.04 245.15 1375.55
  -8079.04 245.19 1374.07
  -8069.03 245.22 1372.59
  -8059.03 245.26 1371.11
  -8049.02 245.29 1369.64
  -8039.02 245.33 1368.16
  -8029.01 245.36 1366.69
  -8019.01 245.40 1365.22
  -8009.00 245.43 1363.75
  -7999.00 245.47 1362.28
  -7988.99 245.50 1360.82
  -7978.99 245.54 1359.36
  -7968.98 245.57 1357.90
  -7958.98 245.61 1356.44
  -7948.97 245.64 1354.98
  -7938.97 245.68 1353.53
  -7928.96 245.71 1352.07
  -7918.96 245.74 1350.62
  -7908.95 245.78 1349.17
  -7898.95 245.81 1347.73
  -7888.94 245.85 1346.28
  -7878.94 245.88 1344.84
  -7868.93 245.92 1343.40
  -7858.93 245.95 1341.96
  -7848.92 245.98 1340.53
  -7838.92 246.02 1339.09
  -7828.91 246.05 1337.66
  -7818.91 246.09 1336.23
  -7808.90 246.12 1334.81
  -7798.90 246.16 1333.38
  -7788.89 246.19 1331.96
  -7778.89 246.22 1330.54
  -7768.88 246.26 1329.12
  -7758.88 246.29 1327.71
  -7748.87 246.32 1326.30
  -7738.87 246.36 1324.89
  -7728.86 246.39 1323.48
  -7718.86 246.43 1322.07
  -7708.85 246.46 1320.67
  -7698.85 246.49 1319.27
  -7688.84 246.53 1317.87
  -7678.84 246.56 1316.48
  -7668.83 246.59 1315.09
  -7658.83 246.63 1313.70
  -7648.82 246.66 1312.31
  -7638.82 246.69 1310.92
  -7628.81 246.73 1309.54
  -7618.81 246.76 1308.16
  -7608.80 246.79 1306.78
  -7598.80 246.83 1305.41
  -7588.79 246.86 1304.04
  -7578.79 246.89 1302.67
  -7568.78 246.93 1301.30
  -7558.78 246.96 1299.94
  -7548.77 246.99 1298.58
  -7538.77 247.03 1297.22
  -7528.76 247.06 1295.86
  -7518.76 247.09 1294.51
  -7508.75 247.13 1293.16
  -7498.75 247.16 1291.81
  -7488.74 247.19 1290.47
  -7478.74 247.22 1289.13
  -7468.73 247.26 1287.79
  -7458.73 247.29 1286.45
  -7448.72 247.32 1285.12
  -7438.72 247.36 1283.79
  -7428.71 247.39 1282.46
  -7418.71 247.42 1281.14
  -7408.70 247.45 1279.82
  -7398.70 247.49 1278.50
  -7388.69 247.52 1277.18
  -7378.69 247.55 1275.87
  -7368.68 247.58 1274.56
  -7358.68 247.62 1273.25
  -7348.67 247.65 1271.95
  -7338.67 247.68 1270.65
  -7328.66 247.71 1269.35
  -7318.66 247.75 1268.06
  -7308.65 247.78 1266.76
  -7298.65 247.81 1265.47
  -7288.64 247.84 1264.19
  -7278.64 247.87 1262.91
  -7268.63 247.91 1261.63
  -7258.63 247.94 1260.35
  -7248.62 247.97 1259.08
  -7238.62 248.00 1257.80
  -7228.61 248.03 1256.54
  -7218.61 248.07 1255.27
  -7208.60 248.10 1254.01
  -7198.60 248.13 1252.75
  -7188.59 248.16 1251.50
  -7178.59 248.19 1250.24
  -7168.58 248.22 1249.00
  -7158.58 248.26 1247.75
  -7148.57 248.29 1246.51
  -7138.57 248.32 1245.27
  -7128.56 248.35 1244.03
  -7118.56 248.38 1242.80
  -7108.55 248.41 1241.57
  -7098.55 248.44 1240.34
  -7088.54 248.48 1239.12
  -7078.54 248.51 1237.90
  -7068.53 248.54 1236.68
  -7058.53 248.57 1235.47
  -7048.52 248.60 1234.26
  -7038.52 248.63 1233.05
  -7028.51 248.66 1231.85
  -7018.51 248.69 1230.65
  -7008.50 248.73 1229.45
  -6998.50 248.76 1228.25
  -6988.49 248.79 1227.06
  -6978.49 248.82 1225.88
  -6968.48 248.85 1224.69
  -6958.48 248.88 1223.51
  -6948.47 248.91 1222.34
  -6938.47 248.94 1221.16
  -6928.46 248.97 1219.99
  -6918.46 249.00 1218.83
  -6908.45 249.03 1217.66
  -6898.45 249.06 1216.50
  -6888.44 249.09 1215.35
  -6878.44 249.13 1214.19
  -6868.43 249.16 1213.04
  -6858.43 249.19 1211.90
  -6848.42 249.22 1210.76
  -6838.42 249.25 1209.62
  -6828.41 249.28 1208.48
  -6818.41 249.31 1207.35
  -6808.40 249.34 1206.22
  -6798.40 249.37 1205.10
  -6788.39 249.40 1203.97
  -6778.39 249.43 1202.86
  -6768.38 249.46 1201.74
  -6758.38 249.49 1200.63
  -6748.37 249.52 1199.52
  -6738.37 249.55 1198.42
  -6728.36 249.58 1197.32
  -6718.36 249.61 1196.22
  -6708.35 249.64 1195.13
  -6698.35 249.67 1194.04
  -6688.34 249.70 1192.96
  -6678.34 249.73 1191.88
  -6668.33 249.76 1190.80
  -6658.33 249.79 1189.72
  -6648.32 249.82 1188.65
  -6638.32 249.85 1187.58
  -6628.31 249.88 1186.52
  -6618.31 249.91 1185.46
  -6608.30 249.93 1184.40
  -6598.30 249.96 1183.35
  -6588.29 249.99 1182.30
  -6578.29 250.02 1181.26
  -6568.28 250.05 1180.21
  -6558.28 250.08 1179.17
  -6548.27 250.11 1178.14
  -6538.27 250.14 1177.11
  -6528.26 250.17 1176.08
  -6518.26 250.20 1175.06
  -6508.25 250.23 1174.04
  -6498.25 250.26 1173.02
  -6488.24 250.29 1172.01
  -6478.24 250.31 1171.00
  -6468.23 250.34 1170.00
  -6458.23 250.37 1169.00
  -6448.22 250.40 1168.00
  -6438.22 250.43 1167.00
  -6428.21 250.46 1166.01
  -6418.21 250.49 1165.03
  -6408.20 250.52 1164.05
  -6398.20 250.54 1163.07
  -6388.19 250.57 1162.09
  -6378.19 250.60 1161.12
  -6368.18 250.63 1160.15
  -6358.18 250.66 1159.19
  -6348.17 250.69 1158.23
  -6338.17 250.72 1157.27
  -6328.16 250.74 1156.32
  -6318.16 250.77 1155.37
  -6308.15 250.80 1154.43
  -6298.15 250.83 1153.48
  -6288.14 250.86 1152.55
  -6278.14 250.89 1151.61
  -6268.13 250.91 1150.68
  -6258.13 250.94 1149.76
  -6248.12 250.97 1148.83
  -6238.12 251.00 1147.91
  -6228.11 251.03 1147.00
  -6218.11 251.05 1146.09
  -6208.10 251.08 1145.18
  -6198.10 251.11 1144.28
  -6188.09 251.14 1143.38
  -6178.09 251.16 1142.48
  -6168.08 251.19 1141.59
  -6158.08 251.22 1140.70
  -6148.07 251.25 1139.82
  -6138.07 251.27 1138.93
  -6128.06 251.30 1138.06
  -6118.06 251.33 1137.18
  -6108.05 251.36 1136.31
  -6098.05 251.38 1135.45
  -6088.04 251.41 1134.59
  -6078.04 251.44 1133.73
  -6068.03 251.47 1132.87
  -6058.03 251.49 1132.02
  -6048.02 251.52 1131.17
  -6038.02 251.55 1130.33
  -6028.01 251.58 1129.49
  -6018.01 251.60 1128.65
  -6008.00 251.63 1127.82
  -5998.00 251.66 1126.99
  -5987.99 251.68 1126.17
  -5977.99 251.71 1125.35
  -5967.98 251.74 1124.53
  -5957.98 251.76 1123.72
  -5947.97 251.79 1122.91
  -5937.97 251.82 1122.10
  -5927.96 251.84 1121.30
  -5917.96 251.87 1120.50
  -5907.95 251.90 1119.71
  -5897.95 251.92 1118.92
  -5887.94 251.95 1118.13
  -5877.94 251.98 1117.34
  -5867.93 252.00 1116.56
  -5857.93 252.03 1115.79
  -5847.92 252.06 1115.02
  -5837.92 252.08 1114.25
  -5827.91 252.11 1113.48
  -5817.91 252.14 1112.72
  -5807.90 252.16 1111.96
  -5797.90 252.19 1111.21
  -5787.89 252.21 1110.46
  -5777.89 252.24 1109.71
  -5767.88 252.27 1108.97
  -5757.88 252.29 1108.23
  -5747.87 252.32 1107.50
  -5737.87 252.34 1106.76
  -5727.86 252.37 1106.04
  -5717.86 252.40 1105.31
  -5707.85 252.42 1104.59
  -5697.85 252.45 1103.87
  -5687.84 252.47 1103.16
  -5677.84 252.50 1102.45
  -5667.83 252.52 1101.75
  -5657.83 252.55 1101.04
  -5647.82 252.58 1100.34
  -5637.82 252.60 1099.65
  -5627.81 252.63 1098.96
  -5617.81 252.65 1098.27
  -5607.80 252.68 1097.59
  -5597.80 252.70 1096.91
  -5587.79 252.73 1096.23
  -5577.79 252.75 1095.56
  -5567.78 252.78 1094.89
  -5557.78 252.80 1094.22
  -5547.77 252.83 1093.56
  -5537.77 252.85 1092.90
  -5527.76 252.88 1092.24
  -5517.76 252.90 1091.59
  -5507.75 252.93 1090.94
  -5497.75 252.95 1090.30
  -5487.74 252.98 1089.66
  -5477.74 253.00 1089.02
  -5467.73 253.03 1088.39
  -5457.73 253.05 1087.75
  -5447.72 253.08 1087.13
  -5437.72 253.10 1086.50
  -5427.71 253.13 1085.88
  -5417.71 253.15 1085.27
  -5407.70 253.18 1084.65
  -5397.70 253.20 1084.05
  -5387.69 253.23 1083.44
  -5377.69 253.25 1082.84
  -5367.68 253.27 1082.24
  -5357.68 253.30 1081.64
  -5347.67 253.32 1081.05
  -5337.67 253.35 1080.46
  -5327.66 253.37 1079.88
  -5317.66 253.40 1079.30
  -5307.65 253.42 1078.72
  -5297.65 253.44 1078.14
  -5287.64 253.47 1077.57
  -5277.64 253.49 1077.00
  -5267.63 253.52 1076.44
  -5257.63 253.54 1075.88
  -5247.62 253.56 1075.32
  -5237.62 253.59 1074.76
  -5227.61 253.61 1074.21
  -5217.61 253.64 1073.66
  -5207.60 253.66 1073.12
  -5197.60 253.68 1072.58
  -5187.59 253.71 1072.04
  -5177.59 253.73 1071.51
  -5167.58 253.75 1070.98
  -5157.58 253.78 1070.45
  -5147.57 253.80 1069.92
  -5137.57 253.82 1069.40
  -5127.56 253.85 1068.88
  -5117.56 253.87 1068.37
  -5107.55 253.89 1067.86
  -5097.55 253.92 1067.35
  -5087.54 253.94 1066.84
  -5077.54 253.96 1066.34
  -5067.53 253.99 1065.84
  -5057.53 254.01 1065.35
  -5047.52 254.03 1064.86
  -5037.52 254.06 1064.37
  -5027.51 254.08 1063.88
  -5017.51 254.10 1063.40
  -5007.50 254.12 1062.92
  -4997.50 254.15 1062.44
  -4987.49 254.17 1061.97
  -4977.49 254.19 1061.50
  -4967.48 254.22 1061.03
  -4957.48 254.24 1060.57
  -4947.47 254.26 1060.11
  -4937.47 254.28 1059.65
  -4927.46 254.31 1059.19
  -4917.46 254.33 1058.74
  -4907.45 254.35 1058.29
  -4897.45 254.37 1057.85
  -4887.44 254.40 1057.40
  -4877.44 254.42 1056.96
  -4867.43 254.44 1056.53
  -4857.43 254.46 1056.09
  -4847.42 254.48 1055.66
  -4837.42 254.51 1055.24
  -4827.41 254.53 1054.81
  -4817.41 254.55 1054.39
  -4807.40 254.57 1053.97
  -4797.40 254.60 1053.55
  -4787.39 254.62 1053.14
  -4777.39 254.64 1052.73
  -4767.38 254.66 1052.32
  -4757.38 254.68 1051.92
  -4747.37 254.70 1051.52
  -4737.37 254.73 1051.12
  -4727.36 254.75 1050.72
  -4717.36 254.77 1050.33
  -4707.35 254.79 1049.94
  -4697.35 254.81 1049.55
  -4687.34 254.83 1049.17
  -4677.34 254.86 1048.79
  -4667.33 254.88 1048.41
  -4657.33 254.90 1048.03
  -4647.32 254.92 1047.66
  -4637.32 254.94 1047.29
  -4627.31 254.96 1046.92
  -4617.31 254.98 1046.55
  -4607.30 255.00 1046.19
  -4597.30 255.03 1045.83
  -4587.29 255.05 1045.47
  -4577.29 255.07 1045.12
  -4567.28 255.09 1044.77
  -4557.28 255.11 1044.42
  -4547.27 255.13 1044.07
  -4537.27 255.15 1043.73
  -4527.26 255.17 1043.38
  -4517.26 255.19 1043.05
  -4507.25 255.21 1042.71
  -4497.25 255.23 1042.38
  -4487.24 255.25 1042.04
  -4477.24 255.28 1041.72
  -4467.23 255.30 1041.39
  -4457.23 255.32 1041.07
  -4447.22 255.34 1040.74
  -4437.22 255.36 1040.43
  -4427.21 255.38 1040.11
  -4417.21 255.40 1039.80
  -4407.20 255.42 1039.48
  -4397.20 255.44 1039.18
  -4387.19 255.46 1038.87
  -4377.19 255.48 1038.56
  -4367.18 255.50 1038.26
  -4357.18 255.52 1037.96
  -4347.17 255.54 1037.67
  -4337.17 255.56 1037.37
  -4327.16 255.58 1037.08
  -4317.16 255.60 1036.79
  -4307.15 255.62 1036.50
  -4297.15 255.64 1036.22
  -4287.14 255.66 1035.94
  -4277.14 255.68 1035.65
  -4267.13 255.70 1035.38
  -4257.13 255.72 1035.10
  -4247.12 255.74 1034.83
  -4237.12 255.76 1034.56
  -4227.11 255.78 1034.29
  -4217.11 255.79 1034.02
  -4207.10 255.81 1033.75
  -4197.10 255.83 1033.49
  -4187.09 255.85 1033.23
  -4177.09 255.87 1032.97
  -4167.08 255.89 1032.72
  -4157.08 255.91 1032.46
  -4147.07 255.93 1032.21
  -4137.07 255.95 1031.96
  -4127.06 255.97 1031.71
  -4117.06 255.99 1031.47
  -4107.05 256.01 1031.22
  -4097.05 256.02 1030.98
  -4087.04 256.04 1030.74
  -4077.04 256.06 1030.51
  -4067.03 256.08 1030.27
  -4057.03 256.10 1030.04
  -4047.02 256.12 1029.81
  -4037.02 256.14 1029.58
  -4027.01 256.16 1029.35
  -4017.01 256.17 1029.12
  -4007.00 256.19 1028.90
  -3997.00 256.21 1028.68
  -3986.99 256.23 1028.46
  -3976.99 256.25 1028.24
  -3966.98 256.27 1028.03
  -3956.98 256.28 1027.81
  -3946.97 256.30 1027.60
  -3936.97 256.32 1027.39
  -3926.96 256.34 1027.18
  -3916.96 256.36 1026.98
  -3906.95 256.38 1026.77
  -3896.95 256.39 1026.57
  -3886.94 256.41 1026.37
  -3876.94 256.43 1026.17
  -3866.93 256.45 1025.97
  -3856.93 256.47 1025.78
  -3846.92 256.48 1025.58
  -3836.92 256.50 1025.39
  -3826.91 256.52 1025.20
  -3816.91 256.54 1025.01
  -3806.90 256.55 1024.83
  -3796.90 256.57 1024.64
  -3786.89 256.59 1024.46
  -3776.89 256.61 1024.28
  -3766.88 256.62 1024.10
  -3756.88 256.64 1023.92
  -3746.87 256.66 1023.74
  -3736.87 256.68 1023.57
  -3726.86 256.69 1023.39
  -3716.86 256.71 1023.22
  -3706.85 256.73 1023.05
  -3696.85 256.75 1022.88
  -3686.84 256.76 1022.72
  -3676.84 256.78 1022.55
  -3666.83 256.80 1022.39
  -3656.83 256.81 1022.22
  -3646.82 256.83 1022.06
  -3636.82 256.85 1021.91
  -3626.81 256.86 1021.75
  -3616.81 256.88 1021.59
  -3606.80 256.90 1021.44
  -3596.80 256.91 1021.28
  -3586.79 256.93 1021.13
  -3576.79 256.95 1020.98
  -3566.78 256.96 1020.83
  -3556.78 256.98 1020.69
  -3546.77 257.00 1020.54
  -3536.77 257.01 1020.39
  -3526.76 257.03 1020.25
  -3516.76 257.05 1020.11
  -3506.75 257.06 1019.97
  -3496.75 257.08 1019.83
  -3486.74 257.09 1019.69
  -3476.74 257.11 1019.56
  -3466.73 257.13 1019.42
  -3456.73 257.14 1019.29
  -3446.72 257.16 1019.16
  -3436.72 257.17 1019.03
  -3426.71 257.19 1018.90
  -3416.71 257.21 1018.77
  -3406.70 257.22 1018.64
  -3396.70 257.24 1018.52
  -3386.69 257.25 1018.39
  -3376.69 257.27 1018.27
  -3366.68 257.29 1018.15
  -3356.68 257.30 1018.03
  -3346.67 257.32 1017.91
  -3336.67 257.33 1017.79
  -3326.66 257.35 1017.67
  -3316.66 257.36 1017.55
  -3306.65 257.38 1017.44
  -3296.65 257.39 1017.33
  -3286.64 257.41 1017.21
  -3276.64 257.42 1017.10
  -3266.63 257.44 1016.99
  -3256.63 257.45 1016.88
  -3246.62 257.47 1016.78
  -3236.62 257.48 1016.67
  -3226.61 257.50 1016.57
  -3216.61 257.51 1016.46
  -3206.60 257.53 1016.36
  -3196.60 257.54 1016.26
  -3186.59 257.56 1016.16
  -3176.59 257.57 1016.06
  -3166.58 257.59 1015.96
  -3156.58 257.60 1015.86
  -3146.57 257.62 1015.76
  -3136.57 257.63 1015.67
  -3126.56 257.65 1015.57
  -3116.56 257.66 1015.48
  -3106.55 257.68 1015.39
  -3096.55 257.69 1015.29
  -3086.54 257.71 1015.20
  -3076.54 257.72 1015.11
  -3066.53 257.73 1015.02
  -3056.53 257.75 1014.94
  -3046.52 257.76 1014.85
  -3036.52 257.78 1014.76
  -3026.51 257.79 1014.68
  -3016.51 257.80 1014.60
  -3006.50 257.82 1014.51
  -2996.50 257.83 1014.43
  -2986.49 257.85 1014.35
  -2976.49 257.86 1014.27
  -2966.48 257.87 1014.19
  -2956.48 257.89 1014.11
  -2946.47 257.90 1014.03
  -2936.47 257.92 1013.96
  -2926.46 257.93 1013.88
  -2916.46 257.94 1013.81
  -2906.45 257.96 1013.73
  -2896.45 257.97 1013.66
  -2886.44 257.98 1013.59
  -2876.44 258.00 1013.52
  -2866.43 258.01 1013.45
  -2856.43 258.02 1013.38
  -2846.42 258.04 1013.31
  -2836.42 258.05 1013.24
  -2826.41 258.06 1013.17
  -2816.41 258.08 1013.11
  -2806.40 258.09 1013.04
  -2796.40 258.10 1012.97
  -2786.39 258.12 1012.91
  -2776.39 258.13 1012.85
  -2766.38 258.14 1012.78
  -2756.38 258.15 1012.72
  -2746.37 258.17 1012.66
  -2736.37 258.18 1012.60
  -2726.36 258.19 1012.54
  -2716.36 258.21 1012.48
  -2706.35 258.22 1012.42
  -2696.35 258.23 1012.37
  -2686.34 258.24 1012.31
  -2676.34 258.26 1012.25
  -2666.33 258.27 1012.20
  -2656.33 258.28 1012.14
  -2646.32 258.29 1012.09
  -2636.32 258.31 1012.03
  -2626.31 258.32 1011.98
  -2616.31 258.33 1011.93
  -2606.30 258.34 1011.88
  -2596.30 258.35 1011.83
  -2586.29 258.37 1011.78
  -2576.29 258.38 1011.73
  -2566.28 258.39 1011.68
  -2556.28 258.40 1011.63
  -2546.27 258.41 1011.58
  -2536.27 258.43 1011.53
  -2526.26 258.44 1011.49
  -2516.26 258.45 1011.44
  -2506.25 258.46 1011.40
  -2496.25 258.47 1011.35
  -2486.24 258.49 1011.31
  -2476.24 258.50 1011.26
  -2466.23 258.51 1011.22
  -2456.23 258.52 1011.18
  -2446.22 258.53 1011.14
  -2436.22 258.54 1011.10
  -2426.21 258.55 1011.05
  -2416.21 258.57 1011.01
  -2406.20 258.58 1010.97
  -2396.20 258.59 1010.94
  -2386.19 258.60 1010.90
  -2376.19 258.61 1010.86
  -2366.18 258.62 1010.82
  -2356.18 258.63 1010.78
  -2346.17 258.64 1010.75
  -2336.17 258.65 1010.71
  -2326.16 258.67 1010.68
  -2316.16 258.68 1010.64
  -2306.15 258.69 1010.61
  -2296.15 258.70 1010.57
  -2286.14 258.71 1010.54
  -2276.14 258.72 1010.51
  -2266.13 258.73 1010.47
  -2256.13 258.74 1010.44
  -2246.12 258.75 1010.41
  -2236.12 258.76 1010.38
  -2226.11 258.77 1010.35
  -2216.11 258.78 1010.32
  -2206.10 258.79 1010.29
  -2196.10 258.80 1010.26
  -2186.09 258.81 1010.23
  -2176.09 258.82 1010.20
  -2166.08 258.83 1010.17
  -2156.08 258.84 1010.14
  -2146.07 258.85 1010.12
  -2136.07 258.86 1010.09
  -2126.06 258.87 1010.06
  -2116.06 258.88 1010.04
  -2106.05 258.89 1010.01
  -2096.05 258.90 1009.98
  -2086.04 258.91 1009.96
  -2076.04 258.92 1009.93
  -2066.03 258.93 1009.91
  -2056.03 258.94 1009.89
  -2046.02 258.95 1009.86
  -2036.02 258.96 1009.84
  -2026.01 258.97 1009.82
  -2016.01 258.98 1009.79
  -2006.00 258.99 1009.77
  -1996.00 259.00 1009.75
  -1985.99 259.01 1009.73
  -1975.99 259.02 1009.71
  -1965.98 259.03 1009.69
  -1955.98 259.04 1009.67
  -1945.97 259.05 1009.65
  -1935.97 259.06 1009.63
  -1925.96 259.06 1009.61
  -1915.96 259.07 1009.59
  -1905.95 259.08 1009.57
  -1895.95 259.09 1009.55
  -1885.94 259.10 1009.53
  -1875.94 259.11 1009.51
  -1865.93 259.12 1009.50
  -1855.93 259.13 1009.48
  -1845.92 259.13 1009.46
  -1835.92 259.14 1009.44
  -1825.91 259.15 1009.43
  -1815.91 259.16 1009.41
  -1805.90 259.17 1009.40
  -1795.90 259.18 1009.38
  -1785.89 259.19 1009.37
  -1775.89 259.19 1009.35
  -1765.88 259.20 1009.34
  -1755.88 259.21 1009.32
  -1745.87 259.22 1009.31
  -1735.87 259.23 1009.29
  -1725.86 259.24 1009.28
  -1715.86 259.24 1009.27
  -1705.85 259.25 1009.25
  -1695.85 259.26 1009.24
  -1685.84 259.27 1009.23
  -1675.84 259.28 1009.21
  -1665.83 259.28 1009.20
  -1655.83 259.29 1009.19
  -1645.82 259.30 1009.18
  -1635.82 259.31 1009.17
  -1625.81 259.31 1009.15
  -1615.81 259.32 1009.14
  -1605.80 259.33 1009.13
  -1595.80 259.34 1009.12
  -1585.79 259.34 1009.11
  -1575.79 259.35 1009.10
  -1565.78 259.36 1009.09
  -1555.78 259.37 1009.08
  -1545.77 259.37 1009.07
  -1535.77 259.38 1009.06
  -1525.76 259.39 1009.05
  -1515.76 259.40 1009.04
  -1505.75 259.40 1009.03
  -1495.75 259.41 1009.02
  -1485.74 259.42 1009.01
  -1475.74 259.42 1009.01
  -1465.73 259.43 1009.00
  -1455.73 259.44 1008.99
  -1445.72 259.44 1008.98
  -1435.72 259.45 1008.97
  -1425.71 259.46 1008.97
  -1415.71 259.46 1008.96
  -1405.70 259.47 1008.95
  -1395.70 259.48 1008.94
  -1385.69 259.48 1008.94
  -1375.69 259.49 1008.93
  -1365.68 259.50 1008.92
  -1355.68 259.50 1008.92
  -1345.67 259.51 1008.91
  -1335.67 259.52 1008.90
  -1325.66 259.52 1008.90
  -1315.66 259.53 1008.89
  -1305.65 259.53 1008.89
  -1295.65 259.54 1008.88
  -1285.64 259.55 1008.88
  -1275.64 259.55 1008.87
  -1265.63 259.56 1008.87
  -1255.63 259.56 1008.86
  -1245.62 259.57 1008.85
  -1235.62 259.58 1008.85
  -1225.61 259.58 1008.85
  -1215.61 259.59 1008.84
  -1205.60 259.59 1008.84
  -1195.60 259.60 1008.83
  -1185.59 259.61 1008.83
  -1175.59 259.61 1008.82
  -1165.58 259.62 1008.82
  -1155.58 259.62 1008.81
  -1145.57 259.63 1008.81
  -1135.57 259.63 1008.81
  -1125.56 259.64 1008.80
  -1115.56 259.64 1008.80
  -1105.55 259.65 1008.80
  -1095.55 259.65 1008.79
  -1085.54 259.66 1008.79
  -1075.54 259.66 1008.79
  -1065.53 259.67 1008.78
  -1055.53 259.67 1008.78
  -1045.52 259.68 1008.78
  -1035.52 259.68 1008.77
  -1025.51 259.69 1008.77
  -1015.51 259.69 1008.77
  -1005.50 259.70 1008.77
   -995.50 259.70 1008.76
   -985.49 259.71 1008.76
   -975.49 259.71 1008.76
   -965.48 259.72 1008.76
   -955.48 259.72 1008.75
   -945.47 259.73 1008.75
   -935.47 259.73 1008.75
   -925.46 259.73 1008.75
   -915.46 259.74 1008.75
   -905.45 259.74 1008.74
   -895.45 259.75 1008.74
   -885.44 259.75 1008.74
   -875.44 259.76 1008.74
   -865.43 259.76 1008.74
   -855.43 259.76 1008.74
   -845.42 259.77 1008.73
   -835.42 259.77 1008.73
   -825.41 259.78 1008.73
   -815.41 259.78 1008.73
   -805.40 259.78 1008.73
   -795.40 259.79 1008.73
   -785.39 259.79 1008.73
   -775.39 259.79 1008.72
   -765.38 259.80 1008.72
   -755.38 259.80 1008.72
   -745.37 259.81 1008.72
   -735.37 259.81 1008.72
   -725.36 259.81 1008.72
   -715.36 259.82 1008.72
   -705.35 259.82 1008.72
   -695.35 259.82 1008.72
   -685.34 259.83 1008.72
   -675.34 259.83 1008.71
   -665.33 259.83 1008.71
   -655.33 259.83 1008.71
   -645.32 259.84 1008.71
   -635.32 259.84 1008.71
   -625.31 259.84 1008.71
   -615.31 259.85 1008.71
   -605.30 259.85 1008.71
   -595.30 259.85 1008.71
   -585.29 259.86 1008.71
   -575.29 259.86 1008.71
   -565.28 259.86 1008.71
   -555.28 259.86 1008.71
   -545.27 259.87 1008.71
   -535.27 259.87 1008.71
   -525.26 259.87 1008.71
   -515.26 259.87 1008.71
   -505.25 259.88 1008.71
   -495.25 259.88 1008.71
   -485.24 259.88 1008.70
   -475.24 259.88 1008.70
   -465.23 259.88 1008.70
   -455.23 259.89 1008.70
   -445.22 259.89 1008.70
   -435.22 259.89 1008.70
   -425.21 259.89 1008.70
   -415.21 259.90 1008.70
   -405.20 259.90 1008.70
   -395.20 259.90 1008.70
   -385.19 259.90 1008.70
   -375.19 259.90 1008.70
   -365.18 259.90 1008.70
   -355.18 259.91 1008.70
   -345.17 259.91 1008.70
   -335.17 259.91 1008.70
   -325.16 259.91 1008.70
   -315.16 259.91 1008.70
   -305.15 259.91 1008.70
   -295.15 259.92 1008.70
   -285.14 259.92 1008.70
   -275.14 259.92 1008.70
   -265.13 259.92 1008.70
   -255.13 259.92 1008.70
   -245.12 259.92 1008.70
   -235.12 259.92 1008.70
   -225.11 259.92 1008.70
   -215.11 259.93 1008.70
   -205.10 259.93 1008.70
   -195.10 259.93 1008.70
   -185.09 259.93 1008.70
   -175.09 259.93 1008.70
   -165.08 259.93 1008.70
   -155.08 259.93 1008.70
   -145.07 259.93 1008.70
   -135.07 259.93 1008.70
   -125.06 259.93 1008.70
   -115.06 259.93 1008.70
   -105.05 259.93 1008.70
    -95.05 259.93 1008.70
    -85.04 259.93 1008.70
    -75.04 259.93 1008.70
    -65.03 259.93 1008.70
    -55.03 259.94 1008.70
    -45.02 259.94 1008.70
    -35.02 259.94 1008.70
    -25.01 259.94 1008.70
    -15.01 259.94 1008.70
     -5.00 259.94 1008.70
      5.00 259.94 1008.70
     15.01 259.94 1008.70
     25.01 259.94 1008.70
     35.02 259.94 1008.70
     45.02 259.94 1008.70
     55.03 259.94 1008.70
     65.03 259.93 1008.70
     75.04 259.93 1008.70
     85.04 259.93 1008.70
     95.05 259.93 1008.70
    105.05 259.93 1008.70
    115.06 259.93 1008.70
    125.06 259.93 1008.70
    135.07 259.93 1008.70
    145.07 259.93 1008.70
    155.08 259.93 1008.70
    165.08 259.93 1008.70
    175.09 259.93 1008.70
    185.09 259.93 1008.70
    195.10 259.93 1008.70
    205.10 259.93 1008.70
    215.11 259.93 1008.70
    225.11 259.92 1008.70
    235.12 259.92 1008.70
    245.12 259.92 1008.70
    255.13 259.92 1008.70
    265.13 259.92 1008.70
    275.14 259.92 1008.70
    285.14 259.92 1008.70
    295.15 259.92 1008.70
    305.15 259.91 1008.70
    315.16 259.91 1008.70
    325.16 259.91 1008.70
    335.17 259.91 1008.70
    345.17 259.91 1008.70
    355.18 259.91 1008.70
    365.18 259.90 1008.70
    375.19 259.90 1008.70
    385.19 259.90 1008.70
    395.20 259.90 1008.70
    405.20 259.90 1008.70
    415.21 259.90 1008.70
    425.21 259.89 1008.70
    435.22 259.89 1008.70
    445.22 259.89 1008.70
    455.23 259.89 1008.70
    465.23 259.88 1008.70
    475.24 259.88 1008.70
    485.24 259.88 1008.70
    495.25 259.88 1008.71
    505.25 259.88 1008.71
    515.26 259.87 1008.71
    525.26 259.87 1008.71
    535.27 259.87 1008.71
    545.27 259.87 1008.71
    555.28 259.86 1008.71
    565.28 259.86 1008.71
    575.29 259.86 1008.71
    585.29 259.86 1008.71
    595.30 259.85 1008.71
    605.30 259.85 1008.71
    615.31 259.85 1008.71
    625.31 259.84 1008.71
    635.32 259.84 1008.71
    645.32 259.84 1008.71
    655.33 259.83 1008.71
    665.33 259.83 1008.71
    675.34 259.83 1008.71
    685.34 259.83 1008.72
    695.35 259.82 1008.72
    705.35 259.82 1008.72
    715.36 259.82 1008.72
    725.36 259.81 1008.72
    735.37 259.81 1008.72
    745.37 259.81 1008.72
    755.38 259.80 1008.72
    765.38 259.80 1008.72
    775.39 259.79 1008.72
    785.39 259.79 1008.73
    795.40 259.79 1008.73
    805.40 259.78 1008.73
    815.41 259.78 1008.73
    825.41 259.78 1008.73
    835.42 259.77 1008.73
    845.42 259.77 1008.73
    855.43 259.76 1008.74
    865.43 259.76 1008.74
    875.44 259.76 1008.74
    885.44 259.75 1008.74
    895.45 259.75 1008.74
    905.45 259.74 1008.74
    915.46 259.74 1008.75
    925.46 259.73 1008.75
    935.47 259.73 1008.75
    945.47 259.73 1008.75
    955.48 259.72 1008.75
    965.48 259.72 1008.76
    975.49 259.71 1008.76
    985.49 259.71 1008.76
    995.50 259.70 1008.76
   1005.50 259.70 1008.77
   1015.51 259.69 1008.77
   1025.51 259.69 1008.77
   1035.52 259.68 1008.77
   1045.52 259.68 1008.78
   1055.53 259.67 1008.78
   1065.53 259.67 1008.78
   1075.54 259.66 1008.79
   1085.54 259.66 1008.79
   1095.55 259.65 1008.79
   1105.55 259.65 1008.80
   1115.56 259.64 1008.80
   1125.56 259.64 1008.80
   1135.57 259.63 1008.81
   1145.57 259.63 1008.81
   1155.58 259.62 1008.81
   1165.58 259.62 1008.82
   1175.59 259.61 1008.82
   1185.59 259.61 1008.83
   1195.60 259.60 1008.83
   1205.60 259.59 1008.84
   1215.61 259.59 1008.84
   1225.61 259.58 1008.85
   1235.62 259.58 1008.85
   1245.62 259.57 1008.85
   1255.63 259.56 1008.86
   1265.63 259.56 1008.87
   1275.64 259.55 1008.87
   1285.64 259.55 1008.88
   1295.65 259.54 1008.88
   1305.65 259.53 1008.89
   1315.66 259.53 1008.89
   1325.66 259.52 1008.90
   1335.67 259.52 1008.90
   1345.67 259.51 1008.91
   1355.68 259.50 1008.92
   1365.68 259.50 1008.92
   1375.69 259.49 1008.93
   1385.69 259.48 1008.94
   1395.70 259.48 1008.94
   1405.70 259.47 1008.95
   1415.71 259.46 1008.96
   1425.71 259.46 1008.97
   1435.72 259.45 1008.97
   1445.72 259.44 1008.98
   1455.73 259.44 1008.99
   1465.73 259.43 1009.00
   1475.74 259.42 1009.01
   1485.74 259.42 1009.01
   1495.75 259.41 1009.02
   1505.75 259.40 1009.03
   1515.76 259.40 1009.04
   1525.76 259.39 1009.05
   1535.77 259.38 1009.06
   1545.77 259.37 1009.07
   1555.78 259.37 1009.08
   1565.78 259.36 1009.09
   1575.79 259.35 1009.10
   1585.79 259.34 1009.11
   1595.80 259.34 1009.12
   1605.80 259.33 1009.13
   1615.81 259.32 1009.14
   1625.81 259.31 1009.15
   1635.82 259.31 1009.17
   1645.82 259.30 1009.18
   1655.83 259.29 1009.19
   1665.83 259.28 1009.20
   1675.84 259.28 1009.21
   1685.84 259.27 1009.23
   1695.85 259.26 1009.24
   1705.85 259.25 1009.25
   1715.86 259.24 1009.27
   1725.86 259.24 1009.28
   1735.87 259.23 1009.29
   1745.87 259.22 1009.31
   1755.88 259.21 1009.32
   1765.88 259.20 1009.34
   1775.89 259.19 1009.35
   1785.89 259.19 1009.37
   1795.90 259.18 1009.38
   1805.90 259.17 1009.40
   1815.91 259.16 1009.41
   1825.91 259.15 1009.43
   1835.92 259.14 1009.44
   1845.92 259.13 1009.46
   1855.93 259.13 1009.48
   1865.93 259.12 1009.50
   1875.94 259.11 1009.51
   1885.94 259.10 1009.53
   1895.95 259.09 1009.55
   1905.95 259.08 1009.57
   1915.96 259.07 1009.59
   1925.96 259.06 1009.61
   1935.97 259.06 1009.63
   1945.97 259.05 1009.65
   1955.98 259.04 1009.67
   1965.98 259.03 1009.69
   1975.99 259.02 1009.71
   1985.99 259.01 1009.73
   1996.00 259.00 1009.75
   2006.00 258.99 1009.77
   2016.01 258.98 1009.79
   2026.01 258.97 1009.82
   2036.02 258.96 1009.84
   2046.02 258.95 1009.86
   2056.03 258.94 1009.89
   2066.03 258.93 1009.91
   2076.04 258.92 1009.93
   2086.04 258.91 1009.96
   2096.05 258.90 1009.98
   2106.05 258.89 1010.01
   2116.06 258.88 1010.04
   2126.06 258.87 1010.06
   2136.07 258.86 1010.09
   2146.07 258.85 1010.12
   2156.08 258.84 1010.14
   2166.08 258.83 1010.17
   2176.09 258.82 1010.20
   2186.09 258.81 1010.23
   2196.10 258.80 1010.26
   2206.10 258.79 1010.29
   2216.11 258.78 1010.32
   2226.11 258.77 1010.35
   2236.12 258.76 1010.38
   2246.12 258.75 1010.41
   2256.13 258.74 1010.44
   2266.13 258.73 1010.47
   2276.14 258.72 1010.51
   2286.14 258.71 1010.54
   2296.15 258.70 1010.57
   2306.15 258.69 1010.61
   2316.16 258.68 1010.64
   2326.16 258.67 1010.68
   2336.17 258.65 1010.71
   2346.17 258.64 1010.75
   2356.18 258.63 1010.78
   2366.18 258.62 1010.82
   2376.19 258.61 1010.86
   2386.19 258.60 1010.90
   2396.20 258.59 1010.94
   2406.20 258.58 1010.97
   2416.21 258.57 1011.01
   2426.21 258.55 1011.05
   2436.22 258.54 1011.10
   2446.22 258.53 1011.14
   2456.23 258.52 1011.18
   2466.23 258.51 1011.22
   2476.24 258.50 1011.26
   2486.24 258.49 1011.31
   2496.25 258.47 1011.35
   2506.25 258.46 1011.40
   2516.26 258.45 1011.44
   2526.26 258.44 1011.49
   2536.27 258.43 1011.53
   2546.27 258.41 1011.58
   2556.28 258.40 1011.63
   2566.28 258.39 1011.68
   2576.29 258.38 1011.73
   2586.29 258.37 1011.78
   2596.30 258.35 1011.83
   2606.30 258.34 1011.88
   2616.31 258.33 1011.93
   2626.31 258.32 1011.98
   2636.32 258.31 1012.03
   2646.32 258.29 1012.09
   2656.33 258.28 1012.14
   2666.33 258.27 1012.20
   2676.34 258.26 1012.25
   2686.34 258.24 1012.31
   2696.35 258.23 1012.37
   2706.35 258.22 1012.42
   2716.36 258.21 1012.48
   2726.36 258.19 1012.54
   2736.37 258.18 1012.60
   2746.37 258.17 1012.66
   2756.38 258.15 1012.72
   2766.38 258.14 1012.78
   2776.39 258.13 1012.85
   2786.39 258.12 1012.91
   2796.40 258.10 1012.97
   2806.40 258.09 1013.04
   2816.41 258.08 1013.11
   2826.41 258.06 1013.17
   2836.42 258.05 1013.24
   2846.42 258.04 1013.31
   2856.43 258.02 1013.38
   2866.43 258.01 1013.45
   2876.44 258.00 1013.52
   2886.44 257.98 1013.59
   2896.45 257.97 1013.66
   2906.45 257.96 1013.73
   2916.46 257.94 1013.81
   2926.46 257.93 1013.88
   2936.47 257.92 1013.96
   2946.47 257.90 1014.03
   2956.48 257.89 1014.11
   2966.48 257.87 1014.19
   2976.49 257.86 1014.27
   2986.49 257.85 1014.35
   2996.50 257.83 1014.43
   3006.50 257.82 1014.51
   3016.51 257.80 1014.60
   3026.51 257.79 1014.68
   3036.52 257.78 1014.76
   3046.52 257.76 1014.85
   3056.53 257.75 1014.94
   3066.53 257.73 1015.02
   3076.54 257.72 1015.11
   3086.54 257.71 1015.20
   3096.55 257.69 1015.29
   3106.55 257.68 1015.39
   3116.56 257.66 1015.48
   3126.56 257.65 1015.57
   3136.57 257.63 1015.67
   3146.57 257.62 1015.76
   3156.58 257.60 1015.86
   3166.58 257.59 1015.96
   3176.59 257.57 1016.06
   3186.59 257.56 1016.16
   3196.60 257.54 1016.26
   3206.60 257.53 1016.36
   3216.61 257.51 1016.46
   3226.61 257.50 1016.57
   3236.62 257.48 1016.67
   3246.62 257.47 1016.78
   3256.63 257.45 1016.88
   3266.63 257.44 1016.99
   3276.64 257.42 1017.10
   3286.64 257.41 1017.21
   3296.65 257.39 1017.33
   3306.65 257.38 1017.44
   3316.66 257.36 1017.55
   3326.66 257.35 1017.67
   3336.67 257.33 1017.79
   3346.67 257.32 1017.91
   3356.68 257.30 1018.03
   3366.68 257.29 1018.15
   3376.69 257.27 1018.27
   3386.69 257.25 1018.39
   3396.70 257.24 1018.52
   3406.70 257.22 1018.64
   3416.71 257.21 1018.77
   3426.71 257.19 1018.90
   3436.72 257.17 1019.03
   3446.72 257.16 1019.16
   3456.73 257.14 1019.29
   3466.73 257.13 1019.42
   3476.74 257.11 1019.56
   3486.74 257.09 1019.69
   3496.75 257.08 1019.83
   3506.75 257.06 1019.97
   3516.76 257.05 1020.11
   3526.76 257.03 1020.25
   3536.77 257.01 1020.39
   3546.77 257.00 1020.54
   3556.78 256.98 1020.69
   3566.78 256.96 1020.83
   3576.79 256.95 1020.98
   3586.79 256.93 1021.13
   3596.80 256.91 1021.28
   3606.80 256.90 1021.44
   3616.81 256.88 1021.59
   3626.81 256.86 1021.75
   3636.82 256.85 1021.91
   3646.82 256.83 1022.06
   3656.83 256.81 1022.22
   3666.83 256.80 1022.39
   3676.84 256.78 1022.55
   3686.84 256.76 1022.72
   3696.85 256.75 1022.88
   3706.85 256.73 1023.05
   3716.86 256.71 1023.22
   3726.86 256.69 1023.39
   3736.87 256.68 1023.57
   3746.87 256.66 1023.74
   3756.88 256.64 1023.92
   3766.88 256.62 1024.10
   3776.89 256.61 1024.28
   3786.89 256.59 1024.46
   3796.90 256.57 1024.64
   3806.90 256.55 1024.83
   3816.91 256.54 1025.01
   3826.91 256.52 1025.20
   3836.92 256.50 1025.39
   3846.92 256.48 1025.58
   3856.93 256.47 1025.78
   3866.93 256.45 1025.97
   3876.94 256.43 1026.17
   3886.94 256.41 1026.37
   3896.95 256.39 1026.57
   3906.95 256.38 1026.77
   3916.96 256.36 1026.98
   3926.96 256.34 1027.18
   3936.97 256.32 1027.39
   3946.97 256.30 1027.60
   3956.98 256.28 1027.81
   3966.98 256.27 1028.03
   3976.99 256.25 1028.24
   3986.99 256.23 1028.46
   3997.00 256.21 1028.68
   4007.00 256.19 1028.90
   4017.01 256.17 1029.12
   4027.01 256.16 1029.35
   4037.02 256.14 1029.58
   4047.02 256.12 1029.81
   4057.03 256.10 1030.04
   4067.03 256.08 1030.27
   4077.04 256.06 1030.51
   4087.04 256.04 1030.74
   4097.05 256.02 1030.98
   4107.05 256.01 1031.22
   4117.06 255.99 1031.47
   4127.06 255.97 1031.71
   4137.07 255.95 1031.96
   4147.07 255.93 1032.21
   4157.08 255.91 1032.46
   4167.08 255.89 1032.72
   4177.09 255.87 1032.97
   4187.09 255.85 1033.23
   4197.10 255.83 1033.49
   4207.10 255.81 1033.75
   4217.11 255.79 1034.02
   4227.11 255.78 1034.29
   4237.12 255.76 1034.56
   4247.12 255.74 1034.83
   4257.13 255.72 1035.10
   4267.13 255.70 1035.38
   4277.14 255.68 1035.65
   4287.14 255.66 1035.94
   4297.15 255.64 1036.22
   4307.15 255.62 1036.50
   4317.16 255.60 1036.79
   4327.16 255.58 1037.08
   4337.17 255.56 1037.37
   4347.17 255.54 1037.67
   4357.18 255.52 1037.96
   4367.18 255.50 1038.26
   4377.19 255.48 1038.56
   4387.19 255.46 1038.87
   4397.20 255.44 1039.18
   4407.20 255.42 1039.48
   4417.21 255.40 1039.80
   4427.21 255.38 1040.11
   4437.22 255.36 1040.43
   4447.22 255.34 1040.74
   4457.23 255.32 1041.07
   4467.23 255.30 1041.39
   4477.24 255.28 1041.72
   4487.24 255.25 1042.04
   4497.25 255.23 1042.38
   4507.25 255.21 1042.71
   4517.26 255.19 1043.05
   4527.26 255.17 1043.38
   4537.27 255.15 1043.73
   4547.27 255.13 1044.07
   4557.28 255.11 1044.42
   4567.28 255.09 1044.77
   4577.29 255.07 1045.12
   4587.29 255.05 1045.47
   4597.30 255.03 1045.83
   4607.30 255.00 1046.19
   4617.31 254.98 1046.55
   4627.31 254.96 1046.92
   4637.32 254.94 1047.29
   4647.32 254.92 1047.66
   4657.33 254.90 1048.03
   4667.33 254.88 1048.41
   4677.34 254.86 1048.79
   4687.34 254.83 1049.17
   4697.35 254.81 1049.55
   4707.35 254.79 1049.94
   4717.36 254.77 1050.33
   4727.36 254.75 1050.72
   4737.37 254.73 1051.12
   4747.37 254.70 1051.52
   4757.38 254.68 1051.92
   4767.38 254.66 1052.32
   4777.39 254.64 1052.73
   4787.39 254.62 1053.14
   4797.40 254.60 1053.55
   4807.40 254.57 1053.97
   4817.41 254.55 1054.39
   4827.41 254.53 1054.81
   4837.42 254.51 1055.24
   4847.42 254.48 1055.66
   4857.43 254.46 1056.09
   4867.43 254.44 1056.53
   4877.44 254.42 1056.96
   4887.44 254.40 1057.40
   4897.45 254.37 1057.85
   4907.45 254.35 1058.29
   4917.46 254.33 1058.74
   4927.46 254.31 1059.19
   4937.47 254.28 1059.65
   4947.47 254.26 1060.11
   4957.48 254.24 1060.57
   4967.48 254.22 1061.03
   4977.49 254.19 1061.50
   4987.49 254.17 1061.97
   4997.50 254.15 1062.44
   5007.50 254.12 1062.92
   5017.51 254.10 1063.40
   5027.51 254.08 1063.88
   5037.52 254.06 1064.37
   5047.52 254.03 1064.86
   5057.53 254.01 1065.35
   5067.53 253.99 1065.84
   5077.54 253.96 1066.34
   5087.54 253.94 1066.84
   5097.55 253.92 1067.35
   5107.55 253.89 1067.86
   5117.56 253.87 1068.37
   5127.56 253.85 1068.88
   5137.57 253.82 1069.40
   5147.57 253.80 1069.92
   5157.58 253.78 1070.45
   5167.58 253.75 1070.98
   5177.59 253.73 1071.51
   5187.59 253.71 1072.04
   5197.60 253.68 1072.58
   5207.60 253.66 1073.12
   5217.61 253.64 1073.66
   5227.61 253.61 1074.21
   5237.62 253.59 1074.76
   5247.62 253.56 1075.32
   5257.63 253.54 1075.88
   5267.63 253.52 1076.44
   5277.64 253.49 1077.00
   5287.64 253.47 1077.57
   5297.65 253.44 1078.14
   5307.65 253.42 1078.72
   5317.66 253.40 1079.30
   5327.66 253.37 1079.88
   5337.67 253.35 1080.46
   5347.67 253.32 1081.05
   5357.68 253.30 1081.64
   5367.68 253.27 1082.24
   5377.69 253.25 1082.84
   5387.69 253.23 1083.44
   5397.70 253.20 1084.05
   5407.70 253.18 1084.65
   5417.71 253.15 1085.27
   5427.71 253.13 1085.88
   5437.72 253.10 1086.50
   5447.72 253.08 1087.13
   5457.73 253.05 1087.75
   5467.73 253.03 1088.39
   5477.74 253.00 1089.02
   5487.74 252.98 1089.66
   5497.75 252.95 1090.30
   5507.75 252.93 1090.94
   5517.76 252.90 1091.59
   5527.76 252.88 1092.24
   5537.77 252.85 1092.90
   5547.77 252.83 1093.56
   5557.78 252.80 1094.22
   5567.78 252.78 1094.89
   5577.79 252.75 1095.56
   5587.79 252.73 1096.23
   5597.80 252.70 1096.91
   5607.80 252.68 1097.59
   5617.81 252.65 1098.27
   5627.81 252.63 1098.96
   5637.82 252.60 1099.65
   5647.82 252.58 1100.34
   5657.83 252.55 1101.04
   5667.83 252.52 1101.75
   5677.84 252.50 1102.45
   5687.84 252.47 1103.16
   5697.85 252.45 1103.87
   5707.85 252.42 1104.59
   5717.86 252.40 1105.31
   5727.86 252.37 1106.04
   5737.87 252.34 1106.76
   5747.87 252.32 1107.50
   5757.88 252.29 1108.23
   5767.88 252.27 1108.97
   5777.89 252.24 1109.71
   5787.89 252.21 1110.46
   5797.90 252.19 1111.21
   5807.90 252.16 1111.96
   5817.91 252.14 1112.72
   5827.91 252.11 1113.48
   5837.92 252.08 1114.25
   5847.92 252.06 1115.02
   5857.93 252.03 1115.79
   5867.93 252.00 1116.56
   5877.94 251.98 1117.34
   5887.94 251.95 1118.13
   5897.95 251.92 1118.92
   5907.95 251.90 1119.71
   5917.96 251.87 1120.50
   5927.96 251.84 1121.30
   5937.97 251.82 1122.10
   5947.97 251.79 1122.91
   5957.98 251.76 1123.72
   5967.98 251.74 1124.53
   5977.99 251.71 1125.35
   5987.99 251.68 1126.17
   5998.00 251.66 1126.99
   6008.00 251.63 1127.82
   6018.01 251.60 1128.65
   6028.01 251.58 1129.49
   6038.02 251.55 1130.33
   6048.02 251.52 1131.17
   6058.03 251.49 1132.02
   6068.03 251.47 1132.87
   6078.04 251.44 1133.73
   6088.04 251.41 1134.59
   6098.05 251.38 1135.45
   6108.05 251.36 1136.31
   6118.06 251.33 1137.18
   6128.06 251.30 1138.06
   6138.07 251.27 1138.93
   6148.07 251.25 1139.82
   6158.08 251.22 1140.70
   6168.08 251.19 1141.59
   6178.09 251.16 1142.48
   6188.09 251.14 1143.38
   6198.10 251.11 1144.28
   6208.10 251.08 1145.18
   6218.11 251.05 1146.09
   6228.11 251.03 1147.00
   6238.12 251.00 1147.91
   6248.12 250.97 1148.83
   6258.13 250.94 1149.76
   6268.13 250.91 1150.68
   6278.14 250.89 1151.61
   6288.14 250.86 1152.55
   6298.15 250.83 1153.48
   6308.15 250.80 1154.43
   6318.16 250.77 1155.37
   6328.16 250.74 1156.32
   6338.17 250.72 1157.27
   6348.17 250.69 1158.23
   6358.18 250.66 1159.19
   6368.18 250.63 1160.15
   6378.19 250.60 1161.12
   6388.19 250.57 1162.09
   6398.20 250.54 1163.07
   6408.20 250.52 1164.05
   6418.21 250.49 1165.03
   6428.21 250.46 1166.01
   6438.22 250.43 1167.00
   6448.22 250.40 1168.00
   6458.23 250.37 1169.00
   6468.23 250.34 1170.00
   6478.24 250.31 1171.00
   6488.24 250.29 1172.01
   6498.25 250.26 1173.02
   6508.25 250.23 1174.04
   6518.26 250.20 1175.06
   6528.26 250.17 1176.08
   6538.27 250.14 1177.11
   6548.27 250.11 1178.14
   6558.28 250.08 1179.17
   6568.28 250.05 1180.21
   6578.29 250.02 1181.26
   6588.29 249.99 1182.30
   6598.30 249.96 1183.35
   6608.30 249.93 1184.40
   6618.31 249.91 1185.46
   6628.31 249.88 1186.52
   6638.32 249.85 1187.58
   6648.32 249.82 1188.65
   6658.33 249.79 1189.72
   6668.33 249.76 1190.80
   6678.34 249.73 1191.88
   6688.34 249.70 1192.96
   6698.35 249.67 1194.04
   6708.35 249.64 1195.13
   6718.36 249.61 1196.22
   6728.36 249.58 1197.32
   6738.37 249.55 1198.42
   6748.37 249.52 1199.52
   6758.38 249.49 1200.63
   6768.38 249.46 1201.74
   6778.39 249.43 1202.86
   6788.39 249.40 1203.97
   6798.40 249.37 1205.10
   6808.40 249.34 1206.22
   6818.41 249.31 1207.35
   6828.41 249.28 1208.48
   6838.42 249.25 1209.62
   6848.42 249.22 1210.76
   6858.43 249.19 1211.90
   6868.43 249.16 1213.04
   6878.44 249.13 1214.19
   6888.44 249.09 1215.35
   6898.45 249.06 1216.50
   6908.45 249.03 1217.66
   6918.46 249.00 1218.83
   6928.46 248.97 1219.99
   6938.47 248.94 1221.16
   6948.47 248.91 1222.34
   6958.48 248.88 1223.51
   6968.48 248.85 1224.69
   6978.49 248.82 1225.88
   6988.49 248.79 1227.06
   6998.50 248.76 1228.25
   7008.50 248.73 1229.45
   7018.51 248.69 1230.65
   7028.51 248.66 1231.85
   7038.52 248.63 1233.05
   7048.52 248.60 1234.26
   7058.53 248.57 1235.47
   7068.53 248.54 1236.68
   7078.54 248.51 1237.90
   7088.54 248.48 1239.12
   7098.55 248.44 1240.34
   7108.55 248.41 1241.57
   7118.56 248.38 1242.80
   7128.56 248.35 1244.03
   7138.57 248.32 1245.27
   7148.57 248.29 1246.51
   7158.58 248.26 1247.75
   7168.58 248.22 1249.00
   7178.59 248.19 1250.24
   7188.59 248.16 1251.50
   7198.60 248.13 1252.75
   7208.60 248.10 1254.01
   7218.61 248.07 1255.27
   7228.61 248.03 1256.54
   7238.62 248.00 1257.80
   7248.62 247.97 1259.08
   7258.63 247.94 1260.35
   7268.63 247.91 1261.63
   7278.64 247.87 1262.91
   7288.64 247.84 1264.19
   7298.65 247.81 1265.47
   7308.65 247.78 1266.76
   7318.66 247.75 1268.06
   7328.66 247.71 1269.35
   7338.67 247.68 1270.65
   7348.67 247.65 1271.95
   7358.68 247.62 1273.25
   7368.68 247.58 1274.56
   7378.69 247.55 1275.87
   7388.69 247.52 1277.18
   7398.70 247.49 1278.50
   7408.70 247.45 1279.82
   7418.71 247.42 1281.14
   7428.71 247.39 1282.46
   7438.72 247.36 1283.79
   7448.72 247.32 1285.12
   7458.73 247.29 1286.45
   7468.73 247.26 1287.79
   7478.74 247.22 1289.13
   7488.74 247.19 1290.47
   7498.75 247.16 1291.81
   7508.75 247.13 1293.16
   7518.76 247.09 1294.51
   7528.76 247.06 1295.86
   7538.77 247.03 1297.22
   7548.77 246.99 1298.58
   7558.78 246.96 1299.94
   7568.78 246.93 1301.30
   7578.79 246.89 1302.67
   7588.79 246.86 1304.04
   7598.80 246.83 1305.41
   7608.80 246.79 1306.78
   7618.81 246.76 1308.16
   7628.81 246.73 1309.54
   7638.82 246.69 1310.92
   7648.82 246.66 1312.31
   7658.83 246.63 1313.70
   7668.83 246.59 1315.09
   7678.84 246.56 1316.48
   7688.84 246.53 1317.87
   7698.85 246.49 1319.27
   7708.85 246.46 1320.67
   7718.86 246.43 1322.07
   7728.86 246.39 1323.48
   7738.87 246.36 1324.89
   7748.87 246.32 1326.30
   7758.88 246.29 1327.71
   7768.88 246.26 1329.12
   7778.89 246.22 1330.54
   7788.89 246.19 1331.96
   7798.90 246.16 1333.38
   7808.90 246.12 1334.81
   7818.91 246.09 1336.23
   7828.91 246.05 1337.66
   7838.92 246.02 1339.09
   7848.92 245.98 1340.53
   7858.93 245.95 1341.96
   7868.93 245.92 1343.40
   7878.94 245.88 1344.84
   7888.94 245.85 1346.28
   7898.95 245.81 1347.73
   7908.95 245.78 1349.17
   7918.96 245.74 1350.62
   7928.96 245.71 1352.07
   7938.97 245.68 1353.53
   7948.97 245.64 1354.98
   7958.98 245.61 1356.44
   7968.98 245.57 1357.90
   7978.99 245.54 1359.36
   7988.99 245.50 1360.82
   7999.00 245.47 1362.28
   8009.00 245.43 1363.75
   8019.01 245.40 1365.22
   8029.01 245.36 1366.69
   8039.02 245.33 1368.16
   8049.02 245.29 1369.64
   8059.03 245.26 1371.11
   8069.03 245.22 1372.59
   8079.04 245.19 1374.07
   8089.04 245.15 1375.55
   8099.05 245.12 1377.04
   8109.05 245.08 1378.52
   8119.06 245.05 1380.01
   8129.06 245.01 1381.50
   8139.07 244.98 1382.99
   8149.07 244.94 1384.48
   8159.08 244.91 1385.97
   8169.08 244.87 1387.47
   8179.09 244.84 1388.96
   8189.09 244.80 1390.46
   8199.10 244.76 1391.96
   8209.10 244.73 1393.47
   8219.11 244.69 1394.97
   8229.11 244.66 1396.47
   8239.12 244.62 1397.98
   8249.12 244.59 1399.49
   8259.13 244.55 1401.00
   8269.13 244.52 1402.51
   8279.14 244.48 1404.02
   8289.14 244.44 1405.53
   8299.15 244.41 1407.05
   8309.15 244.37 1408.56
   8319.16 244.34 1410.08
   8329.16 244.30 1411.60
   8339.17 244.26 1413.12
   8349.17 244.23 1414.64
   8359.18 244.19 1416.16
   8369.18 244.16 1417.69
   8379.19 244.12 1419.21
   8389.19 244.08 1420.74
   8399.20 244.05 1422.26
   8409.20 244.01 1423.79
   8419.21 243.98 1425.32
   8429.21 243.94 1426.85
   8439.22 243.90 1428.38
   8449.22 243.87 1429.91
   8459.23 243.83 1431.44
   8469.23 243.79 1432.98
   8479.24 243.76 1434.51
   8489.24 243.72 1436.05
   8499.25 243.68 1437.58
   8509.25 243.65 1439.12
   8519.26 243.61 1440.66
   8529.26 243.58 1442.20
   8539.27 243.54 1443.74
   8549.27 243.50 1445.28
   8559.28 243.46 1446.82
   8569.28 243.43 1448.36
   8579.29 243.39 1449.90
   8589.29 243.35 1451.45
   8599.30 243.32 1452.99
   8609.30 243.28 1454.53
   8619.31 243.24 1456.08
   8629.31 243.21 1457.62
   8639.32 243.17 1459.17
   8649.32 243.13 1460.72
   8659.33 243.10 1462.27
   8669.33 243.06 1463.81
   8679.34 243.02 1465.36
   8689.34 242.98 1466.91
   8699.35 242.95 1468.47
   8709.35 242.91 1470.02
   8719.36 242.87 1471.57
   8729.36 242.84 1473.13
   8739.37 242.80 1474.69
   8749.37 242.76 1476.25
   8759.38 242.72 1477.81
   8769.38 242.69 1479.38
   8779.39 242.65 1480.95
   8789.39 242.61 1482.52
   8799.40 242.57 1484.09
   8809.40 242.54 1485.66
   8819.41 242.50 1487.24
   8829.41 242.46 1488.82
   8839.42 242.42 1490.40
   8849.42 242.39 1491.99
   8859.43 242.35 1493.57
   8869.43 242.31 1495.16
   8879.44 242.27 1496.75
   8889.44 242.23 1498.35
   8899.45 242.20 1499.94
   8909.45 242.16 1501.54
   8919.46 242.12 1503.14
   8929.46 242.08 1504.74
   8939.47 242.04 1506.34
   8949.47 242.01 1507.95
   8959.48 241.97 1509.56
   8969.48 241.93 1511.17
   8979.49 241.89 1512.78
   8989.49 241.85 1514.39
   8999.50 241.82 1516.00
   9009.50 241.78 1517.62
   9019.51 241.74 1519.24
   9029.51 241.70 1520.86
   9039.52 241.66 1522.48
   9049.52 241.62 1524.10
   9059.53 241.59 1525.73
   9069.53 241.55 1527.36
   9079.54 241.51 1528.98
   9089.54 241.47 1530.61
   9099.55 241.43 1532.25
   9109.55 241.39 1533.88
   9119.56 241.35 1535.51
   9129.56 241.32 1537.15
   9139.57 241.28 1538.79
   9149.57 241.24 1540.43
   9159.58 241.20 1542.07
   9169.58 241.16 1543.71
   9179.59 241.12 1545.35
   9189.59 241.08 1546.99
   9199.60 241.05 1548.64
   9209.60 241.01 1550.28
   9219.61 240.97 1551.93
   9229.61 240.93 1553.58
   9239.62 240.89 1555.23
   9249.62 240.85 1556.88
   9259.63 240.81 1558.53
   9269.63 240.77 1560.19
   9279.64 240.73 1561.84
   9289.64 240.69 1563.49
   9299.65 240.65 1565.15
   9309.65 240.62 1566.80
   9319.66 240.58 1568.46
   9329.66 240.54 1570.12
   9339.67 240.50 1571.78
   9349.67 240.46 1573.44
   9359.68 240.42 1575.10
   9369.68 240.38 1576.76
   9379.69 240.34 1578.42
   9389.69 240.30 1580.08
   9399.70 240.26 1581.74
   9409.70 240.22 1583.41
   9419.71 240.18 1585.07
   9429.71 240.14 1586.73
   9439.72 240.10 1588.40
   9449.72 240.06 1590.06
   9459.73 240.02 1591.73
   9469.73 239.98 1593.39
   9479.74 239.94 1595.06
   9489.74 239.91 1596.72
   9499.75 239.87 1598.39
   9509.75 239.83 1600.06
   9519.76 239.79 1601.72
   9529.76 239.75 1603.39
   9539.77 239.71 1605.06
   9549.77 239.67 1606.72
   9559.78 239.63 1608.39
   9569.78 239.59 1610.05
   9579.79 239.55 1611.72
   9589.79 239.51 1613.39
   9599.80 239.47 1615.05
   9609.80 239.43 1616.72
   9619.81 239.39 1618.38
   9629.81 239.35 1620.05
   9639.82 239.31 1621.72
   9649.82 239.27 1623.38
   9659.83 239.22 1625.04
   9669.83 239.18 1626.71
   9679.84 239.14 1628.37
   9689.84 239.10 1630.04
   9699.85 239.06 1631.70
   9709.85 239.02 1633.36
   9719.86 238.98 1635.02
   9729.86 238.94 1636.68
   9739.87 238.90 1638.34
   9749.87 238.86 1640.00
   9759.88 238.82 1641.66
   9769.88 238.78 1643.32
   9779.89 238.74 1644.98
   9789.89 238.70 1646.64
   9799.90 238.66 1648.29
   9809.90 238.62 1649.95
   9819.91 238.58 1651.60
   9829.91 238.54 1653.26
   9839.92 238.50 1654.91
   9849.92 238.45 1656.56
   9859.93 238.41 1658.21
   9869.93 238.37 1659.86
   9879.94 238.33 1661.51
   9889.94 238.29 1663.16
   9899.95 238.25 1664.80
   9909.95 238.21 1666.45
   9919.96 238.17 1668.09
   9929.96 238.13 1669.74
   9939.97 238.09 1671.38
   9949.97 238.04 1673.02
   9959.98 238.00 1674.66
   9969.98 237.96 1676.29
   9979.99 237.92 1677.93
   9989.99 237.88 1679.57
  10000.00 237.84 1681.20
