 -10000.00 192.65 1681.20
  -9989.99 192.68 1679.57
  -9979.99 192.71 1677.93
  -9969.98 192.73 1676.29
  -9959.98 192.76 1674.66
  -9949.97 192.78 1673.02
  -9939.97 192.81 1671.38
  -9929.96 192.83 1669.74
  -9919.96 192.86 1668.09
  -9909.95 192.88 1666.45
  -9899.95 192.91 1664.80
  -9889.94 192.94 1663.16
  -9879.94 192.96 1661.51
  -9869.93 192.99 1659.86
  -9859.93 193.01 1658.21
  -9849.92 193.04 1656.56
  -9839.92 193.06 1654.91
  -9829.91 193.09 1653.26
  -9819.91 193.11 1651.60
  -9809.90 193.14 1649.95
  -9799.90 193.16 1648.29
  -9789.89 193.19 1646.64
  -9779.89 193.21 1644.98
  -9769.88 193.24 1643.32
  -9759.88 193.27 1641.66
  -9749.87 193.29 1640.00
  -9739.87 193.32 1638.34
  -9729.86 193.34 1636.68
  -9719.86 193.37 1635.02
  -9709.85 193.39 1633.36
  -9699.85 193.42 1631.70
  -9689.84 193.44 1630.04
  -9679.84 193.47 1628.37
  -9669.83 193.49 1626.71
  -9659.83 193.52 1625.04
  -9649.82 193.54 1623.38
  -9639.82 193.57 1621.72
  -9629.81 193.59 1620.05
  -9619.81 193.62 1618.38
  -9609.80 193.64 1616.72
  -9599.80 193.67 1615.05
  -9589.79 193.69 1613.39
  -9579.79 193.72 1611.72
  -9569.78 193.74 1610.05
  -9559.78 193.77 1608.39
  -9549.77 193.79 1606.72
  -9539.77 193.81 1605.06
  -9529.76 193.84 1603.39
  -9519.76 193.86 1601.72
  -9509.75 193.89 1600.06
  -9499.75 193.91 1598.39
  -9489.74 193.94 1596.72
  -9479.74 193.96 1595.06
  -9469.73 193.99 1593.39
  -9459.73 194.01 1591.73
  -9449.72 194.04 1590.06
  -9439.72 194.06 1588.40
  -9429.71 194.09 1586.73
  -9419.71 194.11 1585.07
  -9409.70 194.13 1583.41
  -9399.70 194.16 1581.74
  -9389.69 194.18 1580.08
  -9379.69 194.21 1578.42
  -9369.68 194.23 1576.76
  -9359.68 194.26 1575.10
  -9349.67 194.28 1573.44
  -9339.67 194.31 1571.78
  -9329.66 194.33 1570.12
  -9319.66 194.35 1568.46
  -9309.65 194.38 1566.80
  -9299.65 194.40 1565.15
  -9289.64 194.43 1563.49
  -9279.64 194.45 1561.84
  -9269.63 194.48 1560.19
  -9259.63 194.50 1558.53
  -9249.62 194.52 1556.88
  -9239.62 194.55 1555.23
  -9229.61 194.57 1553.58
  -9219.61 194.60 1551.93
  -9209.60 194.62 1550.28
  -9199.60 194.64 1548.64
  -9189.59 194.67 1546.99
  -9179.59 194.69 1545.35
  -9169.58 194.72 1543.71
  -9159.58 194.74 1542.07
  -9149.57 194.76 1540.43
  -9139.57 194.79 1538.79
  -9129.56 194.81 1537.15
  -9119.56 194.84 1535.51
  -9109.55 194.86 1533.88
  -9099.55 194.88 1532.25
  -9089.54 194.91 1530.61
  -9079.54 194.93 1528.98
  -9069.53 194.96 1527.36
  -9059.53 194.98 1525.73
  -9049.52 195.00 1524.10
  -9039.52 195.03 1522.48
  -9029.51 195.05 1520.86
  -9019.51 195.07 1519.24
  -9009.50 195.10 1517.62
  -8999.50 195.12 1516.00
  -8989.49 195.14 1514.39
  -8979.49 195.17 1512.78
  -8969.48 195.19 1511.17
  -8959.48 195.22 1509.56
  -8949.47 195.24 1507.95
  -8939.47 195.26 1506.34
  -8929.46 195.29 1504.74
  -8919.46 195.31 1503.14
  -8909.45 195.33 1501.54
  -8899.45 195.36 1499.94
  -8889.44 195.38 1498.35
  -8879.44 195.40 1496.75
  -8869.43 195.43 1495.16
  -8859.43 195.45 1493.57
  -8849.42 195.47 1491.99
  -8839.42 195.50 1490.40
  -8829.41 195.52 1488.82
  -8819.41 195.54 1487.24
  -8809.40 195.57 1485.66
  -8799.40 195.59 1484.09
  -8789.39 195.61 1482.52
  -8779.39 195.63 1480.95
  -8769.38 195.66 1479.38
  -8759.38 195.68 1477.81
  -8749.37 195.70 1476.25
  -8739.37 195.73 1474.69
  -8729.36 195.75 1473.13
  -8719.36 195.77 1471.57
  -8709.35 195.80 1470.02
  -8699.35 195.82 1468.47
  -8689.34 195.84 1466.91
  -8679.34 195.87 1465.36
  -8669.33 195.89 1463.81
  -8659.33 195.91 1462.27
  -8649.32 195.93 1460.72
  -8639.32 195.96 1459.17
  -8629.31 195.98 1457.62
  -8619.31 196.00 1456.08
  -8609.30 196.02 1454.53
  -8599.30 196.05 1452.99
  -8589.29 196.07 1451.45
  -8579.29 196.09 1449.90
  -8569.28 196.12 1448.36
  -8559.28 196.14 1446.82
  -8549.27 196.16 1445.28
  -8539.27 196.18 1443.74
  -8529.26 196.21 1442.20
  -8519.26 196.23 1440.66
  -8509.25 196.25 1439.12
  -8499.25 196.27 1437.58
  -8489.24 196.30 1436.05
  -8479.24 196.32 1434.51
  -8469.23 196.34 1432.98
  -8459.23 196.36 1431.44
  -8449.22 196.39 1429.91
  -8439.22 196.41 1428.38
  -8429.21 196.43 1426.85
  -8419.21 196.45 1425.32
  -8409.20 196.48 1423.79
  -8399.20 196.50 1422.26
  -8389.19 196.52 1420.74
  -8379.19 196.54 1419.21
  -8369.18 196.56 1417.69
  -8359.18 196.59 1416.16
  -8349.17 196.61 1414.64
  -8339.17 196.63 1413.12
  -8329.16 196.65 1411.60
  -8319.16 196.68 1410.08
  -8309.15 196.70 1408.56
  -8299.15 196.72 1407.05
  -8289.14 196.74 1405.53
  -8279.14 196.76 1404.02
  -8269.13 196.79 1402.51
  -8259.13 196.81 1401.00
  -8249.12 196.83 1399.49
  -8239.12 196.85 1397.98
  -8229.11 196.87 1396.47
  -8219.11 196.90 1394.97
  -8209.10 196.92 1393.47
  -8199.10 196.94 1391.96
  -8189.09 196.96 1390.46
  -8179.09 196.98 1388.96
  -8169.08 197.00 1387.47
  -8159.08 197.03 1385.97
  -8149.07 197.05 1384.48
  -8139.07 197.07 1382.99
  -8129.06 197.09 1381.50
  -8119.06 197.11 1380.01
  -8109.05 197.13 1378.52
  -8099.05 197.16 1377.04
  -8089.04 197.18 1375.55
  -8079.04 197.20 1374.07
  -8069.03 197.22 1372.59
  -8059.03 197.24 1371.11
  -8049.02 197.26 1369.64
  -8039.02 197.29 1368.16
  -8029.01 197.31 1366.69
  -8019.01 197.33 1365.22
  -8009.00 197.35 1363.75
  -7999.00 197.37 1362.28
  -7988.99 197.39 1360.82
  -7978.99 197.41 1359.36
  -7968.98 197.43 1357.90
  -7958.98 197.46 1356.44
  -7948.97 197.48 1354.98
  -7938.97 197.50 1353.53
  -7928.96 197.52 1352.07
  -7918.96 197.54 1350.62
  -7908.95 197.56 1349.17
  -7898.95 197.58 1347.73
  -7888.94 197.60 1346.28
  -7878.94 197.63 1344.84
  -7868.93 197.65 1343.40
  -7858.93 197.67 1341.96
  -7848.92 197.69 1340.53
  -7838.92 197.71 1339.09
  -7828.91 197.73 1337.66
  -7818.91 197.75 1336.23
  -7808.90 197.77 1334.81
  -7798.90 197.79 1333.38
  -7788.89 197.81 1331.96
  -7778.89 197.84 1330.54
  -7768.88 197.86 1329.12
  -7758.88 197.88 1327.71
  -7748.87 197.90 1326.30
  -7738.87 197.92 1324.89
  -7728.86 197.94 1323.48
  -7718.86 197.96 1322.07
  -7708.85 197.98 1320.67
  -7698.85 198.00 1319.27
  -7688.84 198.02 1317.87
  -7678.84 198.04 1316.48
  -7668.83 198.06 1315.09
  -7658.83 198.08 1313.70
  -7648.82 198.10 1312.31
  -7638.82 198.12 1310.92
  -7628.81 198.15 1309.54
  -7618.81 198.17 1308.16
  -7608.80 198.19 1306.78
  -7598.80 198.21 1305.41
  -7588.79 198.23 1304.04
  -7578.79 198.25 1302.67
  -7568.78 198.27 1301.30
  -7558.78 198.29 1299.94
  -7548.77 198.31 1298.58
  -7538.77 198.33 1297.22
  -7528.76 198.35 1295.86
  -7518.76 198.37 1294.51
  -7508.75 198.39 1293.16
  -7498.75 198.41 1291.81
  -7488.74 198.43 1290.47
  -7478.74 198.45 1289.13
  -7468.73 198.47 1287.79
  -7458.73 198.49 1286.45
  -7448.72 198.51 1285.12
  -7438.72 198.53 1283.79
  -7428.71 198.55 1282.46
  -7418.71 198.57 1281.14
  -7408.70 198.59 1279.82
  -7398.70 198.61 1278.50
  -7388.69 198.63 1277.18
  -7378.69 198.65 1275.87
  -7368.68 198.67 1274.56
  -7358.68 198.69 1273.25
  -7348.67 198.71 1271.95
  -7338.67 198.73 1270.65
  -7328.66 198.75 1269.35
  -7318.66 198.77 1268.06
  -7308.65 198.79 1266.76
  -7298.65 198.81 1265.47
  -7288.64 198.83 1264.19
  -7278.64 198.85 1262.91
  -7268.63 198.87 1261.63
  -7258.63 198.89 1260.35
  -7248.62 198.91 1259.08
  -7238.62 198.93 1257.80
  -7228.61 198.95 1256.54
  -7218.61 198.97 1255.27
  -7208.60 198.99 1254.01
  -7198.60 199.00 1252.75
  -7188.59 199.02 1251.50
  -7178.59 199.04 1250.24
  -7168.58 199.06 1249.00
  -7158.58 199.08 1247.75
  -7148.57 199.10 1246.51
  -7138.57 199.12 1245.27
  -7128.56 199.14 1244.03
  -7118.56 199.16 1242.80
  -7108.55 199.18 1241.57
  -7098.55 199.20 1240.34
  -7088.54 199.22 1239.12
  -7078.54 199.24 1237.90
  -7068.53 199.26 1236.68
  -7058.53 199.27 1235.47
  -7048.52 199.29 1234.26
  -7038.52 199.31 1233.05
  -7028.51 199.33 1231.85
  -7018.51 199.35 1230.65
  -7008.50 199.37 1229.45
  -6998.50 199.39 1228.25
  -6988.49 199.41 1227.06
  -6978.49 199.43 1225.88
  -6968.48 199.45 1224.69
  -6958.48 199.46 1223.51
  -6948.47 199.48 1222.34
  -6938.47 199.50 1221.16
  -6928.46 199.52 1219.99
  -6918.46 199.54 1218.83
  -6908.45 199.56 1217.66
  -6898.45 199.58 1216.50
  -6888.44 199.60 1215.35
  -6878.44 199.61 1214.19
  -6868.43 199.63 1213.04
  -6858.43 199.65 1211.90
  -6848.42 199.67 1210.76
  -6838.42 199.69 1209.62
  -6828.41 199.71 1208.48
  -6818.41 199.73 1207.35
  -6808.40 199.74 1206.22
  -6798.40 199.76 1205.10
  -6788.39 199.78 1203.97
  -6778.39 199.80 1202.86
  -6768.38 199.82 1201.74
  -6758.38 199.84 1200.63
  -6748.37 199.86 1199.52
  -6738.37 199.87 1198.42
  -6728.36 199.89 1197.32
  -6718.36 199.91 1196.22
  -6708.35 199.93 1195.13
  -6698.35 199.95 1194.04
  -6688.34 199.96 1192.96
  -6678.34 199.98 1191.88
  -6668.33 200.00 1190.80
  -6658.33 200.02 1189.72
  -6648.32 200.04 1188.65
  -6638.32 200.06 1187.58
  -6628.31 200.07 1186.52
  -6618.31 200.09 1185.46
  -6608.30 200.11 1184.40
  -6598.30 200.13 1183.35
  -6588.29 200.15 1182.30
  -6578.29 200.16 1181.26
  -6568.28 200.18 1180.21
  -6558.28 200.20 1179.17
  -6548.27 200.22 1178.14
  -6538.27 200.23 1177.11
  -6528.26 200.25 1176.08
  -6518.26 200.27 1175.06
  -6508.25 200.29 1174.04
  -6498.25 200.31 1173.02
  -6488.24 200.32 1172.01
  -6478.24 200.34 1171.00
  -6468.23 200.36 1170.00
  -6458.23 200.38 1169.00
  -6448.22 200.39 1168.00
  -6438.22 200.41 1167.00
  -6428.21 200.43 1166.01
  -6418.21 200.45 1165.03
  -6408.20 200.46 1164.05
  -6398.20 200.48 1163.07
  -6388.19 200.50 1162.09
  -6378.19 200.52 1161.12
  -6368.18 200.53 1160.15
  -6358.18 200.55 1159.19
  -6348.17 200.57 1158.23
  -6338.17 200.59 1157.27
  -6328.16 200.60 1156.32
  -6318.16 200.62 1155.37
  -6308.15 200.64 1154.43
  -6298.15 200.66 1153.48
  -6288.14 200.67 1152.55
  -6278.14 200.69 1151.61
  -6268.13 200.71 1150.68
  -6258.13 200.72 1149.76
  -6248.12 200.74 1148.83
  -6238.12 200.76 1147.91
  -6228.11 200.77 1147.00
  -6218.11 200.79 1146.09
  -6208.10 200.81 1145.18
  -6198.10 200.83 1144.28
  -6188.09 200.84 1143.38
  -6178.09 200.86 1142.48
  -6168.08 200.88 1141.59
  -6158.08 200.89 1140.70
  -6148.07 200.91 1139.82
  -6138.07 200.93 1138.93
  -6128.06 200.94 1138.06
  -6118.06 200.96 1137.18
  -6108.05 200.98 1136.31
  -6098.05 200.99 1135.45
  -6088.04 201.01 1134.59
  -6078.04 201.03 1133.73
  -6068.03 201.04 1132.87
  -6058.03 201.06 1132.02
  -6048.02 201.08 1131.17
  -6038.02 201.09 1130.33
  -6028.01 201.11 1129.49
  -6018.01 201.13 1128.65
  -6008.00 201.14 1127.82
  -5998.00 201.16 1126.99
  -5987.99 201.18 1126.17
  -5977.99 201.19 1125.35
  -5967.98 201.21 1124.53
  -5957.98 201.23 1123.72
  -5947.97 201.24 1122.91
  -5937.97 201.26 1122.10
  -5927.96 201.27 1121.30
  -5917.96 201.29 1120.50
  -5907.95 201.31 1119.71
  -5897.95 201.32 1118.92
  -5887.94 201.34 1118.13
  -5877.94 201.36 1117.34
  -5867.93 201.37 1116.56
  -5857.93 201.39 1115.79
  -5847.92 201.40 1115.02
  -5837.92 201.42 1114.25
  -5827.91 201.44 1113.48
  -5817.91 201.45 1112.72
  -5807.90 201.47 1111.96
  -5797.90 201.48 1111.21
  -5787.89 201.50 1110.46
  -5777.89 201.52 1109.71
  -5767.88 201.53 1108.97
  -5757.88 201.55 1108.23
  -5747.87 201.56 1107.50
  -5737.87 201.58 1106.76
  -5727.86 201.59 1106.04
  -5717.86 201.61 1105.31
  -5707.85 201.63 1104.59
  -5697.85 201.64 1103.87
  -5687.84 201.66 1103.16
  -5677.84 201.67 1102.45
  -5667.83 201.69 1101.75
  -5657.83 201.70 1101.04
  -5647.82 201.72 1100.34
  -5637.82 201.73 1099.65
  -5627.81 201.75 1098.96
  -5617.81 201.77 1098.27
  -5607.80 201.78 1097.59
  -5597.80 201.80 1096.91
  -5587.79 201.81 1096.23
  -5577.79 201.83 1095.56
  -5567.78 201.84 1094.89
  -5557.78 201.86 1094.22
  -5547.77 201.87 1093.56
  -5537.77 201.89 1092.90
  -5527.76 201.90 1092.24
  -5517.76 201.92 1091.59
  -5507.75 201.93 1090.94
  -5497.75 201.95 1090.30
  -5487.74 201.96 1089.66
  -5477.74 201.98 1089.02
  -5467.73 201.99 1088.39
  -5457.73 202.01 1087.75
  -5447.72 202.02 1087.13
  -5437.72 202.04 1086.50
  -5427.71 202.05 1085.88
  -5417.71 202.07 1085.27
  -5407.70 202.08 1084.65
  -5397.70 202.10 1084.05
  -5387.69 202.11 1083.44
  -5377.69 202.13 1082.84
  -5367.68 202.14 1082.24
  -5357.68 202.16 1081.64
  -5347.67 202.17 1081.05
  -5337.67 202.19 1080.46
  -5327.66 202.20 1079.88
  -5317.66 202.22 1079.30
  -5307.65 202.23 1078.72
  -5297.65 202.25 1078.14
  -5287.64 202.26 1077.57
  -5277.64 202.28 1077.00
  -5267.63 202.29 1076.44
  -5257.63 202.30 1075.88
  -5247.62 202.32 1075.32
  -5237.62 202.33 1074.76
  -5227.61 202.35 1074.21
  -5217.61 202.36 1073.66
  -5207.60 202.38 1073.12
  -5197.60 202.39 1072.58
  -5187.59 202.41 1072.04
  -5177.59 202.42 1071.51
  -5167.58 202.43 1070.98
  -5157.58 202.45 1070.45
  -5147.57 202.46 1069.92
  -5137.57 202.48 1069.40
  -5127.56 202.49 1068.88
  -5117.56 202.51 1068.37
  -5107.55 202.52 1067.86
  -5097.55 202.53 1067.35
  -5087.54 202.55 1066.84
  -5077.54 202.56 1066.34
  -5067.53 202.58 1065.84
  -5057.53 202.59 1065.35
  -5047.52 202.60 1064.86
  -5037.52 202.62 1064.37
  -5027.51 202.63 1063.88
  -5017.51 202.65 1063.40
  -5007.50 202.66 1062.92
  -4997.50 202.67 1062.44
  -4987.49 202.69 1061.97
  -4977.49 202.70 1061.50
  -4967.48 202.71 1061.03
  -4957.48 202.73 1060.57
  -4947.47 202.74 1060.11
  -4937.47 202.76 1059.65
  -4927.46 202.77 1059.19
  -4917.46 202.78 1058.74
  -4907.45 202.80 1058.29
  -4897.45 202.81 1057.85
  -4887.44 202.82 1057.40
  -4877.44 202.84 1056.96
  -4867.43 202.85 1056.53
  -4857.43 202.86 1056.09
  -4847.42 202.88 1055.66
  -4837.42 202.89 1055.24
  -4827.41 202.90 1054.81
  -4817.41 202.92 1054.39
  -4807.40 202.93 1053.97
  -4797.40 202.94 1053.55
  -4787.39 202.96 1053.14
  -4777.39 202.97 1052.73
  -4767.38 202.98 1052.32
  -4757.38 203.00 1051.92
  -4747.37 203.01 1051.52
  -4737.37 203.02 1051.12
  -4727.36 203.04 1050.72
  -4717.36 203.05 1050.33
  -4707.35 203.06 1049.94
  -4697.35 203.07 1049.55
  -4687.34 203.09 1049.17
  -4677.34 203.10 1048.79
  -4667.33 203.11 1048.41
  -4657.33 203.13 1048.03
  -4647.32 203.14 1047.66
  -4637.32 203.15 1047.29
  -4627.31 203.17 1046.92
  -4617.31 203.18 1046.55
  -4607.30 203.19 1046.19
  -4597.30 203.20 1045.83
  -4587.29 203.22 1045.47
  -4577.29 203.23 1045.12
  -4567.28 203.24 1044.77
  -4557.28 203.25 1044.42
  -4547.27 203.27 1044.07
  -4537.27 203.28 1043.73
  -4527.26 203.29 1043.38
  -4517.26 203.30 1043.05
  -4507.25 203.32 1042.71
  -4497.25 203.33 1042.38
  -4487.24 203.34 1042.04
  -4477.24 203.35 1041.72
  -4467.23 203.37 1041.39
  -4457.23 203.38 1041.07
  -4447.22 203.39 1040.74
  -4437.22 203.40 1040.43
  -4427.21 203.42 1040.11
  -4417.21 203.43 1039.80
  -4407.20 203.44 1039.48
  -4397.20 203.45 1039.18
  -4387.19 203.47 1038.87
  -4377.19 203.48 1038.56
  -4367.18 203.49 1038.26
  -4357.18 203.50 1037.96
  -4347.17 203.51 1037.67
  -4337.17 203.53 1037.37
  -4327.16 203.54 1037.08
  -4317.16 203.55 1036.79
  -4307.15 203.56 1036.50
  -4297.15 203.57 1036.22
  -4287.14 203.59 1035.94
  -4277.14 203.60 1035.65
  -4267.13 203.61 1035.38
  -4257.13 203.62 1035.10
  -4247.12 203.63 1034.83
  -4237.12 203.64 1034.56
  -4227.11 203.66 1034.29
  -4217.11 203.67 1034.02
  -4207.10 203.68 1033.75
  -4197.10 203.69 1033.49
  -4187.09 203.70 1033.23
  -4177.09 203.71 1032.97
  -4167.08 203.73 1032.72
  -4157.08 203.74 1032.46
  -4147.07 203.75 1032.21
  -4137.07 203.76 1031.96
  -4127.06 203.77 1031.71
  -4117.06 203.78 1031.47
  -4107.05 203.80 1031.22
  -4097.05 203.81 1030.98
  -4087.04 203.82 1030.74
  -4077.04 203.83 1030.51
  -4067.03 203.84 1030.27
  -4057.03 203.85 1030.04
  -4047.02 203.86 1029.81
  -4037.02 203.87 1029.58
  -4027.01 203.89 1029.35
  -4017.01 203.90 1029.12
  -4007.00 203.91 1028.90
  -3997.00 203.92 1028.68
  -3986.99 203.93 1028.46
  -3976.99 203.94 1028.24
  -3966.98 203.95 1028.03
  -3956.98 203.96 1027.81
  -3946.97 203.97 1027.60
  -3936.97 203.99 1027.39
  -3926.96 204.00 1027.18
  -3916.96 204.01 1026.98
  -3906.95 204.02 1026.77
  -3896.95 204.03 1026.57
  -3886.94 204.04 1026.37
  -3876.94 204.05 1026.17
  -3866.93 204.06 1025.97
  -3856.93 204.07 1025.78
  -3846.92 204.08 1025.58
  -3836.92 204.09 1025.39
  -3826.91 204.10 1025.20
  -3816.91 204.11 1025.01
  -3806.90 204.13 1024.83
  -3796.90 204.14 1024.64
  -3786.89 204.15 1024.46
  -3776.89 204.16 1024.28
  -3766.88 204.17 1024.10
  -3756.88 204.18 1023.92
  -3746.87 204.19 1023.74
  -3736.87 204.20 1023.57
  -3726.86 204.21 1023.39
  -3716.86 204.22 1023.22
  -3706.85 204.23 1023.05
  -3696.85 204.24 1022.88
  -3686.84 204.25 1022.72
  -3676.84 204.26 1022.55
  -3666.83 204.27 1022.39
  -3656.83 204.28 1022.22
  -3646.82 204.29 1022.06
  -3636.82 204.30 1021.91
  -3626.81 204.31 1021.75
  -3616.81 204.32 1021.59
  -3606.80 204.33 1021.44
  -3596.80 204.34 1021.28
  -3586.79 204.35 1021.13
  -3576.79 204.36 1020.98
  -3566.78 204.37 1020.83
  -3556.78 204.38 1020.69
  -3546.77 204.39 1020.54
  -3536.77 204.40 1020.39
  -3526.76 204.41 1020.25
  -3516.76 204.42 1020.11
  -3506.75 204.43 1019.97
  -3496.75 204.44 1019.83
  -3486.74 204.45 1019.69
  -3476.74 204.46 1019.56
  -3466.73 204.47 1019.42
  -3456.73 204.48 1019.29
  -3446.72 204.49 1019.16
  -3436.72 204.50 1019.03
  -3426.71 204.51 1018.90
  -3416.71 204.52 1018.77
  -3406.70 204.53 1018.64
  -3396.70 204.54 1018.52
  -3386.69 204.55 1018.39
  -3376.69 204.56 1018.27
  -3366.68 204.57 1018.15
  -3356.68 204.57 1018.03
  -3346.67 204.58 1017.91
  -3336.67 204.59 1017.79
  -3326.66 204.60 1017.67
  -3316.66 204.61 1017.55
  -3306.65 204.62 1017.44
  -3296.65 204.63 1017.33
  -3286.64 204.64 1017.21
  -3276.64 204.65 1017.10
  -3266.63 204.66 1016.99
  -3256.63 204.67 1016.88
  -3246.62 204.68 1016.78
  -3236.62 204.69 1016.67
  -3226.61 204.69 1016.57
  -3216.61 204.70 1016.46
  -3206.60 204.71 1016.36
  -3196.60 204.72 1016.26
  -3186.59 204.73 1016.16
  -3176.59 204.74 1016.06
  -3166.58 204.75 1015.96
  -3156.58 204.76 1015.86
  -3146.57 204.77 1015.76
  -3136.57 204.77 1015.67
  -3126.56 204.78 1015.57
  -3116.56 204.79 1015.48
  -3106.55 204.80 1015.39
  -3096.55 204.81 1015.29
  -3086.54 204.82 1015.20
  -3076.54 204.83 1015.11
  -3066.53 204.83 1015.02
  -3056.53 204.84 1014.94
  -3046.52 204.85 1014.85
  -3036.52 204.86 1014.76
  -3026.51 204.87 1014.68
  -3016.51 204.88 1014.60
  -3006.50 204.89 1014.51
  -2996.50 204.89 1014.43
  -2986.49 204.90 1014.35
  -2976.49 204.91 1014.27
  -2966.48 204.92 1014.19
  -2956.48 204.93 1014.11
  -2946.47 204.94 1014.03
  -2936.47 204.94 1013.96
  -2926.46 204.95 1013.88
  -2916.46 204.96 1013.81
  -2906.45 204.97 1013.73
  -2896.45 204.98 1013.66
  -2886.44 204.98 1013.59
  -2876.44 204.99 1013.52
  -2866.43 205.00 1013.45
  -2856.43 205.01 1013.38
  -2846.42 205.02 1013.31
  -2836.42 205.02 1013.24
  -2826.41 205.03 1013.17
  -2816.41 205.04 1013.11
  -2806.40 205.05 1013.04
  -2796.40 205.06 1012.97
  -2786.39 205.06 1012.91
  -2776.39 205.07 1012.85
  -2766.38 205.08 1012.78
  -2756.38 205.09 1012.72
  -2746.37 205.09 1012.66
  -2736.37 205.10 1012.60
  -2726.36 205.11 1012.54
  -2716.36 205.12 1012.48
  -2706.35 205.13 1012.42
  -2696.35 205.13 1012.37
  -2686.34 205.14 1012.31
  -2676.34 205.15 1012.25
  -2666.33 205.16 1012.20
  -2656.33 205.16 1012.14
  -2646.32 205.17 1012.09
  -2636.32 205.18 1012.03
  -2626.31 205.18 1011.98
  -2616.31 205.19 1011.93
  -2606.30 205.20 1011.88
  -2596.30 205.21 1011.83
  -2586.29 205.21 1011.78
  -2576.29 205.22 1011.73
  -2566.28 205.23 1011.68
  -2556.28 205.24 1011.63
  -2546.27 205.24 1011.58
  -2536.27 205.25 1011.53
  -2526.26 205.26 1011.49
  -2516.26 205.26 1011.44
  -2506.25 205.27 1011.40
  -2496.25 205.28 1011.35
  -2486.24 205.28 1011.31
  -2476.24 205.29 1011.26
  -2466.23 205.30 1011.22
  -2456.23 205.31 1011.18
  -2446.22 205.31 1011.14
  -2436.22 205.32 1011.10
  -2426.21 205.33 1011.05
  -2416.21 205.33 1011.01
  -2406.20 205.34 1010.97
  -2396.20 205.35 1010.94
  -2386.19 205.35 1010.90
  -2376.19 205.36 1010.86
  -2366.18 205.37 1010.82
  -2356.18 205.37 1010.78
  -2346.17 205.38 1010.75
  -2336.17 205.39 1010.71
  -2326.16 205.39 1010.68
  -2316.16 205.40 1010.64
  -2306.15 205.41 1010.61
  -2296.15 205.41 1010.57
  -2286.14 205.42 1010.54
  -2276.14 205.42 1010.51
  -2266.13 205.43 1010.47
  -2256.13 205.44 1010.44
  -2246.12 205.44 1010.41
  -2236.12 205.45 1010.38
  -2226.11 205.46 1010.35
  -2216.11 205.46 1010.32
  -2206.10 205.47 1010.29
  -2196.10 205.48 1010.26
  -2186.09 205.48 1010.23
  -2176.09 205.49 1010.20
  -2166.08 205.49 1010.17
  -2156.08 205.50 1010.14
  -2146.07 205.51 1010.12
  -2136.07 205.51 1010.09
  -2126.06 205.52 1010.06
  -2116.06 205.52 1010.04
  -2106.05 205.53 1010.01
  -2096.05 205.54 1009.98
  -2086.04 205.54 1009.96
  -2076.04 205.55 1009.93
  -2066.03 205.55 1009.91
  -2056.03 205.56 1009.89
  -2046.02 205.56 1009.86
  -2036.02 205.57 1009.84
  -2026.01 205.58 1009.82
  -2016.01 205.58 1009.79
  -2006.00 205.59 1009.77
  -1996.00 205.59 1009.75
  -1985.99 205.60 1009.73
  -1975.99 205.60 1009.71
  -1965.98 205.61 1009.69
  -1955.98 205.61 1009.67
  -1945.97 205.62 1009.65
  -1935.97 205.63 1009.63
  -1925.96 205.63 1009.61
  -1915.96 205.64 1009.59
  -1905.95 205.64 1009.57
  -1895.95 205.65 1009.55
  -1885.94 205.65 1009.53
  -1875.94 205.66 1009.51
  -1865.93 205.66 1009.50
  -1855.93 205.67 1009.48
  -1845.92 205.67 1009.46
  -1835.92 205.68 1009.44
  -1825.91 205.68 1009.43
  -1815.91 205.69 1009.41
  -1805.90 205.69 1009.40
  -1795.90 205.70 1009.38
  -1785.89 205.70 1009.37
  -1775.89 205.71 1009.35
  -1765.88 205.71 1009.34
  -1755.88 205.72 1009.32
  -1745.87 205.72 1009.31
  -1735.87 205.73 1009.29
  -1725.86 205.73 1009.28
  -1715.86 205.74 1009.27
  -1705.85 205.74 1009.25
  -1695.85 205.75 1009.24
  -1685.84 205.75 1009.23
  -1675.84 205.76 1009.21
  -1665.83 205.76 1009.20
  -1655.83 205.77 1009.19
  -1645.82 205.77 1009.18
  -1635.82 205.78 1009.17
  -1625.81 205.78 1009.15
  -1615.81 205.78 1009.14
  -1605.80 205.79 1009.13
  -1595.80 205.79 1009.12
  -1585.79 205.80 1009.11
  -1575.79 205.80 1009.10
  -1565.78 205.81 1009.09
  -1555.78 205.81 1009.08
  -1545.77 205.82 1009.07
  -1535.77 205.82 1009.06
  -1525.76 205.82 1009.05
  -1515.76 205.83 1009.04
  -1505.75 205.83 1009.03
  -1495.75 205.84 1009.02
  -1485.74 205.84 1009.01
  -1475.74 205.85 1009.01
  -1465.73 205.85 1009.00
  -1455.73 205.85 1008.99
  -1445.72 205.86 1008.98
  -1435.72 205.86 1008.97
  -1425.71 205.87 1008.97
  -1415.71 205.87 1008.96
  -1405.70 205.87 1008.95
  -1395.70 205.88 1008.94
  -1385.69 205.88 1008.94
  -1375.69 205.89 1008.93
  -1365.68 205.89 1008.92
  -1355.68 205.89 1008.92
  -1345.67 205.90 1008.91
  -1335.67 205.90 1008.90
  -1325.66 205.90 1008.90
  -1315.66 205.91 1008.89
  -1305.65 205.91 1008.89
  -1295.65 205.92 1008.88
  -1285.64 205.92 1008.88
  -1275.64 205.92 1008.87
  -1265.63 205.93 1008.87
  -1255.63 205.93 1008.86
  -1245.62 205.93 1008.85
  -1235.62 205.94 1008.85
  -1225.61 205.94 1008.85
  -1215.61 205.94 1008.84
  -1205.60 205.95 1008.84
  -1195.60 205.95 1008.83
  -1185.59 205.95 1008.83
  -1175.59 205.96 1008.82
  -1165.58 205.96 1008.82
  -1155.58 205.96 1008.81
  -1145.57 205.97 1008.81
  -1135.57 205.97 1008.81
  -1125.56 205.97 1008.80
  -1115.56 205.98 1008.80
  -1105.55 205.98 1008.80
  -1095.55 205.98 1008.79
  -1085.54 205.99 1008.79
  -1075.54 205.99 1008.79
  -1065.53 205.99 1008.78
  -1055.53 205.99 1008.78
  -1045.52 206.00 1008.78
  -1035.52 206.00 1008.77
  -1025.51 206.00 1008.77
  -1015.51 206.01 1008.77
  -1005.50 206.01 1008.77
   -995.50 206.01 1008.76
   -985.49 206.01 1008.76
   -975.49 206.02 1008.76
   -965.48 206.02 1008.76
   -955.48 206.02 1008.75
   -945.47 206.03 1008.75
   -935.47 206.03 1008.75
   -925.46 206.03 1008.75
   -915.46 206.03 1008.75
   -905.45 206.04 1008.74
   -895.45 206.04 1008.74
   -885.44 206.04 1008.74
   -875.44 206.04 1008.74
   -865.43 206.05 1008.74
   -855.43 206.05 1008.74
   -845.42 206.05 1008.73
   -835.42 206.05 1008.73
   -825.41 206.06 1008.73
   -815.41 206.06 1008.73
   -805.40 206.06 1008.73
   -795.40 206.06 1008.73
   -785.39 206.06 1008.73
   -775.39 206.07 1008.72
   -765.38 206.07 1008.72
   -755.38 206.07 1008.72
   -745.37 206.07 1008.72
   -735.37 206.08 1008.72
   -725.36 206.08 1008.72
   -715.36 206.08 1008.72
   -705.35 206.08 1008.72
   -695.35 206.08 1008.72
   -685.34 206.09 1008.72
   -675.34 206.09 1008.71
   -665.33 206.09 1008.71
   -655.33 206.09 1008.71
   -645.32 206.09 1008.71
   -635.32 206.09 1008.71
   -625.31 206.10 1008.71
   -615.31 206.10 1008.71
   -605.30 206.10 1008.71
   -595.30 206.10 1008.71
   -585.29 206.10 1008.71
   -575.29 206.10 1008.71
   -565.28 206.11 1008.71
   -555.28 206.11 1008.71
   -545.27 206.11 1008.71
   -535.27 206.11 1008.71
   -525.26 206.11 1008.71
   -515.26 206.11 1008.71
   -505.25 206.12 1008.71
   -495.25 206.12 1008.71
   -485.24 206.12 1008.70
   -475.24 206.12 1008.70
   -465.23 206.12 1008.70
   -455.23 206.12 1008.70
   -445.22 206.12 1008.70
   -435.22 206.12 1008.70
   -425.21 206.13 1008.70
   -415.21 206.13 1008.70
   -405.20 206.13 1008.70
   -395.20 206.13 1008.70
   -385.19 206.13 1008.70
   -375.19 206.13 1008.70
   -365.18 206.13 1008.70
   -355.18 206.13 1008.70
   -345.17 206.13 1008.70
   -335.17 206.14 1008.70
   -325.16 206.14 1008.70
   -315.16 206.14 1008.70
   -305.15 206.14 1008.70
   -295.15 206.14 1008.70
   -285.14 206.14 1008.70
   -275.14 206.14 1008.70
   -265.13 206.14 1008.70
   -255.13 206.14 1008.70
   -245.12 206.14 1008.70
   -235.12 206.14 1008.70
   -225.11 206.14 1008.70
   -215.11 206.14 1008.70
   -205.10 206.15 1008.70
   -195.10 206.15 1008.70
   -185.09 206.15 1008.70
   -175.09 206.15 1008.70
   -165.08 206.15 1008.70
   -155.08 206.15 1008.70
   -145.07 206.15 1008.70
   -135.07 206.15 1008.70
   -125.06 206.15 1008.70
   -115.06 206.15 1008.70
   -105.05 206.15 1008.70
    -95.05 206.15 1008.70
    -85.04 206.15 1008.70
    -75.04 206.15 1008.70
    -65.03 206.15 1008.70
    -55.03 206.15 1008.70
    -45.02 206.15 1008.70
    -35.02 206.15 1008.70
    -25.01 206.15 1008.70
    -15.01 206.15 1008.70
     -5.00 206.15 1008.70
      5.00 206.15 1008.70
     15.01 206.15 1008.70
     25.01 206.15 1008.70
     35.02 206.15 1008.70
     45.02 206.15 1008.70
     55.03 206.15 1008.70
     65.03 206.15 1008.70
     75.04 206.15 1008.70
     85.04 206.15 1008.70
     95.05 206.15 1008.70
    105.05 206.15 1008.70
    115.06 206.15 1008.70
    125.06 206.15 1008.70
    135.07 206.15 1008.70
    145.07 206.15 1008.70
    155.08 206.15 1008.70
    165.08 206.15 1008.70
    175.09 206.15 1008.70
    185.09 206.15 1008.70
    195.10 206.15 1008.70
    205.10 206.15 1008.70
    215.11 206.14 1008.70
    225.11 206.14 1008.70
    235.12 206.14 1008.70
    245.12 206.14 1008.70
    255.13 206.14 1008.70
    265.13 206.14 1008.70
    275.14 206.14 1008.70
    285.14 206.14 1008.70
    295.15 206.14 1008.70
    305.15 206.14 1008.70
    315.16 206.14 1008.70
    325.16 206.14 1008.70
    335.17 206.14 1008.70
    345.17 206.13 1008.70
    355.18 206.13 1008.70
    365.18 206.13 1008.70
    375.19 206.13 1008.70
    385.19 206.13 1008.70
    395.20 206.13 1008.70
    405.20 206.13 1008.70
    415.21 206.13 1008.70
    425.21 206.13 1008.70
    435.22 206.12 1008.70
    445.22 206.12 1008.70
    455.23 206.12 1008.70
    465.23 206.12 1008.70
    475.24 206.12 1008.70
    485.24 206.12 1008.70
    495.25 206.12 1008.71
    505.25 206.12 1008.71
    515.26 206.11 1008.71
    525.26 206.11 1008.71
    535.27 206.11 1008.71
    545.27 206.11 1008.71
    555.28 206.11 1008.71
    565.28 206.11 1008.71
    575.29 206.10 1008.71
    585.29 206.10 1008.71
    595.30 206.10 1008.71
    605.30 206.10 1008.71
    615.31 206.10 1008.71
    625.31 206.10 1008.71
    635.32 206.09 1008.71
    645.32 206.09 1008.71
    655.33 206.09 1008.71
    665.33 206.09 1008.71
    675.34 206.09 1008.71
    685.34 206.09 1008.72
    695.35 206.08 1008.72
    705.35 206.08 1008.72
    715.36 206.08 1008.72
    725.36 206.08 1008.72
    735.37 206.08 1008.72
    745.37 206.07 1008.72
    755.38 206.07 1008.72
    765.38 206.07 1008.72
    775.39 206.07 1008.72
    785.39 206.06 1008.73
    795.40 206.06 1008.73
    805.40 206.06 1008.73
    815.41 206.06 1008.73
    825.41 206.06 1008.73
    835.42 206.05 1008.73
    845.42 206.05 1008.73
    855.43 206.05 1008.74
    865.43 206.05 1008.74
    875.44 206.04 1008.74
    885.44 206.04 1008.74
    895.45 206.04 1008.74
    905.45 206.04 1008.74
    915.46 206.03 1008.75
    925.46 206.03 1008.75
    935.47 206.03 1008.75
    945.47 206.03 1008.75
    955.48 206.02 1008.75
    965.48 206.02 1008.76
    975.49 206.02 1008.76
    985.49 206.01 1008.76
    995.50 206.01 1008.76
   1005.50 206.01 1008.77
   1015.51 206.01 1008.77
   1025.51 206.00 1008.77
   1035.52 206.00 1008.77
   1045.52 206.00 1008.78
   1055.53 205.99 1008.78
   1065.53 205.99 1008.78
   1075.54 205.99 1008.79
   1085.54 205.99 1008.79
   1095.55 205.98 1008.79
   1105.55 205.98 1008.80
   1115.56 205.98 1008.80
   1125.56 205.97 1008.80
   1135.57 205.97 1008.81
   1145.57 205.97 1008.81
   1155.58 205.96 1008.81
   1165.58 205.96 1008.82
   1175.59 205.96 1008.82
   1185.59 205.95 1008.83
   1195.60 205.95 1008.83
   1205.60 205.95 1008.84
   1215.61 205.94 1008.84
   1225.61 205.94 1008.85
   1235.62 205.94 1008.85
   1245.62 205.93 1008.85
   1255.63 205.93 1008.86
   1265.63 205.93 1008.87
   1275.64 205.92 1008.87
   1285.64 205.92 1008.88
   1295.65 205.92 1008.88
   1305.65 205.91 1008.89
   1315.66 205.91 1008.89
   1325.66 205.90 1008.90
   1335.67 205.90 1008.90
   1345.67 205.90 1008.91
   1355.68 205.89 1008.92
   1365.68 205.89 1008.92
   1375.69 205.89 1008.93
   1385.69 205.88 1008.94
   1395.70 205.88 1008.94
   1405.70 205.87 1008.95
   1415.71 205.87 1008.96
   1425.71 205.87 1008.97
   1435.72 205.86 1008.97
   1445.72 205.86 1008.98
   1455.73 205.85 1008.99
   1465.73 205.85 1009.00
   1475.74 205.85 1009.01
   1485.74 205.84 1009.01
   1495.75 205.84 1009.02
   1505.75 205.83 1009.03
   1515.76 205.83 1009.04
   1525.76 205.82 1009.05
   1535.77 205.82 1009.06
   1545.77 205.82 1009.07
   1555.78 205.81 1009.08
   1565.78 205.81 1009.09
   1575.79 205.80 1009.10
   1585.79 205.80 1009.11
   1595.80 205.79 1009.12
   1605.80 205.79 1009.13
   1615.81 205.78 1009.14
   1625.81 205.78 1009.15
   1635.82 205.78 1009.17
   1645.82 205.77 1009.18
   1655.83 205.77 1009.19
   1665.83 205.76 1009.20
   1675.84 205.76 1009.21
   1685.84 205.75 1009.23
   1695.85 205.75 1009.24
   1705.85 205.74 1009.25
   1715.86 205.74 1009.27
   1725.86 205.73 1009.28
   1735.87 205.73 1009.29
   1745.87 205.72 1009.31
   1755.88 205.72 1009.32
   1765.88 205.71 1009.34
   1775.89 205.71 1009.35
   1785.89 205.70 1009.37
   1795.90 205.70 1009.38
   1805.90 205.69 1009.40
   1815.91 205.69 1009.41
   1825.91 205.68 1009.43
   1835.92 205.68 1009.44
   1845.92 205.67 1009.46
   1855.93 205.67 1009.48
   1865.93 205.66 1009.50
   1875.94 205.66 1009.51
   1885.94 205.65 1009.53
   1895.95 205.65 1009.55
   1905.95 205.64 1009.57
   1915.96 205.64 1009.59
   1925.96 205.63 1009.61
   1935.97 205.63 1009.63
   1945.97 205.62 1009.65
   1955.98 205.61 1009.67
   1965.98 205.61 1009.69
   1975.99 205.60 1009.71
   1985.99 205.60 1009.73
   1996.00 205.59 1009.75
   2006.00 205.59 1009.77
   2016.01 205.58 1009.79
   2026.01 205.58 1009.82
   2036.02 205.57 1009.84
   2046.02 205.56 1009.86
   2056.03 205.56 1009.89
   2066.03 205.55 1009.91
   2076.04 205.55 1009.93
   2086.04 205.54 1009.96
   2096.05 205.54 1009.98
   2106.05 205.53 1010.01
   2116.06 205.52 1010.04
   2126.06 205.52 1010.06
   2136.07 205.51 1010.09
   2146.07 205.51 1010.12
   2156.08 205.50 1010.14
   2166.08 205.49 1010.17
   2176.09 205.49 1010.20
   2186.09 205.48 1010.23
   2196.10 205.48 1010.26
   2206.10 205.47 1010.29
   2216.11 205.46 1010.32
   2226.11 205.46 1010.35
   2236.12 205.45 1010.38
   2246.12 205.44 1010.41
   2256.13 205.44 1010.44
   2266.13 205.43 1010.47
   2276.14 205.42 1010.51
   2286.14 205.42 1010.54
   2296.15 205.41 1010.57
   2306.15 205.41 1010.61
   2316.16 205.40 1010.64
   2326.16 205.39 1010.68
   2336.17 205.39 1010.71
   2346.17 205.38 1010.75
   2356.18 205.37 1010.78
   2366.18 205.37 1010.82
   2376.19 205.36 1010.86
   2386.19 205.35 1010.90
   2396.20 205.35 1010.94
   2406.20 205.34 1010.97
   2416.21 205.33 1011.01
   2426.21 205.33 1011.05
   2436.22 205.32 1011.10
   2446.22 205.31 1011.14
   2456.23 205.31 1011.18
   2466.23 205.30 1011.22
   2476.24 205.29 1011.26
   2486.24 205.28 1011.31
   2496.25 205.28 1011.35
   2506.25 205.27 1011.40
   2516.26 205.26 1011.44
   2526.26 205.26 1011.49
   2536.27 205.25 1011.53
   2546.27 205.24 1011.58
   2556.28 205.24 1011.63
   2566.28 205.23 1011.68
   2576.29 205.22 1011.73
   2586.29 205.21 1011.78
   2596.30 205.21 1011.83
   2606.30 205.20 1011.88
   2616.31 205.19 1011.93
   2626.31 205.18 1011.98
   2636.32 205.18 1012.03
   2646.32 205.17 1012.09
   2656.33 205.16 1012.14
   2666.33 205.16 1012.20
   2676.34 205.15 1012.25
   2686.34 205.14 1012.31
   2696.35 205.13 1012.37
   2706.35 205.13 1012.42
   2716.36 205.12 1012.48
   2726.36 205.11 1012.54
   2736.37 205.10 1012.60
   2746.37 205.09 1012.66
   2756.38 205.09 1012.72
   2766.38 205.08 1012.78
   2776.39 205.07 1012.85
   2786.39 205.06 1012.91
   2796.40 205.06 1012.97
   2806.40 205.05 1013.04
   2816.41 205.04 1013.11
   2826.41 205.03 1013.17
   2836.42 205.02 1013.24
   2846.42 205.02 1013.31
   2856.43 205.01 1013.38
   2866.43 205.00 1013.45
   2876.44 204.99 1013.52
   2886.44 204.98 1013.59
   2896.45 204.98 1013.66
   2906.45 204.97 1013.73
   2916.46 204.96 1013.81
   2926.46 204.95 1013.88
   2936.47 204.94 1013.96
   2946.47 204.94 1014.03
   2956.48 204.93 1014.11
   2966.48 204.92 1014.19
   2976.49 204.91 1014.27
   2986.49 204.90 1014.35
   2996.50 204.89 1014.43
   3006.50 204.89 1014.51
   3016.51 204.88 1014.60
   3026.51 204.87 1014.68
   3036.52 204.86 1014.76
   3046.52 204.85 1014.85
   3056.53 204.84 1014.94
   3066.53 204.83 1015.02
   3076.54 204.83 1015.11
   3086.54 204.82 1015.20
   3096.55 204.81 1015.29
   3106.55 204.80 1015.39
   3116.56 204.79 1015.48
   3126.56 204.78 1015.57
   3136.57 204.77 1015.67
   3146.57 204.77 1015.76
   3156.58 204.76 1015.86
   3166.58 204.75 1015.96
   3176.59 204.74 1016.06
   3186.59 204.73 1016.16
   3196.60 204.72 1016.26
   3206.60 204.71 1016.36
   3216.61 204.70 1016.46
   3226.61 204.69 1016.57
   3236.62 204.69 1016.67
   3246.62 204.68 1016.78
   3256.63 204.67 1016.88
   3266.63 204.66 1016.99
   3276.64 204.65 1017.10
   3286.64 204.64 1017.21
   3296.65 204.63 1017.33
   3306.65 204.62 1017.44
   3316.66 204.61 1017.55
   3326.66 204.60 1017.67
   3336.67 204.59 1017.79
   3346.67 204.58 1017.91
   3356.68 204.57 1018.03
   3366.68 204.57 1018.15
   3376.69 204.56 1018.27
   3386.69 204.55 1018.39
   3396.70 204.54 1018.52
   3406.70 204.53 1018.64
   3416.71 204.52 1018.77
   3426.71 204.51 1018.90
   3436.72 204.50 1019.03
   3446.72 204.49 1019.16
   3456.73 204.48 1019.29
   3466.73 204.47 1019.42
   3476.74 204.46 1019.56
   3486.74 204.45 1019.69
   3496.75 204.44 1019.83
   3506.75 204.43 1019.97
   3516.76 204.42 1020.11
   3526.76 204.41 1020.25
   3536.77 204.40 1020.39
   3546.77 204.39 1020.54
   3556.78 204.38 1020.69
   3566.78 204.37 1020.83
   3576.79 204.36 1020.98
   3586.79 204.35 1021.13
   3596.80 204.34 1021.28
   3606.80 204.33 1021.44
   3616.81 204.32 1021.59
   3626.81 204.31 1021.75
   3636.82 204.30 1021.91
   3646.82 204.29 1022.06
   3656.83 204.28 1022.22
   3666.83 204.27 1022.39
   3676.84 204.26 1022.55
   3686.84 204.25 1022.72
   3696.85 204.24 1022.88
   3706.85 204.23 1023.05
   3716.86 204.22 1023.22
   3726.86 204.21 1023.39
   3736.87 204.20 1023.57
   3746.87 204.19 1023.74
   3756.88 204.18 1023.92
   3766.88 204.17 1024.10
   3776.89 204.16 1024.28
   3786.89 204.15 1024.46
   3796.90 204.14 1024.64
   3806.90 204.13 1024.83
   3816.91 204.11 1025.01
   3826.91 204.10 1025.20
   3836.92 204.09 1025.39
   3846.92 204.08 1025.58
   3856.93 204.07 1025.78
   3866.93 204.06 1025.97
   3876.94 204.05 1026.17
   3886.94 204.04 1026.37
   3896.95 204.03 1026.57
   3906.95 204.02 1026.77
   3916.96 204.01 1026.98
   3926.96 204.00 1027.18
   3936.97 203.99 1027.39
   3946.97 203.97 1027.60
   3956.98 203.96 1027.81
   3966.98 203.95 1028.03
   3976.99 203.94 1028.24
   3986.99 203.93 1028.46
   3997.00 203.92 1028.68
   4007.00 203.91 1028.90
   4017.01 203.90 1029.12
   4027.01 203.89 1029.35
   4037.02 203.87 1029.58
   4047.02 203.86 1029.81
   4057.03 203.85 1030.04
   4067.03 203.84 1030.27
   4077.04 203.83 1030.51
   4087.04 203.82 1030.74
   4097.05 203.81 1030.98
   4107.05 203.80 1031.22
   4117.06 203.78 1031.47
   4127.06 203.77 1031.71
   4137.07 203.76 1031.96
   4147.07 203.75 1032.21
   4157.08 203.74 1032.46
   4167.08 203.73 1032.72
   4177.09 203.71 1032.97
   4187.09 203.70 1033.23
   4197.10 203.69 1033.49
   4207.10 203.68 1033.75
   4217.11 203.67 1034.02
   4227.11 203.66 1034.29
   4237.12 203.64 1034.56
   4247.12 203.63 1034.83
   4257.13 203.62 1035.10
   4267.13 203.61 1035.38
   4277.14 203.60 1035.65
   4287.14 203.59 1035.94
   4297.15 203.57 1036.22
   4307.15 203.56 1036.50
   4317.16 203.55 1036.79
   4327.16 203.54 1037.08
   4337.17 203.53 1037.37
   4347.17 203.51 1037.67
   4357.18 203.50 1037.96
   4367.18 203.49 1038.26
   4377.19 203.48 1038.56
   4387.19 203.47 1038.87
   4397.20 203.45 1039.18
   4407.20 203.44 1039.48
   4417.21 203.43 1039.80
   4427.21 203.42 1040.11
   4437.22 203.40 1040.43
   4447.22 203.39 1040.74
   4457.23 203.38 1041.07
   4467.23 203.37 1041.39
   4477.24 203.35 1041.72
   4487.24 203.34 1042.04
   4497.25 203.33 1042.38
   4507.25 203.32 1042.71
   4517.26 203.30 1043.05
   4527.26 203.29 1043.38
   4537.27 203.28 1043.73
   4547.27 203.27 1044.07
   4557.28 203.25 1044.42
   4567.28 203.24 1044.77
   4577.29 203.23 1045.12
   4587.29 203.22 1045.47
   4597.30 203.20 1045.83
   4607.30 203.19 1046.19
   4617.31 203.18 1046.55
   4627.31 203.17 1046.92
   4637.32 203.15 1047.29
   4647.32 203.14 1047.66
   4657.33 203.13 1048.03
   4667.33 203.11 1048.41
   4677.34 203.10 1048.79
   4687.34 203.09 1049.17
   4697.35 203.07 1049.55
   4707.35 203.06 1049.94
   4717.36 203.05 1050.33
   4727.36 203.04 1050.72
   4737.37 203.02 1051.12
   4747.37 203.01 1051.52
   4757.38 203.00 1051.92
   4767.38 202.98 1052.32
   4777.39 202.97 1052.73
   4787.39 202.96 1053.14
   4797.40 202.94 1053.55
   4807.40 202.93 1053.97
   4817.41 202.92 1054.39
   4827.41 202.90 1054.81
   4837.42 202.89 1055.24
   4847.42 202.88 1055.66
   4857.43 202.86 1056.09
   4867.43 202.85 1056.53
   4877.44 202.84 1056.96
   4887.44 202.82 1057.40
   4897.45 202.81 1057.85
   4907.45 202.80 1058.29
   4917.46 202.78 1058.74
   4927.46 202.77 1059.19
   4937.47 202.76 1059.65
   4947.47 202.74 1060.11
   4957.48 202.73 1060.57
   4967.48 202.71 1061.03
   4977.49 202.70 1061.50
   4987.49 202.69 1061.97
   4997.50 202.67 1062.44
   5007.50 202.66 1062.92
   5017.51 202.65 1063.40
   5027.51 202.63 1063.88
   5037.52 202.62 1064.37
   5047.52 202.60 1064.86
   5057.53 202.59 1065.35
   5067.53 202.58 1065.84
   5077.54 202.56 1066.34
   5087.54 202.55 1066.84
   5097.55 202.53 1067.35
   5107.55 202.52 1067.86
   5117.56 202.51 1068.37
   5127.56 202.49 1068.88
   5137.57 202.48 1069.40
   5147.57 202.46 1069.92
   5157.58 202.45 1070.45
   5167.58 202.43 1070.98
   5177.59 202.42 1071.51
   5187.59 202.41 1072.04
   5197.60 202.39 1072.58
   5207.60 202.38 1073.12
   5217.61 202.36 1073.66
   5227.61 202.35 1074.21
   5237.62 202.33 1074.76
   5247.62 202.32 1075.32
   5257.63 202.30 1075.88
   5267.63 202.29 1076.44
   5277.64 202.28 1077.00
   5287.64 202.26 1077.57
   5297.65 202.25 1078.14
   5307.65 202.23 1078.72
   5317.66 202.22 1079.30
   5327.66 202.20 1079.88
   5337.67 202.19 1080.46
   5347.67 202.17 1081.05
   5357.68 202.16 1081.64
   5367.68 202.14 1082.24
   5377.69 202.13 1082.84
   5387.69 202.11 1083.44
   5397.70 202.10 1084.05
   5407.70 202.08 1084.65
   5417.71 202.07 1085.27
   5427.71 202.05 1085.88
   5437.72 202.04 1086.50
   5447.72 202.02 1087.13
   5457.73 202.01 1087.75
   5467.73 201.99 1088.39
   5477.74 201.98 1089.02
   5487.74 201.96 1089.66
   5497.75 201.95 1090.30
   5507.75 201.93 1090.94
   5517.76 201.92 1091.59
   5527.76 201.90 1092.24
   5537.77 201.89 1092.90
   5547.77 201.87 1093.56
   5557.78 201.86 1094.22
   5567.78 201.84 1094.89
   5577.79 201.83 1095.56
   5587.79 201.81 1096.23
   5597.80 201.80 1096.91
   5607.80 201.78 1097.59
   5617.81 201.77 1098.27
   5627.81 201.75 1098.96
   5637.82 201.73 1099.65
   5647.82 201.72 1100.34
   5657.83 201.70 1101.04
   5667.83 201.69 1101.75
   5677.84 201.67 1102.45
   5687.84 201.66 1103.16
   5697.85 201.64 1103.87
   5707.85 201.63 1104.59
   5717.86 201.61 1105.31
   5727.86 201.59 1106.04
   5737.87 201.58 1106.76
   5747.87 201.56 1107.50
   5757.88 201.55 1108.23
   5767.88 201.53 1108.97
   5777.89 201.52 1109.71
   5787.89 201.50 1110.46
   5797.90 201.48 1111.21
   5807.90 201.47 1111.96
   5817.91 201.45 1112.72
   5827.91 201.44 1113.48
   5837.92 201.42 1114.25
   5847.92 201.40 1115.02
   5857.93 201.39 1115.79
   5867.93 201.37 1116.56
   5877.94 201.36 1117.34
   5887.94 201.34 1118.13
   5897.95 201.32 1118.92
   5907.95 201.31 1119.71
   5917.96 201.29 1120.50
   5927.96 201.27 1121.30
   5937.97 201.26 1122.10
   5947.97 201.24 1122.91
   5957.98 201.23 1123.72
   5967.98 201.21 1124.53
   5977.99 201.19 1125.35
   5987.99 201.18 1126.17
   5998.00 201.16 1126.99
   6008.00 201.14 1127.82
   6018.01 201.13 1128.65
   6028.01 201.11 1129.49
   6038.02 201.09 1130.33
   6048.02 201.08 1131.17
   6058.03 201.06 1132.02
   6068.03 201.04 1132.87
   6078.04 201.03 1133.73
   6088.04 201.01 1134.59
   6098.05 200.99 1135.45
   6108.05 200.98 1136.31
   6118.06 200.96 1137.18
   6128.06 200.94 1138.06
   6138.07 200.93 1138.93
   6148.07 200.91 1139.82
   6158.08 200.89 1140.70
   6168.08 200.88 1141.59
   6178.09 200.86 1142.48
   6188.09 200.84 1143.38
   6198.10 200.83 1144.28
   6208.10 200.81 1145.18
   6218.11 200.79 1146.09
   6228.11 200.77 1147.00
   6238.12 200.76 1147.91
   6248.12 200.74 1148.83
   6258.13 200.72 1149.76
   6268.13 200.71 1150.68
   6278.14 200.69 1151.61
   6288.14 200.67 1152.55
   6298.15 200.66 1153.48
   6308.15 200.64 1154.43
   6318.16 200.62 1155.37
   6328.16 200.60 1156.32
   6338.17 200.59 1157.27
   6348.17 200.57 1158.23
   6358.18 200.55 1159.19
   6368.18 200.53 1160.15
   6378.19 200.52 1161.12
   6388.19 200.50 1162.09
   6398.20 200.48 1163.07
   6408.20 200.46 1164.05
   6418.21 200.45 1165.03
   6428.21 200.43 1166.01
   6438.22 200.41 1167.00
   6448.22 200.39 1168.00
   6458.23 200.38 1169.00
   6468.23 200.36 1170.00
   6478.24 200.34 1171.00
   6488.24 200.32 1172.01
   6498.25 200.31 1173.02
   6508.25 200.29 1174.04
   6518.26 200.27 1175.06
   6528.26 200.25 1176.08
   6538.27 200.23 1177.11
   6548.27 200.22 1178.14
   6558.28 200.20 1179.17
   6568.28 200.18 1180.21
   6578.29 200.16 1181.26
   6588.29 200.15 1182.30
   6598.30 200.13 1183.35
   6608.30 200.11 1184.40
   6618.31 200.09 1185.46
   6628.31 200.07 1186.52
   6638.32 200.06 1187.58
   6648.32 200.04 1188.65
   6658.33 200.02 1189.72
   6668.33 200.00 1190.80
   6678.34 199.98 1191.88
   6688.34 199.96 1192.96
   6698.35 199.95 1194.04
   6708.35 199.93 1195.13
   6718.36 199.91 1196.22
   6728.36 199.89 1197.32
   6738.37 199.87 1198.42
   6748.37 199.86 1199.52
   6758.38 199.84 1200.63
   6768.38 199.82 1201.74
   6778.39 199.80 1202.86
   6788.39 199.78 1203.97
   6798.40 199.76 1205.10
   6808.40 199.74 1206.22
   6818.41 199.73 1207.35
   6828.41 199.71 1208.48
   6838.42 199.69 1209.62
   6848.42 199.67 1210.76
   6858.43 199.65 1211.90
   6868.43 199.63 1213.04
   6878.44 199.61 1214.19
   6888.44 199.60 1215.35
   6898.45 199.58 1216.50
   6908.45 199.56 1217.66
   6918.46 199.54 1218.83
   6928.46 199.52 1219.99
   6938.47 199.50 1221.16
   6948.47 199.48 1222.34
   6958.48 199.46 1223.51
   6968.48 199.45 1224.69
   6978.49 199.43 1225.88
   6988.49 199.41 1227.06
   6998.50 199.39 1228.25
   7008.50 199.37 1229.45
   7018.51 199.35 1230.65
   7028.51 199.33 1231.85
   7038.52 199.31 1233.05
   7048.52 199.29 1234.26
   7058.53 199.27 1235.47
   7068.53 199.26 1236.68
   7078.54 199.24 1237.90
   7088.54 199.22 1239.12
   7098.55 199.20 1240.34
   7108.55 199.18 1241.57
   7118.56 199.16 1242.80
   7128.56 199.14 1244.03
   7138.57 199.12 1245.27
   7148.57 199.10 1246.51
   7158.58 199.08 1247.75
   7168.58 199.06 1249.00
   7178.59 199.04 1250.24
   7188.59 199.02 1251.50
   7198.60 199.00 1252.75
   7208.60 198.99 1254.01
   7218.61 198.97 1255.27
   7228.61 198.95 1256.54
   7238.62 198.93 1257.80
   7248.62 198.91 1259.08
   7258.63 198.89 1260.35
   7268.63 198.87 1261.63
   7278.64 198.85 1262.91
   7288.64 198.83 1264.19
   7298.65 198.81 1265.47
   7308.65 198.79 1266.76
   7318.66 198.77 1268.06
   7328.66 198.75 1269.35
   7338.67 198.73 1270.65
   7348.67 198.71 1271.95
   7358.68 198.69 1273.25
   7368.68 198.67 1274.56
   7378.69 198.65 1275.87
   7388.69 198.63 1277.18
   7398.70 198.61 1278.50
   7408.70 198.59 1279.82
   7418.71 198.57 1281.14
   7428.71 198.55 1282.46
   7438.72 198.53 1283.79
   7448.72 198.51 1285.12
   7458.73 198.49 1286.45
   7468.73 198.47 1287.79
   7478.74 198.45 1289.13
   7488.74 198.43 1290.47
   7498.75 198.41 1291.81
   7508.75 198.39 1293.16
   7518.76 198.37 1294.51
   7528.76 198.35 1295.86
   7538.77 198.33 1297.22
   7548.77 198.31 1298.58
   7558.78 198.29 1299.94
   7568.78 198.27 1301.30
   7578.79 198.25 1302.67
   7588.79 198.23 1304.04
   7598.80 198.21 1305.41
   7608.80 198.19 1306.78
   7618.81 198.17 1308.16
   7628.81 198.15 1309.54
   7638.82 198.12 1310.92
   7648.82 198.10 1312.31
   7658.83 198.08 1313.70
   7668.83 198.06 1315.09
   7678.84 198.04 1316.48
   7688.84 198.02 1317.87
   7698.85 198.00 1319.27
   7708.85 197.98 1320.67
   7718.86 197.96 1322.07
   7728.86 197.94 1323.48
   7738.87 197.92 1324.89
   7748.87 197.90 1326.30
   7758.88 197.88 1327.71
   7768.88 197.86 1329.12
   7778.89 197.84 1330.54
   7788.89 197.81 1331.96
   7798.90 197.79 1333.38
   7808.90 197.77 1334.81
   7818.91 197.75 1336.23
   7828.91 197.73 1337.66
   7838.92 197.71 1339.09
   7848.92 197.69 1340.53
   7858.93 197.67 1341.96
   7868.93 197.65 1343.40
   7878.94 197.63 1344.84
   7888.94 197.60 1346.28
   7898.95 197.58 1347.73
   7908.95 197.56 1349.17
   7918.96 197.54 1350.62
   7928.96 197.52 1352.07
   7938.97 197.50 1353.53
   7948.97 197.48 1354.98
   7958.98 197.46 1356.44
   7968.98 197.43 1357.90
   7978.99 197.41 1359.36
   7988.99 197.39 1360.82
   7999.00 197.37 1362.28
   8009.00 197.35 1363.75
   8019.01 197.33 1365.22
   8029.01 197.31 1366.69
   8039.02 197.29 1368.16
   8049.02 197.26 1369.64
   8059.03 197.24 1371.11
   8069.03 197.22 1372.59
   8079.04 197.20 1374.07
   8089.04 197.18 1375.55
   8099.05 197.16 1377.04
   8109.05 197.13 1378.52
   8119.06 197.11 1380.01
   8129.06 197.09 1381.50
   8139.07 197.07 1382.99
   8149.07 197.05 1384.48
   8159.08 197.03 1385.97
   8169.08 197.00 1387.47
   8179.09 196.98 1388.96
   8189.09 196.96 1390.46
   8199.10 196.94 1391.96
   8209.10 196.92 1393.47
   8219.11 196.90 1394.97
   8229.11 196.87 1396.47
   8239.12 196.85 1397.98
   8249.12 196.83 1399.49
   8259.13 196.81 1401.00
   8269.13 196.79 1402.51
   8279.14 196.76 1404.02
   8289.14 196.74 1405.53
   8299.15 196.72 1407.05
   8309.15 196.70 1408.56
   8319.16 196.68 1410.08
   8329.16 196.65 1411.60
   8339.17 196.63 1413.12
   8349.17 196.61 1414.64
   8359.18 196.59 1416.16
   8369.18 196.56 1417.69
   8379.19 196.54 1419.21
   8389.19 196.52 1420.74
   8399.20 196.50 1422.26
   8409.20 196.48 1423.79
   8419.21 196.45 1425.32
   8429.21 196.43 1426.85
   8439.22 196.41 1428.38
   8449.22 196.39 1429.91
   8459.23 196.36 1431.44
   8469.23 196.34 1432.98
   8479.24 196.32 1434.51
   8489.24 196.30 1436.05
   8499.25 196.27 1437.58
   8509.25 196.25 1439.12
   8519.26 196.23 1440.66
   8529.26 196.21 1442.20
   8539.27 196.18 1443.74
   8549.27 196.16 1445.28
   8559.28 196.14 1446.82
   8569.28 196.12 1448.36
   8579.29 196.09 1449.90
   8589.29 196.07 1451.45
   8599.30 196.05 1452.99
   8609.30 196.02 1454.53
   8619.31 196.00 1456.08
   8629.31 195.98 1457.62
   8639.32 195.96 1459.17
   8649.32 195.93 1460.72
   8659.33 195.91 1462.27
   8669.33 195.89 1463.81
   8679.34 195.87 1465.36
   8689.34 195.84 1466.91
   8699.35 195.82 1468.47
   8709.35 195.80 1470.02
   8719.36 195.77 1471.57
   8729.36 195.75 1473.13
   8739.37 195.73 1474.69
   8749.37 195.70 1476.25
   8759.38 195.68 1477.81
   8769.38 195.66 1479.38
   8779.39 195.63 1480.95
   8789.39 195.61 1482.52
   8799.40 195.59 1484.09
   8809.40 195.57 1485.66
   8819.41 195.54 1487.24
   8829.41 195.52 1488.82
   8839.42 195.50 1490.40
   8849.42 195.47 1491.99
   8859.43 195.45 1493.57
   8869.43 195.43 1495.16
   8879.44 195.40 1496.75
   8889.44 195.38 1498.35
   8899.45 195.36 1499.94
   8909.45 195.33 1501.54
   8919.46 195.31 1503.14
   8929.46 195.29 1504.74
   8939.47 195.26 1506.34
   8949.47 195.24 1507.95
   8959.48 195.22 1509.56
   8969.48 195.19 1511.17
   8979.49 195.17 1512.78
   8989.49 195.14 1514.39
   8999.50 195.12 1516.00
   9009.50 195.10 1517.62
   9019.51 195.07 1519.24
   9029.51 195.05 1520.86
   9039.52 195.03 1522.48
   9049.52 195.00 1524.10
   9059.53 194.98 1525.73
   9069.53 194.96 1527.36
   9079.54 194.93 1528.98
   9089.54 194.91 1530.61
   9099.55 194.88 1532.25
   9109.55 194.86 1533.88
   9119.56 194.84 1535.51
   9129.56 194.81 1537.15
   9139.57 194.79 1538.79
   9149.57 194.76 1540.43
   9159.58 194.74 1542.07
   9169.58 194.72 1543.71
   9179.59 194.69 1545.35
   9189.59 194.67 1546.99
   9199.60 194.64 1548.64
   9209.60 194.62 1550.28
   9219.61 194.60 1551.93
   9229.61 194.57 1553.58
   9239.62 194.55 1555.23
   9249.62 194.52 1556.88
   9259.63 194.50 1558.53
   9269.63 194.48 1560.19
   9279.64 194.45 1561.84
   9289.64 194.43 1563.49
   9299.65 194.40 1565.15
   9309.65 194.38 1566.80
   9319.66 194.35 1568.46
   9329.66 194.33 1570.12
   9339.67 194.31 1571.78
   9349.67 194.28 1573.44
   9359.68 194.26 1575.10
   9369.68 194.23 1576.76
   9379.69 194.21 1578.42
   9389.69 194.18 1580.08
   9399.70 194.16 1581.74
   9409.70 194.13 1583.41
   9419.71 194.11 1585.07
   9429.71 194.09 1586.73
   9439.72 194.06 1588.40
   9449.72 194.04 1590.06
   9459.73 194.01 1591.73
   9469.73 193.99 1593.39
   9479.74 193.96 1595.06
   9489.74 193.94 1596.72
   9499.75 193.91 1598.39
   9509.75 193.89 1600.06
   9519.76 193.86 1601.72
   9529.76 193.84 1603.39
   9539.77 193.81 1605.06
   9549.77 193.79 1606.72
   9559.78 193.77 1608.39
   9569.78 193.74 1610.05
   9579.79 193.72 1611.72
   9589.79 193.69 1613.39
   9599.80 193.67 1615.05
   9609.80 193.64 1616.72
   9619.81 193.62 1618.38
   9629.81 193.59 1620.05
   9639.82 193.57 1621.72
   9649.82 193.54 1623.38
   9659.83 193.52 1625.04
   9669.83 193.49 1626.71
   9679.84 193.47 1628.37
   9689.84 193.44 1630.04
   9699.85 193.42 1631.70
   9709.85 193.39 1633.36
   9719.86 193.37 1635.02
   9729.86 193.34 1636.68
   9739.87 193.32 1638.34
   9749.87 193.29 1640.00
   9759.88 193.27 1641.66
   9769.88 193.24 1643.32
   9779.89 193.21 1644.98
   9789.89 193.19 1646.64
   9799.90 193.16 1648.29
   9809.90 193.14 1649.95
   9819.91 193.11 1651.60
   9829.91 193.09 1653.26
   9839.92 193.06 1654.91
   9849.92 193.04 1656.56
   9859.93 193.01 1658.21
   9869.93 192.99 1659.86
   9879.94 192.96 1661.51
   9889.94 192.94 1663.16
   9899.95 192.91 1664.80
   9909.95 192.88 1666.45
   9919.96 192.86 1668.09
   9929.96 192.83 1669.74
   9939.97 192.81 1671.38
   9949.97 192.78 1673.02
   9959.98 192.76 1674.66
   9969.98 192.73 1676.29
   9979.99 192.71 1677.93
   9989.99 192.68 1679.57
  10000.00 192.65 1681.20
