 -10000.00 1028.37 1681.20
  -9989.99 1031.07 1679.57
  -9979.99 1033.76 1677.93
  -9969.98 1036.44 1676.29
  -9959.98 1039.11 1674.66
  -9949.97 1041.76 1673.02
  -9939.97 1044.40 1671.38
  -9929.96 1047.03 1669.74
  -9919.96 1049.64 1668.09
  -9909.95 1052.24 1666.45
  -9899.95 1054.83 1664.80
  -9889.94 1057.40 1663.16
  -9879.94 1059.96 1661.51
  -9869.93 1062.51 1659.86
  -9859.93 1065.04 1658.21
  -9849.92 1067.56 1656.56
  -9839.92 1070.06 1654.91
  -9829.91 1072.55 1653.26
  -9819.91 1075.03 1651.60
  -9809.90 1077.49 1649.95
  -9799.90 1079.93 1648.29
  -9789.89 1082.36 1646.64
  -9779.89 1084.78 1644.98
  -9769.88 1087.18 1643.32
  -9759.88 1089.57 1641.66
  -9749.87 1091.94 1640.00
  -9739.87 1094.30 1638.34
  -9729.86 1096.64 1636.68
  -9719.86 1098.97 1635.02
  -9709.85 1101.28 1633.36
  -9699.85 1103.58 1631.70
  -9689.84 1105.86 1630.04
  -9679.84 1108.13 1628.37
  -9669.83 1110.38 1626.71
  -9659.83 1112.62 1625.04
  -9649.82 1114.84 1623.38
  -9639.82 1117.04 1621.72
  -9629.81 1119.23 1620.05
  -9619.81 1121.40 1618.38
  -9609.80 1123.56 1616.72
  -9599.80 1125.70 1615.05
  -9589.79 1127.83 1613.39
  -9579.79 1129.94 1611.72
  -9569.78 1132.03 1610.05
  -9559.78 1134.11 1608.39
  -9549.77 1136.18 1606.72
  -9539.77 1138.22 1605.06
  -9529.76 1140.26 1603.39
  -9519.76 1142.27 1601.72
  -9509.75 1144.27 1600.06
  -9499.75 1146.26 1598.39
  -9489.74 1148.23 1596.72
  -9479.74 1150.18 1595.06
  -9469.73 1152.12 1593.39
  -9459.73 1154.04 1591.73
  -9449.72 1155.94 1590.06
  -9439.72 1157.83 1588.40
  -9429.71 1159.71 1586.73
  -9419.71 1161.56 1585.07
  -9409.70 1163.41 1583.41
  -9399.70 1165.23 1581.74
  -9389.69 1167.04 1580.08
  -9379.69 1168.84 1578.42
  -9369.68 1170.62 1576.76
  -9359.68 1172.38 1575.10
  -9349.67 1174.13 1573.44
  -9339.67 1175.86 1571.78
  -9329.66 1177.58 1570.12
  -9319.66 1179.28 1568.46
  -9309.65 1180.96 1566.80
  -9299.65 1182.63 1565.15
  -9289.64 1184.28 1563.49
  -9279.64 1185.92 1561.84
  -9269.63 1187.54 1560.19
  -9259.63 1189.15 1558.53
  -9249.62 1190.74 1556.88
  -9239.62 1192.32 1555.23
  -9229.61 1193.88 1553.58
  -9219.61 1195.42 1551.93
  -9209.60 1196.95 1550.28
  -9199.60 1198.46 1548.64
  -9189.59 1199.96 1546.99
  -9179.59 1201.44 1545.35
  -9169.58 1202.91 1543.71
  -9159.58 1204.36 1542.07
  -9149.57 1205.79 1540.43
  -9139.57 1207.21 1538.79
  -9129.56 1208.62 1537.15
  -9119.56 1210.01 1535.51
  -9109.55 1211.38 1533.88
  -9099.55 1212.74 1532.25
  -9089.54 1214.08 1530.61
  -9079.54 1215.41 1528.98
  -9069.53 1216.73 1527.36
  -9059.53 1218.02 1525.73
  -9049.52 1219.31 1524.10
  -9039.52 1220.57 1522.48
  -9029.51 1221.83 1520.86
  -9019.51 1223.06 1519.24
  -9009.50 1224.29 1517.62
  -8999.50 1225.49 1516.00
  -8989.49 1226.68 1514.39
  -8979.49 1227.86 1512.78
  -8969.48 1229.02 1511.17
  -8959.48 1230.17 1509.56
  -8949.47 1231.30 1507.95
  -8939.47 1232.42 1506.34
  -8929.46 1233.52 1504.74
  -8919.46 1234.61 1503.14
  -8909.45 1235.68 1501.54
  -8899.45 1236.74 1499.94
  -8889.44 1237.78 1498.35
  -8879.44 1238.81 1496.75
  -8869.43 1239.83 1495.16
  -8859.43 1240.83 1493.57
  -8849.42 1241.81 1491.99
  -8839.42 1242.78 1490.40
  -8829.41 1243.74 1488.82
  -8819.41 1244.68 1487.24
  -8809.40 1245.60 1485.66
  -8799.40 1246.52 1484.09
  -8789.39 1247.41 1482.52
  -8779.39 1248.30 1480.95
  -8769.38 1249.17 1479.38
  -8759.38 1250.02 1477.81
  -8749.37 1250.86 1476.25
  -8739.37 1251.69 1474.69
  -8729.36 1252.50 1473.13
  -8719.36 1253.30 1471.57
  -8709.35 1254.08 1470.02
  -8699.35 1254.85 1468.47
  -8689.34 1255.61 1466.91
  -8679.34 1256.35 1465.36
  -8669.33 1257.08 1463.81
  -8659.33 1257.79 1462.27
  -8649.32 1258.49 1460.72
  -8639.32 1259.18 1459.17
  -8629.31 1259.85 1457.62
  -8619.31 1260.51 1456.08
  -8609.30 1261.15 1454.53
  -8599.30 1261.79 1452.99
  -8589.29 1262.40 1451.45
  -8579.29 1263.01 1449.90
  -8569.28 1263.60 1448.36
  -8559.28 1264.17 1446.82
  -8549.27 1264.74 1445.28
  -8539.27 1265.29 1443.74
  -8529.26 1265.82 1442.20
  -8519.26 1266.35 1440.66
  -8509.25 1266.86 1439.12
  -8499.25 1267.36 1437.58
  -8489.24 1267.84 1436.05
  -8479.24 1268.31 1434.51
  -8469.23 1268.77 1432.98
  -8459.23 1269.21 1431.44
  -8449.22 1269.64 1429.91
  -8439.22 1270.06 1428.38
  -8429.21 1270.47 1426.85
  -8419.21 1270.86 1425.32
  -8409.20 1271.24 1423.79
  -8399.20 1271.61 1422.26
  -8389.19 1271.96 1420.74
  -8379.19 1272.30 1419.21
  -8369.18 1272.63 1417.69
  -8359.18 1272.95 1416.16
  -8349.17 1273.25 1414.64
  -8339.17 1273.55 1413.12
  -8329.16 1273.82 1411.60
  -8319.16 1274.09 1410.08
  -8309.15 1274.35 1408.56
  -8299.15 1274.59 1407.05
  -8289.14 1274.82 1405.53
  -8279.14 1275.04 1404.02
  -8269.13 1275.24 1402.51
  -8259.13 1275.44 1401.00
  -8249.12 1275.62 1399.49
  -8239.12 1275.79 1397.98
  -8229.11 1275.94 1396.47
  -8219.11 1276.09 1394.97
  -8209.10 1276.22 1393.47
  -8199.10 1276.35 1391.96
  -8189.09 1276.46 1390.46
  -8179.09 1276.56 1388.96
  -8169.08 1276.64 1387.47
  -8159.08 1276.72 1385.97
  -8149.07 1276.78 1384.48
  -8139.07 1276.84 1382.99
  -8129.06 1276.88 1381.50
  -8119.06 1276.91 1380.01
  -8109.05 1276.93 1378.52
  -8099.05 1276.94 1377.04
  -8089.04 1276.93 1375.55
  -8079.04 1276.92 1374.07
  -8069.03 1276.89 1372.59
  -8059.03 1276.86 1371.11
  -8049.02 1276.81 1369.64
  -8039.02 1276.75 1368.16
  -8029.01 1276.68 1366.69
  -8019.01 1276.60 1365.22
  -8009.00 1276.51 1363.75
  -7999.00 1276.41 1362.28
  -7988.99 1276.30 1360.82
  -7978.99 1276.18 1359.36
  -7968.98 1276.04 1357.90
  -7958.98 1275.90 1356.44
  -7948.97 1275.75 1354.98
  -7938.97 1275.58 1353.53
  -7928.96 1275.41 1352.07
  -7918.96 1275.22 1350.62
  -7908.95 1275.03 1349.17
  -7898.95 1274.83 1347.73
  -7888.94 1274.61 1346.28
  -7878.94 1274.39 1344.84
  -7868.93 1274.15 1343.40
  -7858.93 1273.91 1341.96
  -7848.92 1273.65 1340.53
  -7838.92 1273.39 1339.09
  -7828.91 1273.11 1337.66
  -7818.91 1272.83 1336.23
  -7808.90 1272.54 1334.81
  -7798.90 1272.24 1333.38
  -7788.89 1271.92 1331.96
  -7778.89 1271.60 1330.54
  -7768.88 1271.27 1329.12
  -7758.88 1270.93 1327.71
  -7748.87 1270.58 1326.30
  -7738.87 1270.22 1324.89
  -7728.86 1269.86 1323.48
  -7718.86 1269.48 1322.07
  -7708.85 1269.09 1320.67
  -7698.85 1268.70 1319.27
  -7688.84 1268.30 1317.87
  -7678.84 1267.88 1316.48
  -7668.83 1267.46 1315.09
  -7658.83 1267.03 1313.70
  -7648.82 1266.59 1312.31
  -7638.82 1266.15 1310.92
  -7628.81 1265.69 1309.54
  -7618.81 1265.23 1308.16
  -7608.80 1264.76 1306.78
  -7598.80 1264.28 1305.41
  -7588.79 1263.79 1304.04
  -7578.79 1263.29 1302.67
  -7568.78 1262.78 1301.30
  -7558.78 1262.27 1299.94
  -7548.77 1261.75 1298.58
  -7538.77 1261.22 1297.22
  -7528.76 1260.68 1295.86
  -7518.76 1260.13 1294.51
  -7508.75 1259.58 1293.16
  -7498.75 1259.02 1291.81
  -7488.74 1258.45 1290.47
  -7478.74 1257.87 1289.13
  -7468.73 1257.29 1287.79
  -7458.73 1256.70 1286.45
  -7448.72 1256.10 1285.12
  -7438.72 1255.49 1283.79
  -7428.71 1254.88 1282.46
  -7418.71 1254.25 1281.14
  -7408.70 1253.62 1279.82
  -7398.70 1252.99 1278.50
  -7388.69 1252.34 1277.18
  -7378.69 1251.69 1275.87
  -7368.68 1251.04 1274.56
  -7358.68 1250.37 1273.25
  -7348.67 1249.70 1271.95
  -7338.67 1249.02 1270.65
  -7328.66 1248.34 1269.35
  -7318.66 1247.64 1268.06
  -7308.65 1246.94 1266.76
  -7298.65 1246.24 1265.47
  -7288.64 1245.53 1264.19
  -7278.64 1244.81 1262.91
  -7268.63 1244.08 1261.63
  -7258.63 1243.35 1260.35
  -7248.62 1242.61 1259.08
  -7238.62 1241.87 1257.80
  -7228.61 1241.12 1256.54
  -7218.61 1240.36 1255.27
  -7208.60 1239.60 1254.01
  -7198.60 1238.83 1252.75
  -7188.59 1238.05 1251.50
  -7178.59 1237.27 1250.24
  -7168.58 1236.48 1249.00
  -7158.58 1235.69 1247.75
  -7148.57 1234.89 1246.51
  -7138.57 1234.08 1245.27
  -7128.56 1233.27 1244.03
  -7118.56 1232.46 1242.80
  -7108.55 1231.63 1241.57
  -7098.55 1230.81 1240.34
  -7088.54 1229.97 1239.12
  -7078.54 1229.13 1237.90
  -7068.53 1228.29 1236.68
  -7058.53 1227.44 1235.47
  -7048.52 1226.58 1234.26
  -7038.52 1225.72 1233.05
  -7028.51 1224.86 1231.85
  -7018.51 1223.99 1230.65
  -7008.50 1223.11 1229.45
  -6998.50 1222.23 1228.25
  -6988.49 1221.34 1227.06
  -6978.49 1220.45 1225.88
  -6968.48 1219.56 1224.69
  -6958.48 1218.65 1223.51
  -6948.47 1217.75 1222.34
  -6938.47 1216.84 1221.16
  -6928.46 1215.92 1219.99
  -6918.46 1215.00 1218.83
  -6908.45 1214.08 1217.66
  -6898.45 1213.15 1216.50
  -6888.44 1212.21 1215.35
  -6878.44 1211.27 1214.19
  -6868.43 1210.33 1213.04
  -6858.43 1209.38 1211.90
  -6848.42 1208.43 1210.76
  -6838.42 1207.48 1209.62
  -6828.41 1206.51 1208.48
  -6818.41 1205.55 1207.35
  -6808.40 1204.58 1206.22
  -6798.40 1203.61 1205.10
  -6788.39 1202.63 1203.97
  -6778.39 1201.65 1202.86
  -6768.38 1200.66 1201.74
  -6758.38 1199.68 1200.63
  -6748.37 1198.68 1199.52
  -6738.37 1197.69 1198.42
  -6728.36 1196.69 1197.32
  -6718.36 1195.68 1196.22
  -6708.35 1194.67 1195.13
  -6698.35 1193.66 1194.04
  -6688.34 1192.65 1192.96
  -6678.34 1191.63 1191.88
  -6668.33 1190.60 1190.80
  -6658.33 1189.58 1189.72
  -6648.32 1188.55 1188.65
  -6638.32 1187.51 1187.58
  -6628.31 1186.48 1186.52
  -6618.31 1185.44 1185.46
  -6608.30 1184.40 1184.40
  -6598.30 1183.35 1183.35
  -6588.29 1182.30 1182.30
  -6578.29 1181.25 1181.25
  -6568.28 1180.19 1180.19
  -6558.28 1179.13 1179.13
  -6548.27 1178.07 1178.07
  -6538.27 1177.01 1177.01
  -6528.26 1175.94 1175.94
  -6518.26 1174.87 1174.87
  -6508.25 1173.79 1173.79
  -6498.25 1172.72 1172.72
  -6488.24 1171.64 1171.64
  -6478.24 1170.56 1170.56
  -6468.23 1169.47 1169.47
  -6458.23 1168.38 1168.38
  -6448.22 1167.29 1167.29
  -6438.22 1166.20 1166.20
  -6428.21 1165.11 1165.11
  -6418.21 1164.01 1164.01
  -6408.20 1162.91 1162.91
  -6398.20 1161.81 1161.81
  -6388.19 1160.70 1160.70
  -6378.19 1159.59 1159.59
  -6368.18 1158.48 1158.48
  -6358.18 1157.37 1157.37
  -6348.17 1156.26 1156.26
  -6338.17 1155.14 1155.14
  -6328.16 1154.02 1154.02
  -6318.16 1152.90 1152.90
  -6308.15 1151.78 1151.78
  -6298.15 1150.65 1150.65
  -6288.14 1149.53 1149.53
  -6278.14 1148.40 1148.40
  -6268.13 1147.27 1147.27
  -6258.13 1146.13 1146.13
  -6248.12 1145.00 1145.00
  -6238.12 1143.86 1143.86
  -6228.11 1142.72 1142.72
  -6218.11 1141.58 1141.58
  -6208.10 1140.44 1140.44
  -6198.10 1139.30 1139.30
  -6188.09 1138.15 1138.15
  -6178.09 1137.01 1137.01
  -6168.08 1135.86 1135.86
  -6158.08 1134.71 1134.71
  -6148.07 1133.55 1133.55
  -6138.07 1132.40 1132.40
  -6128.06 1131.25 1131.25
  -6118.06 1130.09 1130.09
  -6108.05 1128.93 1128.93
  -6098.05 1127.77 1127.77
  -6088.04 1126.61 1126.61
  -6078.04 1125.45 1125.45
  -6068.03 1124.29 1124.29
  -6058.03 1123.12 1123.12
  -6048.02 1121.96 1121.96
  -6038.02 1120.79 1120.79
  -6028.01 1119.62 1119.62
  -6018.01 1118.45 1118.45
  -6008.00 1117.28 1117.28
  -5998.00 1116.11 1116.11
  -5987.99 1114.94 1114.94
  -5977.99 1113.76 1113.76
  -5967.98 1112.59 1112.59
  -5957.98 1111.41 1111.41
  -5947.97 1110.24 1110.24
  -5937.97 1109.06 1109.06
  -5927.96 1107.88 1107.88
  -5917.96 1106.70 1106.70
  -5907.95 1105.52 1105.52
  -5897.95 1104.34 1104.34
  -5887.94 1103.16 1103.16
  -5877.94 1101.98 1101.98
  -5867.93 1100.80 1100.80
  -5857.93 1099.61 1099.61
  -5847.92 1098.43 1098.43
  -5837.92 1097.24 1097.24
  -5827.91 1096.06 1096.06
  -5817.91 1094.87 1094.87
  -5807.90 1093.69 1093.69
  -5797.90 1092.50 1092.50
  -5787.89 1091.31 1091.31
  -5777.89 1090.12 1090.12
  -5767.88 1088.93 1088.93
  -5757.88 1087.74 1087.74
  -5747.87 1086.55 1086.55
  -5737.87 1085.36 1085.36
  -5727.86 1084.17 1084.17
  -5717.86 1082.98 1082.98
  -5707.85 1081.79 1081.79
  -5697.85 1080.60 1080.60
  -5687.84 1079.41 1079.41
  -5677.84 1078.22 1078.22
  -5667.83 1077.03 1077.03
  -5657.83 1075.84 1075.84
  -5647.82 1074.64 1074.64
  -5637.82 1073.45 1073.45
  -5627.81 1072.26 1072.26
  -5617.81 1071.07 1071.07
  -5607.80 1069.87 1069.87
  -5597.80 1068.68 1068.68
  -5587.79 1067.49 1067.49
  -5577.79 1066.30 1066.30
  -5567.78 1065.10 1065.10
  -5557.78 1063.91 1063.91
  -5547.77 1062.72 1062.72
  -5537.77 1061.53 1061.53
  -5527.76 1060.33 1060.33
  -5517.76 1059.14 1059.14
  -5507.75 1057.95 1057.95
  -5497.75 1056.76 1056.76
  -5487.74 1055.56 1055.56
  -5477.74 1054.37 1054.37
  -5467.73 1053.18 1053.18
  -5457.73 1051.99 1051.99
  -5447.72 1050.80 1050.80
  -5437.72 1049.61 1049.61
  -5427.71 1048.42 1048.42
  -5417.71 1047.23 1047.23
  -5407.70 1046.04 1046.04
  -5397.70 1044.85 1044.85
  -5387.69 1043.66 1043.66
  -5377.69 1042.47 1042.47
  -5367.68 1041.29 1041.29
  -5357.68 1040.10 1040.10
  -5347.67 1038.91 1038.91
  -5337.67 1037.73 1037.73
  -5327.66 1036.54 1036.54
  -5317.66 1035.35 1035.35
  -5307.65 1034.17 1034.17
  -5297.65 1032.98 1032.98
  -5287.64 1031.80 1031.80
  -5277.64 1030.62 1030.62
  -5267.63 1029.43 1029.43
  -5257.63 1028.25 1028.25
  -5247.62 1027.07 1027.07
  -5237.62 1025.89 1025.89
  -5227.61 1024.71 1024.71
  -5217.61 1023.53 1023.53
  -5207.60 1022.35 1022.35
  -5197.60 1021.18 1021.18
  -5187.59 1020.00 1020.00
  -5177.59 1018.82 1018.82
  -5167.58 1017.65 1017.65
  -5157.58 1016.47 1016.47
  -5147.57 1015.30 1015.30
  -5137.57 1014.12 1014.12
  -5127.56 1012.95 1012.95
  -5117.56 1011.78 1011.78
  -5107.55 1010.61 1010.61
  -5097.55 1009.44 1009.44
  -5087.54 1008.27 1008.27
  -5077.54 1007.10 1007.10
  -5067.53 1005.94 1005.94
  -5057.53 1004.77 1004.77
  -5047.52 1003.60 1003.60
  -5037.52 1002.44 1002.44
  -5027.51 1001.28 1001.28
  -5017.51 1000.12 1000.12
  -5007.50 998.95 998.95
  -4997.50 997.79 997.79
  -4987.49 996.64 996.64
  -4977.49 995.48 995.48
  -4967.48 994.32 994.32
  -4957.48 993.16 993.16
  -4947.47 992.01 992.01
  -4937.47 990.86 990.86
  -4927.46 989.70 989.70
  -4917.46 988.55 988.55
  -4907.45 987.40 987.40
  -4897.45 986.25 986.25
  -4887.44 985.11 985.11
  -4877.44 983.96 983.96
  -4867.43 982.81 982.81
  -4857.43 981.67 981.67
  -4847.42 980.53 980.53
  -4837.42 979.38 979.38
  -4827.41 978.24 978.24
  -4817.41 977.10 977.10
  -4807.40 975.97 975.97
  -4797.40 974.83 974.83
  -4787.39 973.69 973.69
  -4777.39 972.56 972.56
  -4767.38 971.43 971.43
  -4757.38 970.30 970.30
  -4747.37 969.17 969.17
  -4737.37 968.04 968.04
  -4727.36 966.91 966.91
  -4717.36 965.78 965.78
  -4707.35 964.66 964.66
  -4697.35 963.54 963.54
  -4687.34 962.41 962.41
  -4677.34 961.29 961.29
  -4667.33 960.18 960.18
  -4657.33 959.06 959.06
  -4647.32 957.94 957.94
  -4637.32 956.83 956.83
  -4627.31 955.71 955.71
  -4617.31 954.60 954.60
  -4607.30 953.49 953.49
  -4597.30 952.38 952.38
  -4587.29 951.28 951.28
  -4577.29 950.17 950.17
  -4567.28 949.07 949.07
  -4557.28 947.96 947.96
  -4547.27 946.86 946.86
  -4537.27 945.76 945.76
  -4527.26 944.67 944.67
  -4517.26 943.57 943.57
  -4507.25 942.48 942.48
  -4497.25 941.38 941.38
  -4487.24 940.29 940.29
  -4477.24 939.20 939.20
  -4467.23 938.11 938.11
  -4457.23 937.03 937.03
  -4447.22 935.94 935.94
  -4437.22 934.86 934.86
  -4427.21 933.78 933.78
  -4417.21 932.70 932.70
  -4407.20 931.62 931.62
  -4397.20 930.54 930.54
  -4387.19 929.47 929.47
  -4377.19 928.40 928.40
  -4367.18 927.32 927.32
  -4357.18 926.25 926.25
  -4347.17 925.19 925.19
  -4337.17 924.12 924.12
  -4327.16 923.06 923.06
  -4317.16 921.99 921.99
  -4307.15 920.93 920.93
  -4297.15 919.87 919.87
  -4287.14 918.82 918.82
  -4277.14 917.76 917.76
  -4267.13 916.71 916.71
  -4257.13 915.66 915.66
  -4247.12 914.61 914.61
  -4237.12 913.56 913.56
  -4227.11 912.51 912.51
  -4217.11 911.47 911.47
  -4207.10 910.42 910.42
  -4197.10 909.38 909.38
  -4187.09 908.34 908.34
  -4177.09 907.31 907.31
  -4167.08 906.27 906.27
  -4157.08 905.24 905.24
  -4147.07 904.21 904.21
  -4137.07 903.18 903.18
  -4127.06 902.15 902.15
  -4117.06 901.12 901.12
  -4107.05 900.10 900.10
  -4097.05 899.08 899.08
  -4087.04 898.06 898.06
  -4077.04 897.04 897.04
  -4067.03 896.02 896.02
  -4057.03 895.01 895.01
  -4047.02 893.99 893.99
  -4037.02 892.98 892.98
  -4027.01 891.98 891.98
  -4017.01 890.97 890.97
  -4007.00 889.96 889.96
  -3997.00 888.96 888.96
  -3986.99 887.96 887.96
  -3976.99 886.96 886.96
  -3966.98 885.97 885.97
  -3956.98 884.97 884.97
  -3946.97 883.98 883.98
  -3936.97 882.99 882.99
  -3926.96 882.00 882.00
  -3916.96 881.01 881.01
  -3906.95 880.03 880.03
  -3896.95 879.05 879.05
  -3886.94 878.07 878.07
  -3876.94 877.09 877.09
  -3866.93 876.11 876.11
  -3856.93 875.14 875.14
  -3846.92 874.16 874.16
  -3836.92 873.19 873.19
  -3826.91 872.23 872.23
  -3816.91 871.26 871.26
  -3806.90 870.30 870.30
  -3796.90 869.33 869.33
  -3786.89 868.37 868.37
  -3776.89 867.42 867.42
  -3766.88 866.46 866.46
  -3756.88 865.51 865.51
  -3746.87 864.56 864.56
  -3736.87 863.61 863.61
  -3726.86 862.66 862.66
  -3716.86 861.72 861.72
  -3706.85 860.77 860.77
  -3696.85 859.83 859.83
  -3686.84 858.89 858.89
  -3676.84 857.96 857.96
  -3666.83 857.02 857.02
  -3656.83 856.09 856.09
  -3646.82 855.16 855.16
  -3636.82 854.23 854.23
  -3626.81 853.31 853.31
  -3616.81 852.38 852.38
  -3606.80 851.46 851.46
  -3596.80 850.54 850.54
  -3586.79 849.63 849.63
  -3576.79 848.71 848.71
  -3566.78 847.80 847.80
  -3556.78 846.89 846.89
  -3546.77 845.98 845.98
  -3536.77 845.08 845.08
  -3526.76 844.17 844.17
  -3516.76 843.27 843.27
  -3506.75 842.37 842.37
  -3496.75 841.48 841.48
  -3486.74 840.58 840.58
  -3476.74 839.69 839.69
  -3466.73 838.80 838.80
  -3456.73 837.91 837.91
  -3446.72 837.02 837.02
  -3436.72 836.14 836.14
  -3426.71 835.26 835.26
  -3416.71 834.38 834.38
  -3406.70 833.50 833.50
  -3396.70 832.63 832.63
  -3386.69 831.76 831.76
  -3376.69 830.89 830.89
  -3366.68 830.02 830.02
  -3356.68 829.15 829.15
  -3346.67 828.29 828.29
  -3336.67 827.43 827.43
  -3326.66 826.57 826.57
  -3316.66 825.72 825.72
  -3306.65 824.86 824.86
  -3296.65 824.01 824.01
  -3286.64 823.16 823.16
  -3276.64 822.31 822.31
  -3266.63 821.47 821.47
  -3256.63 820.63 820.63
  -3246.62 819.79 819.79
  -3236.62 818.95 818.95
  -3226.61 818.11 818.11
  -3216.61 817.28 817.28
  -3206.60 816.45 816.45
  -3196.60 815.62 815.62
  -3186.59 814.80 814.80
  -3176.59 813.97 813.97
  -3166.58 813.15 813.15
  -3156.58 812.33 812.33
  -3146.57 811.51 811.51
  -3136.57 810.70 810.70
  -3126.56 809.89 809.89
  -3116.56 809.08 809.08
  -3106.55 808.27 808.27
  -3096.55 807.47 807.47
  -3086.54 806.66 806.66
  -3076.54 805.86 805.86
  -3066.53 805.07 805.07
  -3056.53 804.27 804.27
  -3046.52 803.48 803.48
  -3036.52 802.69 802.69
  -3026.51 801.90 801.90
  -3016.51 801.11 801.11
  -3006.50 800.33 800.33
  -2996.50 799.55 799.55
  -2986.49 798.77 798.77
  -2976.49 797.99 797.99
  -2966.48 797.22 797.22
  -2956.48 796.45 796.45
  -2946.47 795.68 795.68
  -2936.47 794.91 794.91
  -2926.46 794.15 794.15
  -2916.46 793.39 793.39
  -2906.45 792.63 792.63
  -2896.45 791.87 791.87
  -2886.44 791.11 791.11
  -2876.44 790.36 790.36
  -2866.43 789.61 789.61
  -2856.43 788.87 788.87
  -2846.42 788.12 788.12
  -2836.42 787.38 787.38
  -2826.41 786.64 786.64
  -2816.41 785.90 785.90
  -2806.40 785.17 785.17
  -2796.40 784.43 784.43
  -2786.39 783.70 783.70
  -2776.39 782.97 782.97
  -2766.38 782.25 782.25
  -2756.38 781.53 781.53
  -2746.37 780.81 780.81
  -2736.37 780.09 780.09
  -2726.36 779.37 779.37
  -2716.36 778.66 778.66
  -2706.35 777.95 777.95
  -2696.35 777.24 777.24
  -2686.34 776.53 776.53
  -2676.34 775.83 775.83
  -2666.33 775.13 775.13
  -2656.33 774.43 774.43
  -2646.32 773.74 773.74
  -2636.32 773.04 773.04
  -2626.31 772.35 772.35
  -2616.31 771.66 771.66
  -2606.30 770.98 770.98
  -2596.30 770.29 770.29
  -2586.29 769.61 769.61
  -2576.29 768.93 768.93
  -2566.28 768.26 768.26
  -2556.28 767.59 767.59
  -2546.27 766.91 766.91
  -2536.27 766.25 766.25
  -2526.26 765.58 765.58
  -2516.26 764.92 764.92
  -2506.25 764.26 764.26
  -2496.25 763.60 763.60
  -2486.24 762.94 762.94
  -2476.24 762.29 762.29
  -2466.23 761.64 761.64
  -2456.23 760.99 760.99
  -2446.22 760.34 760.34
  -2436.22 759.70 759.70
  -2426.21 759.06 759.06
  -2416.21 758.42 758.42
  -2406.20 757.78 757.78
  -2396.20 757.15 757.15
  -2386.19 756.52 756.52
  -2376.19 755.89 755.89
  -2366.18 755.27 755.27
  -2356.18 754.64 754.64
  -2346.17 754.02 754.02
  -2336.17 753.40 753.40
  -2326.16 752.79 752.79
  -2316.16 752.18 752.18
  -2306.15 751.56 751.56
  -2296.15 750.96 750.96
  -2286.14 750.35 750.35
  -2276.14 749.75 749.75
  -2266.13 749.15 749.15
  -2256.13 748.55 748.55
  -2246.12 747.95 747.95
  -2236.12 747.36 747.36
  -2226.11 746.77 746.77
  -2216.11 746.18 746.18
  -2206.10 745.60 745.60
  -2196.10 745.02 745.02
  -2186.09 744.44 744.44
  -2176.09 743.86 743.86
  -2166.08 743.28 743.28
  -2156.08 742.71 742.71
  -2146.07 742.14 742.14
  -2136.07 741.57 741.57
  -2126.06 741.01 741.01
  -2116.06 740.45 740.45
  -2106.05 739.89 739.89
  -2096.05 739.33 739.33
  -2086.04 738.78 738.78
  -2076.04 738.23 738.23
  -2066.03 737.68 737.68
  -2056.03 737.13 737.13
  -2046.02 736.59 736.59
  -2036.02 736.04 736.04
  -2026.01 735.51 735.51
  -2016.01 734.97 734.97
  -2006.00 734.44 734.44
  -1996.00 733.90 733.90
  -1985.99 733.38 733.38
  -1975.99 732.85 732.85
  -1965.98 732.33 732.33
  -1955.98 731.81 731.81
  -1945.97 731.29 731.29
  -1935.97 730.77 730.77
  -1925.96 730.26 730.26
  -1915.96 729.75 729.75
  -1905.95 729.24 729.24
  -1895.95 728.73 728.73
  -1885.94 728.23 728.23
  -1875.94 727.73 727.73
  -1865.93 727.23 727.23
  -1855.93 726.74 726.74
  -1845.92 726.25 726.25
  -1835.92 725.76 725.76
  -1825.91 725.27 725.27
  -1815.91 724.79 724.79
  -1805.90 724.30 724.30
  -1795.90 723.82 723.82
  -1785.89 723.35 723.35
  -1775.89 722.87 722.87
  -1765.88 722.40 722.40
  -1755.88 721.93 721.93
  -1745.87 721.47 721.47
  -1735.87 721.00 721.00
  -1725.86 720.54 720.54
  -1715.86 720.08 720.08
  -1705.85 719.63 719.63
  -1695.85 719.18 719.18
  -1685.84 718.72 718.72
  -1675.84 718.28 718.28
  -1665.83 717.83 717.83
  -1655.83 717.39 717.39
  -1645.82 716.95 716.95
  -1635.82 716.51 716.51
  -1625.81 716.08 716.08
  -1615.81 715.64 715.64
  -1605.80 715.21 715.21
  -1595.80 714.79 714.79
  -1585.79 714.36 714.36
  -1575.79 713.94 713.94
  -1565.78 713.52 713.52
  -1555.78 713.11 713.11
  -1545.77 712.69 712.69
  -1535.77 712.28 712.28
  -1525.76 711.87 711.87
  -1515.76 711.47 711.47
  -1505.75 711.06 711.06
  -1495.75 710.66 710.66
  -1485.74 710.26 710.26
  -1475.74 709.87 709.87
  -1465.73 709.48 709.48
  -1455.73 709.09 709.09
  -1445.72 708.70 708.70
  -1435.72 708.31 708.31
  -1425.71 707.93 707.93
  -1415.71 707.55 707.55
  -1405.70 707.17 707.17
  -1395.70 706.80 706.80
  -1385.69 706.43 706.43
  -1375.69 706.06 706.06
  -1365.68 705.69 705.69
  -1355.68 705.33 705.33
  -1345.67 704.97 704.97
  -1335.67 704.61 704.61
  -1325.66 704.25 704.25
  -1315.66 703.90 703.90
  -1305.65 703.55 703.55
  -1295.65 703.20 703.20
  -1285.64 702.86 702.86
  -1275.64 702.51 702.51
  -1265.63 702.17 702.17
  -1255.63 701.84 701.84
  -1245.62 701.50 701.50
  -1235.62 701.17 701.17
  -1225.61 700.84 700.84
  -1215.61 700.51 700.51
  -1205.60 700.19 700.19
  -1195.60 699.87 699.87
  -1185.59 699.55 699.55
  -1175.59 699.23 699.23
  -1165.58 698.92 698.92
  -1155.58 698.61 698.61
  -1145.57 698.30 698.30
  -1135.57 698.00 698.00
  -1125.56 697.69 697.69
  -1115.56 697.39 697.39
  -1105.55 697.10 697.10
  -1095.55 696.80 696.80
  -1085.54 696.51 696.51
  -1075.54 696.22 696.22
  -1065.53 695.93 695.93
  -1055.53 695.65 695.65
  -1045.52 695.37 695.37
  -1035.52 695.09 695.09
  -1025.51 694.81 694.81
  -1015.51 694.54 694.54
  -1005.50 694.27 694.27
   -995.50 694.00 694.00
   -985.49 693.73 693.73
   -975.49 693.47 693.47
   -965.48 693.21 693.21
   -955.48 692.95 692.95
   -945.47 692.70 692.70
   -935.47 692.45 692.45
   -925.46 692.20 692.20
   -915.46 691.95 691.95
   -905.45 691.71 691.71
   -895.45 691.46 691.46
   -885.44 691.23 691.23
   -875.44 690.99 690.99
   -865.43 690.76 690.76
   -855.43 690.52 690.52
   -845.42 690.30 690.30
   -835.42 690.07 690.07
   -825.41 689.85 689.85
   -815.41 689.63 689.63
   -805.40 689.41 689.41
   -795.40 689.20 689.20
   -785.39 688.98 688.98
   -775.39 688.77 688.77
   -765.38 688.57 688.57
   -755.38 688.36 688.36
   -745.37 688.16 688.16
   -735.37 687.96 687.96
   -725.36 687.77 687.77
   -715.36 687.57 687.57
   -705.35 687.38 687.38
   -695.35 687.20 687.20
   -685.34 687.01 687.01
   -675.34 686.83 686.83
   -665.33 686.65 686.65
   -655.33 686.47 686.47
   -645.32 686.30 686.30
   -635.32 686.12 686.12
   -625.31 685.95 685.95
   -615.31 685.79 685.79
   -605.30 685.62 685.62
   -595.30 685.46 685.46
   -585.29 685.30 685.30
   -575.29 685.15 685.15
   -565.28 685.00 685.00
   -555.28 684.85 684.85
   -545.27 684.70 684.70
   -535.27 684.55 684.55
   -525.26 684.41 684.41
   -515.26 684.27 684.27
   -505.25 684.13 684.13
   -495.25 684.00 684.00
   -485.24 683.87 683.87
   -475.24 683.74 683.74
   -465.23 683.61 683.61
   -455.23 683.49 683.49
   -445.22 683.37 683.37
   -435.22 683.25 683.25
   -425.21 683.13 683.13
   -415.21 683.02 683.02
   -405.20 682.91 682.91
   -395.20 682.80 682.80
   -385.19 682.70 682.70
   -375.19 682.60 682.60
   -365.18 682.50 682.50
   -355.18 682.40 682.40
   -345.17 682.31 682.31
   -335.17 682.21 682.21
   -325.16 682.13 682.13
   -315.16 682.04 682.04
   -305.15 681.96 681.96
   -295.15 681.88 681.88
   -285.14 681.80 681.80
   -275.14 681.72 681.72
   -265.13 681.65 681.65
   -255.13 681.58 681.58
   -245.12 681.51 681.51
   -235.12 681.45 681.45
   -225.11 681.39 681.39
   -215.11 681.33 681.33
   -205.10 681.27 681.27
   -195.10 681.22 681.22
   -185.09 681.17 681.17
   -175.09 681.12 681.12
   -165.08 681.07 681.07
   -155.08 681.03 681.03
   -145.07 680.99 680.99
   -135.07 680.95 680.95
   -125.06 680.92 680.92
   -115.06 680.88 680.88
   -105.05 680.85 680.85
    -95.05 680.83 680.83
    -85.04 680.80 680.80
    -75.04 680.78 680.78
    -65.03 680.76 680.76
    -55.03 680.75 680.75
    -45.02 680.73 680.73
    -35.02 680.72 680.72
    -25.01 680.71 680.71
    -15.01 680.71 680.71
     -5.00 680.71 680.71
      5.00 680.71 680.71
     15.01 680.71 680.71
     25.01 680.71 680.71
     35.02 680.72 680.72
     45.02 680.73 680.73
     55.03 680.75 680.75
     65.03 680.76 680.76
     75.04 680.78 680.78
     85.04 680.80 680.80
     95.05 680.83 680.83
    105.05 680.85 680.85
    115.06 680.88 680.88
    125.06 680.92 680.92
    135.07 680.95 680.95
    145.07 680.99 680.99
    155.08 681.03 681.03
    165.08 681.07 681.07
    175.09 681.12 681.12
    185.09 681.17 681.17
    195.10 681.22 681.22
    205.10 681.27 681.27
    215.11 681.33 681.33
    225.11 681.39 681.39
    235.12 681.45 681.45
    245.12 681.51 681.51
    255.13 681.58 681.58
    265.13 681.65 681.65
    275.14 681.72 681.72
    285.14 681.80 681.80
    295.15 681.88 681.88
    305.15 681.96 681.96
    315.16 682.04 682.04
    325.16 682.13 682.13
    335.17 682.21 682.21
    345.17 682.31 682.31
    355.18 682.40 682.40
    365.18 682.50 682.50
    375.19 682.60 682.60
    385.19 682.70 682.70
    395.20 682.80 682.80
    405.20 682.91 682.91
    415.21 683.02 683.02
    425.21 683.13 683.13
    435.22 683.25 683.25
    445.22 683.37 683.37
    455.23 683.49 683.49
    465.23 683.61 683.61
    475.24 683.74 683.74
    485.24 683.87 683.87
    495.25 684.00 684.00
    505.25 684.13 684.13
    515.26 684.27 684.27
    525.26 684.41 684.41
    535.27 684.55 684.55
    545.27 684.70 684.70
    555.28 684.85 684.85
    565.28 685.00 685.00
    575.29 685.15 685.15
    585.29 685.30 685.30
    595.30 685.46 685.46
    605.30 685.62 685.62
    615.31 685.79 685.79
    625.31 685.95 685.95
    635.32 686.12 686.12
    645.32 686.30 686.30
    655.33 686.47 686.47
    665.33 686.65 686.65
    675.34 686.83 686.83
    685.34 687.01 687.01
    695.35 687.20 687.20
    705.35 687.38 687.38
    715.36 687.57 687.57
    725.36 687.77 687.77
    735.37 687.96 687.96
    745.37 688.16 688.16
    755.38 688.36 688.36
    765.38 688.57 688.57
    775.39 688.77 688.77
    785.39 688.98 688.98
    795.40 689.20 689.20
    805.40 689.41 689.41
    815.41 689.63 689.63
    825.41 689.85 689.85
    835.42 690.07 690.07
    845.42 690.30 690.30
    855.43 690.52 690.52
    865.43 690.76 690.76
    875.44 690.99 690.99
    885.44 691.23 691.23
    895.45 691.46 691.46
    905.45 691.71 691.71
    915.46 691.95 691.95
    925.46 692.20 692.20
    935.47 692.45 692.45
    945.47 692.70 692.70
    955.48 692.95 692.95
    965.48 693.21 693.21
    975.49 693.47 693.47
    985.49 693.73 693.73
    995.50 694.00 694.00
   1005.50 694.27 694.27
   1015.51 694.54 694.54
   1025.51 694.81 694.81
   1035.52 695.09 695.09
   1045.52 695.37 695.37
   1055.53 695.65 695.65
   1065.53 695.93 695.93
   1075.54 696.22 696.22
   1085.54 696.51 696.51
   1095.55 696.80 696.80
   1105.55 697.10 697.10
   1115.56 697.39 697.39
   1125.56 697.69 697.69
   1135.57 698.00 698.00
   1145.57 698.30 698.30
   1155.58 698.61 698.61
   1165.58 698.92 698.92
   1175.59 699.23 699.23
   1185.59 699.55 699.55
   1195.60 699.87 699.87
   1205.60 700.19 700.19
   1215.61 700.51 700.51
   1225.61 700.84 700.84
   1235.62 701.17 701.17
   1245.62 701.50 701.50
   1255.63 701.84 701.84
   1265.63 702.17 702.17
   1275.64 702.51 702.51
   1285.64 702.86 702.86
   1295.65 703.20 703.20
   1305.65 703.55 703.55
   1315.66 703.90 703.90
   1325.66 704.25 704.25
   1335.67 704.61 704.61
   1345.67 704.97 704.97
   1355.68 705.33 705.33
   1365.68 705.69 705.69
   1375.69 706.06 706.06
   1385.69 706.43 706.43
   1395.70 706.80 706.80
   1405.70 707.17 707.17
   1415.71 707.55 707.55
   1425.71 707.93 707.93
   1435.72 708.31 708.31
   1445.72 708.70 708.70
   1455.73 709.09 709.09
   1465.73 709.48 709.48
   1475.74 709.87 709.87
   1485.74 710.26 710.26
   1495.75 710.66 710.66
   1505.75 711.06 711.06
   1515.76 711.47 711.47
   1525.76 711.87 711.87
   1535.77 712.28 712.28
   1545.77 712.69 712.69
   1555.78 713.11 713.11
   1565.78 713.52 713.52
   1575.79 713.94 713.94
   1585.79 714.36 714.36
   1595.80 714.79 714.79
   1605.80 715.21 715.21
   1615.81 715.64 715.64
   1625.81 716.08 716.08
   1635.82 716.51 716.51
   1645.82 716.95 716.95
   1655.83 717.39 717.39
   1665.83 717.83 717.83
   1675.84 718.28 718.28
   1685.84 718.72 718.72
   1695.85 719.18 719.18
   1705.85 719.63 719.63
   1715.86 720.08 720.08
   1725.86 720.54 720.54
   1735.87 721.00 721.00
   1745.87 721.47 721.47
   1755.88 721.93 721.93
   1765.88 722.40 722.40
   1775.89 722.87 722.87
   1785.89 723.35 723.35
   1795.90 723.82 723.82
   1805.90 724.30 724.30
   1815.91 724.79 724.79
   1825.91 725.27 725.27
   1835.92 725.76 725.76
   1845.92 726.25 726.25
   1855.93 726.74 726.74
   1865.93 727.23 727.23
   1875.94 727.73 727.73
   1885.94 728.23 728.23
   1895.95 728.73 728.73
   1905.95 729.24 729.24
   1915.96 729.75 729.75
   1925.96 730.26 730.26
   1935.97 730.77 730.77
   1945.97 731.29 731.29
   1955.98 731.81 731.81
   1965.98 732.33 732.33
   1975.99 732.85 732.85
   1985.99 733.38 733.38
   1996.00 733.90 733.90
   2006.00 734.44 734.44
   2016.01 734.97 734.97
   2026.01 735.51 735.51
   2036.02 736.04 736.04
   2046.02 736.59 736.59
   2056.03 737.13 737.13
   2066.03 737.68 737.68
   2076.04 738.23 738.23
   2086.04 738.78 738.78
   2096.05 739.33 739.33
   2106.05 739.89 739.89
   2116.06 740.45 740.45
   2126.06 741.01 741.01
   2136.07 741.57 741.57
   2146.07 742.14 742.14
   2156.08 742.71 742.71
   2166.08 743.28 743.28
   2176.09 743.86 743.86
   2186.09 744.44 744.44
   2196.10 745.02 745.02
   2206.10 745.60 745.60
   2216.11 746.18 746.18
   2226.11 746.77 746.77
   2236.12 747.36 747.36
   2246.12 747.95 747.95
   2256.13 748.55 748.55
   2266.13 749.15 749.15
   2276.14 749.75 749.75
   2286.14 750.35 750.35
   2296.15 750.96 750.96
   2306.15 751.56 751.56
   2316.16 752.18 752.18
   2326.16 752.79 752.79
   2336.17 753.40 753.40
   2346.17 754.02 754.02
   2356.18 754.64 754.64
   2366.18 755.27 755.27
   2376.19 755.89 755.89
   2386.19 756.52 756.52
   2396.20 757.15 757.15
   2406.20 757.78 757.78
   2416.21 758.42 758.42
   2426.21 759.06 759.06
   2436.22 759.70 759.70
   2446.22 760.34 760.34
   2456.23 760.99 760.99
   2466.23 761.64 761.64
   2476.24 762.29 762.29
   2486.24 762.94 762.94
   2496.25 763.60 763.60
   2506.25 764.26 764.26
   2516.26 764.92 764.92
   2526.26 765.58 765.58
   2536.27 766.25 766.25
   2546.27 766.91 766.91
   2556.28 767.59 767.59
   2566.28 768.26 768.26
   2576.29 768.93 768.93
   2586.29 769.61 769.61
   2596.30 770.29 770.29
   2606.30 770.98 770.98
   2616.31 771.66 771.66
   2626.31 772.35 772.35
   2636.32 773.04 773.04
   2646.32 773.74 773.74
   2656.33 774.43 774.43
   2666.33 775.13 775.13
   2676.34 775.83 775.83
   2686.34 776.53 776.53
   2696.35 777.24 777.24
   2706.35 777.95 777.95
   2716.36 778.66 778.66
   2726.36 779.37 779.37
   2736.37 780.09 780.09
   2746.37 780.81 780.81
   2756.38 781.53 781.53
   2766.38 782.25 782.25
   2776.39 782.97 782.97
   2786.39 783.70 783.70
   2796.40 784.43 784.43
   2806.40 785.17 785.17
   2816.41 785.90 785.90
   2826.41 786.64 786.64
   2836.42 787.38 787.38
   2846.42 788.12 788.12
   2856.43 788.87 788.87
   2866.43 789.61 789.61
   2876.44 790.36 790.36
   2886.44 791.11 791.11
   2896.45 791.87 791.87
   2906.45 792.63 792.63
   2916.46 793.39 793.39
   2926.46 794.15 794.15
   2936.47 794.91 794.91
   2946.47 795.68 795.68
   2956.48 796.45 796.45
   2966.48 797.22 797.22
   2976.49 797.99 797.99
   2986.49 798.77 798.77
   2996.50 799.55 799.55
   3006.50 800.33 800.33
   3016.51 801.11 801.11
   3026.51 801.90 801.90
   3036.52 802.69 802.69
   3046.52 803.48 803.48
   3056.53 804.27 804.27
   3066.53 805.07 805.07
   3076.54 805.86 805.86
   3086.54 806.66 806.66
   3096.55 807.47 807.47
   3106.55 808.27 808.27
   3116.56 809.08 809.08
   3126.56 809.89 809.89
   3136.57 810.70 810.70
   3146.57 811.51 811.51
   3156.58 812.33 812.33
   3166.58 813.15 813.15
   3176.59 813.97 813.97
   3186.59 814.80 814.80
   3196.60 815.62 815.62
   3206.60 816.45 816.45
   3216.61 817.28 817.28
   3226.61 818.11 818.11
   3236.62 818.95 818.95
   3246.62 819.79 819.79
   3256.63 820.63 820.63
   3266.63 821.47 821.47
   3276.64 822.31 822.31
   3286.64 823.16 823.16
   3296.65 824.01 824.01
   3306.65 824.86 824.86
   3316.66 825.72 825.72
   3326.66 826.57 826.57
   3336.67 827.43 827.43
   3346.67 828.29 828.29
   3356.68 829.15 829.15
   3366.68 830.02 830.02
   3376.69 830.89 830.89
   3386.69 831.76 831.76
   3396.70 832.63 832.63
   3406.70 833.50 833.50
   3416.71 834.38 834.38
   3426.71 835.26 835.26
   3436.72 836.14 836.14
   3446.72 837.02 837.02
   3456.73 837.91 837.91
   3466.73 838.80 838.80
   3476.74 839.69 839.69
   3486.74 840.58 840.58
   3496.75 841.48 841.48
   3506.75 842.37 842.37
   3516.76 843.27 843.27
   3526.76 844.17 844.17
   3536.77 845.08 845.08
   3546.77 845.98 845.98
   3556.78 846.89 846.89
   3566.78 847.80 847.80
   3576.79 848.71 848.71
   3586.79 849.63 849.63
   3596.80 850.54 850.54
   3606.80 851.46 851.46
   3616.81 852.38 852.38
   3626.81 853.31 853.31
   3636.82 854.23 854.23
   3646.82 855.16 855.16
   3656.83 856.09 856.09
   3666.83 857.02 857.02
   3676.84 857.96 857.96
   3686.84 858.89 858.89
   3696.85 859.83 859.83
   3706.85 860.77 860.77
   3716.86 861.72 861.72
   3726.86 862.66 862.66
   3736.87 863.61 863.61
   3746.87 864.56 864.56
   3756.88 865.51 865.51
   3766.88 866.46 866.46
   3776.89 867.42 867.42
   3786.89 868.37 868.37
   3796.90 869.33 869.33
   3806.90 870.30 870.30
   3816.91 871.26 871.26
   3826.91 872.23 872.23
   3836.92 873.19 873.19
   3846.92 874.16 874.16
   3856.93 875.14 875.14
   3866.93 876.11 876.11
   3876.94 877.09 877.09
   3886.94 878.07 878.07
   3896.95 879.05 879.05
   3906.95 880.03 880.03
   3916.96 881.01 881.01
   3926.96 882.00 882.00
   3936.97 882.99 882.99
   3946.97 883.98 883.98
   3956.98 884.97 884.97
   3966.98 885.97 885.97
   3976.99 886.96 886.96
   3986.99 887.96 887.96
   3997.00 888.96 888.96
   4007.00 889.96 889.96
   4017.01 890.97 890.97
   4027.01 891.98 891.98
   4037.02 892.98 892.98
   4047.02 893.99 893.99
   4057.03 895.01 895.01
   4067.03 896.02 896.02
   4077.04 897.04 897.04
   4087.04 898.06 898.06
   4097.05 899.08 899.08
   4107.05 900.10 900.10
   4117.06 901.12 901.12
   4127.06 902.15 902.15
   4137.07 903.18 903.18
   4147.07 904.21 904.21
   4157.08 905.24 905.24
   4167.08 906.27 906.27
   4177.09 907.31 907.31
   4187.09 908.34 908.34
   4197.10 909.38 909.38
   4207.10 910.42 910.42
   4217.11 911.47 911.47
   4227.11 912.51 912.51
   4237.12 913.56 913.56
   4247.12 914.61 914.61
   4257.13 915.66 915.66
   4267.13 916.71 916.71
   4277.14 917.76 917.76
   4287.14 918.82 918.82
   4297.15 919.87 919.87
   4307.15 920.93 920.93
   4317.16 921.99 921.99
   4327.16 923.06 923.06
   4337.17 924.12 924.12
   4347.17 925.19 925.19
   4357.18 926.25 926.25
   4367.18 927.32 927.32
   4377.19 928.40 928.40
   4387.19 929.47 929.47
   4397.20 930.54 930.54
   4407.20 931.62 931.62
   4417.21 932.70 932.70
   4427.21 933.78 933.78
   4437.22 934.86 934.86
   4447.22 935.94 935.94
   4457.23 937.03 937.03
   4467.23 938.11 938.11
   4477.24 939.20 939.20
   4487.24 940.29 940.29
   4497.25 941.38 941.38
   4507.25 942.48 942.48
   4517.26 943.57 943.57
   4527.26 944.67 944.67
   4537.27 945.76 945.76
   4547.27 946.86 946.86
   4557.28 947.96 947.96
   4567.28 949.07 949.07
   4577.29 950.17 950.17
   4587.29 951.28 951.28
   4597.30 952.38 952.38
   4607.30 953.49 953.49
   4617.31 954.60 954.60
   4627.31 955.71 955.71
   4637.32 956.83 956.83
   4647.32 957.94 957.94
   4657.33 959.06 959.06
   4667.33 960.18 960.18
   4677.34 961.29 961.29
   4687.34 962.41 962.41
   4697.35 963.54 963.54
   4707.35 964.66 964.66
   4717.36 965.78 965.78
   4727.36 966.91 966.91
   4737.37 968.04 968.04
   4747.37 969.17 969.17
   4757.38 970.30 970.30
   4767.38 971.43 971.43
   4777.39 972.56 972.56
   4787.39 973.69 973.69
   4797.40 974.83 974.83
   4807.40 975.97 975.97
   4817.41 977.10 977.10
   4827.41 978.24 978.24
   4837.42 979.38 979.38
   4847.42 980.53 980.53
   4857.43 981.67 981.67
   4867.43 982.81 982.81
   4877.44 983.96 983.96
   4887.44 985.11 985.11
   4897.45 986.25 986.25
   4907.45 987.40 987.40
   4917.46 988.55 988.55
   4927.46 989.70 989.70
   4937.47 990.86 990.86
   4947.47 992.01 992.01
   4957.48 993.16 993.16
   4967.48 994.32 994.32
   4977.49 995.48 995.48
   4987.49 996.64 996.64
   4997.50 997.79 997.79
   5007.50 998.95 998.95
   5017.51 1000.12 1000.12
   5027.51 1001.28 1001.28
   5037.52 1002.44 1002.44
   5047.52 1003.60 1003.60
   5057.53 1004.77 1004.77
   5067.53 1005.94 1005.94
   5077.54 1007.10 1007.10
   5087.54 1008.27 1008.27
   5097.55 1009.44 1009.44
   5107.55 1010.61 1010.61
   5117.56 1011.78 1011.78
   5127.56 1012.95 1012.95
   5137.57 1014.12 1014.12
   5147.57 1015.30 1015.30
   5157.58 1016.47 1016.47
   5167.58 1017.65 1017.65
   5177.59 1018.82 1018.82
   5187.59 1020.00 1020.00
   5197.60 1021.18 1021.18
   5207.60 1022.35 1022.35
   5217.61 1023.53 1023.53
   5227.61 1024.71 1024.71
   5237.62 1025.89 1025.89
   5247.62 1027.07 1027.07
   5257.63 1028.25 1028.25
   5267.63 1029.43 1029.43
   5277.64 1030.62 1030.62
   5287.64 1031.80 1031.80
   5297.65 1032.98 1032.98
   5307.65 1034.17 1034.17
   5317.66 1035.35 1035.35
   5327.66 1036.54 1036.54
   5337.67 1037.73 1037.73
   5347.67 1038.91 1038.91
   5357.68 1040.10 1040.10
   5367.68 1041.29 1041.29
   5377.69 1042.47 1042.47
   5387.69 1043.66 1043.66
   5397.70 1044.85 1044.85
   5407.70 1046.04 1046.04
   5417.71 1047.23 1047.23
   5427.71 1048.42 1048.42
   5437.72 1049.61 1049.61
   5447.72 1050.80 1050.80
   5457.73 1051.99 1051.99
   5467.73 1053.18 1053.18
   5477.74 1054.37 1054.37
   5487.74 1055.56 1055.56
   5497.75 1056.76 1056.76
   5507.75 1057.95 1057.95
   5517.76 1059.14 1059.14
   5527.76 1060.33 1060.33
   5537.77 1061.53 1061.53
   5547.77 1062.72 1062.72
   5557.78 1063.91 1063.91
   5567.78 1065.10 1065.10
   5577.79 1066.30 1066.30
   5587.79 1067.49 1067.49
   5597.80 1068.68 1068.68
   5607.80 1069.87 1069.87
   5617.81 1071.07 1071.07
   5627.81 1072.26 1072.26
   5637.82 1073.45 1073.45
   5647.82 1074.64 1074.64
   5657.83 1075.84 1075.84
   5667.83 1077.03 1077.03
   5677.84 1078.22 1078.22
   5687.84 1079.41 1079.41
   5697.85 1080.60 1080.60
   5707.85 1081.79 1081.79
   5717.86 1082.98 1082.98
   5727.86 1084.17 1084.17
   5737.87 1085.36 1085.36
   5747.87 1086.55 1086.55
   5757.88 1087.74 1087.74
   5767.88 1088.93 1088.93
   5777.89 1090.12 1090.12
   5787.89 1091.31 1091.31
   5797.90 1092.50 1092.50
   5807.90 1093.69 1093.69
   5817.91 1094.87 1094.87
   5827.91 1096.06 1096.06
   5837.92 1097.24 1097.24
   5847.92 1098.43 1098.43
   5857.93 1099.61 1099.61
   5867.93 1100.80 1100.80
   5877.94 1101.98 1101.98
   5887.94 1103.16 1103.16
   5897.95 1104.34 1104.34
   5907.95 1105.52 1105.52
   5917.96 1106.70 1106.70
   5927.96 1107.88 1107.88
   5937.97 1109.06 1109.06
   5947.97 1110.24 1110.24
   5957.98 1111.41 1111.41
   5967.98 1112.59 1112.59
   5977.99 1113.76 1113.76
   5987.99 1114.94 1114.94
   5998.00 1116.11 1116.11
   6008.00 1117.28 1117.28
   6018.01 1118.45 1118.45
   6028.01 1119.62 1119.62
   6038.02 1120.79 1120.79
   6048.02 1121.96 1121.96
   6058.03 1123.12 1123.12
   6068.03 1124.29 1124.29
   6078.04 1125.45 1125.45
   6088.04 1126.61 1126.61
   6098.05 1127.77 1127.77
   6108.05 1128.93 1128.93
   6118.06 1130.09 1130.09
   6128.06 1131.25 1131.25
   6138.07 1132.40 1132.40
   6148.07 1133.55 1133.55
   6158.08 1134.71 1134.71
   6168.08 1135.86 1135.86
   6178.09 1137.01 1137.01
   6188.09 1138.15 1138.15
   6198.10 1139.30 1139.30
   6208.10 1140.44 1140.44
   6218.11 1141.58 1141.58
   6228.11 1142.72 1142.72
   6238.12 1143.86 1143.86
   6248.12 1145.00 1145.00
   6258.13 1146.13 1146.13
   6268.13 1147.27 1147.27
   6278.14 1148.40 1148.40
   6288.14 1149.53 1149.53
   6298.15 1150.65 1150.65
   6308.15 1151.78 1151.78
   6318.16 1152.90 1152.90
   6328.16 1154.02 1154.02
   6338.17 1155.14 1155.14
   6348.17 1156.26 1156.26
   6358.18 1157.37 1157.37
   6368.18 1158.48 1158.48
   6378.19 1159.59 1159.59
   6388.19 1160.70 1160.70
   6398.20 1161.81 1161.81
   6408.20 1162.91 1162.91
   6418.21 1164.01 1164.01
   6428.21 1165.11 1165.11
   6438.22 1166.20 1166.20
   6448.22 1167.29 1167.29
   6458.23 1168.38 1168.38
   6468.23 1169.47 1169.47
   6478.24 1170.56 1170.56
   6488.24 1171.64 1171.64
   6498.25 1172.72 1172.72
   6508.25 1173.79 1173.79
   6518.26 1174.87 1174.87
   6528.26 1175.94 1175.94
   6538.27 1177.01 1177.01
   6548.27 1178.07 1178.07
   6558.28 1179.13 1179.13
   6568.28 1180.19 1180.19
   6578.29 1181.25 1181.25
   6588.29 1182.30 1182.30
   6598.30 1183.35 1183.35
   6608.30 1184.40 1184.40
   6618.31 1185.44 1185.46
   6628.31 1186.48 1186.52
   6638.32 1187.51 1187.58
   6648.32 1188.55 1188.65
   6658.33 1189.58 1189.72
   6668.33 1190.60 1190.80
   6678.34 1191.63 1191.88
   6688.34 1192.65 1192.96
   6698.35 1193.66 1194.04
   6708.35 1194.67 1195.13
   6718.36 1195.68 1196.22
   6728.36 1196.69 1197.32
   6738.37 1197.69 1198.42
   6748.37 1198.68 1199.52
   6758.38 1199.68 1200.63
   6768.38 1200.66 1201.74
   6778.39 1201.65 1202.86
   6788.39 1202.63 1203.97
   6798.40 1203.61 1205.10
   6808.40 1204.58 1206.22
   6818.41 1205.55 1207.35
   6828.41 1206.51 1208.48
   6838.42 1207.48 1209.62
   6848.42 1208.43 1210.76
   6858.43 1209.38 1211.90
   6868.43 1210.33 1213.04
   6878.44 1211.27 1214.19
   6888.44 1212.21 1215.35
   6898.45 1213.15 1216.50
   6908.45 1214.08 1217.66
   6918.46 1215.00 1218.83
   6928.46 1215.92 1219.99
   6938.47 1216.84 1221.16
   6948.47 1217.75 1222.34
   6958.48 1218.65 1223.51
   6968.48 1219.56 1224.69
   6978.49 1220.45 1225.88
   6988.49 1221.34 1227.06
   6998.50 1222.23 1228.25
   7008.50 1223.11 1229.45
   7018.51 1223.99 1230.65
   7028.51 1224.86 1231.85
   7038.52 1225.72 1233.05
   7048.52 1226.58 1234.26
   7058.53 1227.44 1235.47
   7068.53 1228.29 1236.68
   7078.54 1229.13 1237.90
   7088.54 1229.97 1239.12
   7098.55 1230.81 1240.34
   7108.55 1231.63 1241.57
   7118.56 1232.46 1242.80
   7128.56 1233.27 1244.03
   7138.57 1234.08 1245.27
   7148.57 1234.89 1246.51
   7158.58 1235.69 1247.75
   7168.58 1236.48 1249.00
   7178.59 1237.27 1250.24
   7188.59 1238.05 1251.50
   7198.60 1238.83 1252.75
   7208.60 1239.60 1254.01
   7218.61 1240.36 1255.27
   7228.61 1241.12 1256.54
   7238.62 1241.87 1257.80
   7248.62 1242.61 1259.08
   7258.63 1243.35 1260.35
   7268.63 1244.08 1261.63
   7278.64 1244.81 1262.91
   7288.64 1245.53 1264.19
   7298.65 1246.24 1265.47
   7308.65 1246.94 1266.76
   7318.66 1247.64 1268.06
   7328.66 1248.34 1269.35
   7338.67 1249.02 1270.65
   7348.67 1249.70 1271.95
   7358.68 1250.37 1273.25
   7368.68 1251.04 1274.56
   7378.69 1251.69 1275.87
   7388.69 1252.34 1277.18
   7398.70 1252.99 1278.50
   7408.70 1253.62 1279.82
   7418.71 1254.25 1281.14
   7428.71 1254.88 1282.46
   7438.72 1255.49 1283.79
   7448.72 1256.10 1285.12
   7458.73 1256.70 1286.45
   7468.73 1257.29 1287.79
   7478.74 1257.87 1289.13
   7488.74 1258.45 1290.47
   7498.75 1259.02 1291.81
   7508.75 1259.58 1293.16
   7518.76 1260.13 1294.51
   7528.76 1260.68 1295.86
   7538.77 1261.22 1297.22
   7548.77 1261.75 1298.58
   7558.78 1262.27 1299.94
   7568.78 1262.78 1301.30
   7578.79 1263.29 1302.67
   7588.79 1263.79 1304.04
   7598.80 1264.28 1305.41
   7608.80 1264.76 1306.78
   7618.81 1265.23 1308.16
   7628.81 1265.69 1309.54
   7638.82 1266.15 1310.92
   7648.82 1266.59 1312.31
   7658.83 1267.03 1313.70
   7668.83 1267.46 1315.09
   7678.84 1267.88 1316.48
   7688.84 1268.30 1317.87
   7698.85 1268.70 1319.27
   7708.85 1269.09 1320.67
   7718.86 1269.48 1322.07
   7728.86 1269.86 1323.48
   7738.87 1270.22 1324.89
   7748.87 1270.58 1326.30
   7758.88 1270.93 1327.71
   7768.88 1271.27 1329.12
   7778.89 1271.60 1330.54
   7788.89 1271.92 1331.96
   7798.90 1272.24 1333.38
   7808.90 1272.54 1334.81
   7818.91 1272.83 1336.23
   7828.91 1273.11 1337.66
   7838.92 1273.39 1339.09
   7848.92 1273.65 1340.53
   7858.93 1273.91 1341.96
   7868.93 1274.15 1343.40
   7878.94 1274.39 1344.84
   7888.94 1274.61 1346.28
   7898.95 1274.83 1347.73
   7908.95 1275.03 1349.17
   7918.96 1275.22 1350.62
   7928.96 1275.41 1352.07
   7938.97 1275.58 1353.53
   7948.97 1275.75 1354.98
   7958.98 1275.90 1356.44
   7968.98 1276.04 1357.90
   7978.99 1276.18 1359.36
   7988.99 1276.30 1360.82
   7999.00 1276.41 1362.28
   8009.00 1276.51 1363.75
   8019.01 1276.60 1365.22
   8029.01 1276.68 1366.69
   8039.02 1276.75 1368.16
   8049.02 1276.81 1369.64
   8059.03 1276.86 1371.11
   8069.03 1276.89 1372.59
   8079.04 1276.92 1374.07
   8089.04 1276.93 1375.55
   8099.05 1276.94 1377.04
   8109.05 1276.93 1378.52
   8119.06 1276.91 1380.01
   8129.06 1276.88 1381.50
   8139.07 1276.84 1382.99
   8149.07 1276.78 1384.48
   8159.08 1276.72 1385.97
   8169.08 1276.64 1387.47
   8179.09 1276.56 1388.96
   8189.09 1276.46 1390.46
   8199.10 1276.35 1391.96
   8209.10 1276.22 1393.47
   8219.11 1276.09 1394.97
   8229.11 1275.94 1396.47
   8239.12 1275.79 1397.98
   8249.12 1275.62 1399.49
   8259.13 1275.44 1401.00
   8269.13 1275.24 1402.51
   8279.14 1275.04 1404.02
   8289.14 1274.82 1405.53
   8299.15 1274.59 1407.05
   8309.15 1274.35 1408.56
   8319.16 1274.09 1410.08
   8329.16 1273.82 1411.60
   8339.17 1273.55 1413.12
   8349.17 1273.25 1414.64
   8359.18 1272.95 1416.16
   8369.18 1272.63 1417.69
   8379.19 1272.30 1419.21
   8389.19 1271.96 1420.74
   8399.20 1271.61 1422.26
   8409.20 1271.24 1423.79
   8419.21 1270.86 1425.32
   8429.21 1270.47 1426.85
   8439.22 1270.06 1428.38
   8449.22 1269.64 1429.91
   8459.23 1269.21 1431.44
   8469.23 1268.77 1432.98
   8479.24 1268.31 1434.51
   8489.24 1267.84 1436.05
   8499.25 1267.36 1437.58
   8509.25 1266.86 1439.12
   8519.26 1266.35 1440.66
   8529.26 1265.82 1442.20
   8539.27 1265.29 1443.74
   8549.27 1264.74 1445.28
   8559.28 1264.17 1446.82
   8569.28 1263.60 1448.36
   8579.29 1263.01 1449.90
   8589.29 1262.40 1451.45
   8599.30 1261.79 1452.99
   8609.30 1261.15 1454.53
   8619.31 1260.51 1456.08
   8629.31 1259.85 1457.62
   8639.32 1259.18 1459.17
   8649.32 1258.49 1460.72
   8659.33 1257.79 1462.27
   8669.33 1257.08 1463.81
   8679.34 1256.35 1465.36
   8689.34 1255.61 1466.91
   8699.35 1254.85 1468.47
   8709.35 1254.08 1470.02
   8719.36 1253.30 1471.57
   8729.36 1252.50 1473.13
   8739.37 1251.69 1474.69
   8749.37 1250.86 1476.25
   8759.38 1250.02 1477.81
   8769.38 1249.17 1479.38
   8779.39 1248.30 1480.95
   8789.39 1247.41 1482.52
   8799.40 1246.52 1484.09
   8809.40 1245.60 1485.66
   8819.41 1244.68 1487.24
   8829.41 1243.74 1488.82
   8839.42 1242.78 1490.40
   8849.42 1241.81 1491.99
   8859.43 1240.83 1493.57
   8869.43 1239.83 1495.16
   8879.44 1238.81 1496.75
   8889.44 1237.78 1498.35
   8899.45 1236.74 1499.94
   8909.45 1235.68 1501.54
   8919.46 1234.61 1503.14
   8929.46 1233.52 1504.74
   8939.47 1232.42 1506.34
   8949.47 1231.30 1507.95
   8959.48 1230.17 1509.56
   8969.48 1229.02 1511.17
   8979.49 1227.86 1512.78
   8989.49 1226.68 1514.39
   8999.50 1225.49 1516.00
   9009.50 1224.29 1517.62
   9019.51 1223.06 1519.24
   9029.51 1221.83 1520.86
   9039.52 1220.57 1522.48
   9049.52 1219.31 1524.10
   9059.53 1218.02 1525.73
   9069.53 1216.73 1527.36
   9079.54 1215.41 1528.98
   9089.54 1214.08 1530.61
   9099.55 1212.74 1532.25
   9109.55 1211.38 1533.88
   9119.56 1210.01 1535.51
   9129.56 1208.62 1537.15
   9139.57 1207.21 1538.79
   9149.57 1205.79 1540.43
   9159.58 1204.36 1542.07
   9169.58 1202.91 1543.71
   9179.59 1201.44 1545.35
   9189.59 1199.96 1546.99
   9199.60 1198.46 1548.64
   9209.60 1196.95 1550.28
   9219.61 1195.42 1551.93
   9229.61 1193.88 1553.58
   9239.62 1192.32 1555.23
   9249.62 1190.74 1556.88
   9259.63 1189.15 1558.53
   9269.63 1187.54 1560.19
   9279.64 1185.92 1561.84
   9289.64 1184.28 1563.49
   9299.65 1182.63 1565.15
   9309.65 1180.96 1566.80
   9319.66 1179.28 1568.46
   9329.66 1177.58 1570.12
   9339.67 1175.86 1571.78
   9349.67 1174.13 1573.44
   9359.68 1172.38 1575.10
   9369.68 1170.62 1576.76
   9379.69 1168.84 1578.42
   9389.69 1167.04 1580.08
   9399.70 1165.23 1581.74
   9409.70 1163.41 1583.41
   9419.71 1161.56 1585.07
   9429.71 1159.71 1586.73
   9439.72 1157.83 1588.40
   9449.72 1155.94 1590.06
   9459.73 1154.04 1591.73
   9469.73 1152.12 1593.39
   9479.74 1150.18 1595.06
   9489.74 1148.23 1596.72
   9499.75 1146.26 1598.39
   9509.75 1144.27 1600.06
   9519.76 1142.27 1601.72
   9529.76 1140.26 1603.39
   9539.77 1138.22 1605.06
   9549.77 1136.18 1606.72
   9559.78 1134.11 1608.39
   9569.78 1132.03 1610.05
   9579.79 1129.94 1611.72
   9589.79 1127.83 1613.39
   9599.80 1125.70 1615.05
   9609.80 1123.56 1616.72
   9619.81 1121.40 1618.38
   9629.81 1119.23 1620.05
   9639.82 1117.04 1621.72
   9649.82 1114.84 1623.38
   9659.83 1112.62 1625.04
   9669.83 1110.38 1626.71
   9679.84 1108.13 1628.37
   9689.84 1105.86 1630.04
   9699.85 1103.58 1631.70
   9709.85 1101.28 1633.36
   9719.86 1098.97 1635.02
   9729.86 1096.64 1636.68
   9739.87 1094.30 1638.34
   9749.87 1091.94 1640.00
   9759.88 1089.57 1641.66
   9769.88 1087.18 1643.32
   9779.89 1084.78 1644.98
   9789.89 1082.36 1646.64
   9799.90 1079.93 1648.29
   9809.90 1077.49 1649.95
   9819.91 1075.03 1651.60
   9829.91 1072.55 1653.26
   9839.92 1070.06 1654.91
   9849.92 1067.56 1656.56
   9859.93 1065.04 1658.21
   9869.93 1062.51 1659.86
   9879.94 1059.96 1661.51
   9889.94 1057.40 1663.16
   9899.95 1054.83 1664.80
   9909.95 1052.24 1666.45
   9919.96 1049.64 1668.09
   9929.96 1047.03 1669.74
   9939.97 1044.40 1671.38
   9949.97 1041.76 1673.02
   9959.98 1039.11 1674.66
   9969.98 1036.44 1676.29
   9979.99 1033.76 1677.93
   9989.99 1031.07 1679.57
  10000.00 1028.37 1681.20
