50000.00   0.00   0.00
100000.00   0.00   0.00
150000.00   0.00   0.00
200000.00   0.00   0.00
250000.00  90.00   0.00
300000.00 864.00   0.00
350000.00 1512.00 207.00
400000.00 1992.00 462.00
450000.00 2334.00 627.00
500000.00 2595.00 750.00
550000.00 2796.00 846.00
600000.00 2955.00 921.00
650000.00 3081.00 960.00
700000.00 3114.00 960.00
750000.00 3114.00 960.00
800000.00 3114.00 960.00
850000.00 3114.00 960.00
900000.00 3114.00 960.00
950000.00 3114.00 960.00
1000000.00 3114.00 960.00
1050000.00 3114.00 960.00
1100000.00 3114.00 960.00
1150000.00 3114.00 960.00
1200000.00 3114.00 960.00
1250000.00 3114.00 960.00
1300000.00 3114.00 960.00
1350000.00 3114.00 960.00
1400000.00 3114.00 960.00
1450000.00 3114.00 960.00
1500000.00 3114.00 960.00
1550000.00 3114.00 960.00
1600000.00 3114.00 960.00
1650000.00 3114.00 960.00
1700000.00 3114.00 960.00
1750000.00 3114.00 960.00
1800000.00 3114.00 960.00
1850000.00 3114.00 960.00
1900000.00 3114.00 960.00
1950000.00 3114.00 960.00
2000000.00 3114.00 960.00
2050000.00 3114.00 960.00
2100000.00 3114.00 960.00
2150000.00 3114.00 960.00
2200000.00 3114.00 960.00
2250000.00 3114.00 960.00
2300000.00 3114.00 960.00
2350000.00 3114.00 960.00
2400000.00 3114.00 960.00
2450000.00 3114.00 960.00
2500000.00 3114.00 960.00
2550000.00 3114.00 960.00
2600000.00 3114.00 960.00
2650000.00 3114.00 960.00
2700000.00 3114.00 960.00
2750000.00 3114.00 960.00
2800000.00 3114.00 960.00
2850000.00 3114.00 960.00
2900000.00 3114.00 960.00
2950000.00 3114.00 960.00
3000000.00 3114.00 960.00
3050000.00 3114.00 960.00
3100000.00 3114.00 960.00
3150000.00 3114.00 960.00
3200000.00 3114.00 960.00
3250000.00 3114.00 960.00
3300000.00 3114.00 960.00
3350000.00 3114.00 960.00
3400000.00 3114.00 960.00
3450000.00 3114.00 960.00
3500000.00 3114.00 960.00
3550000.00 3114.00 960.00
3600000.00 3114.00 960.00
3650000.00 3114.00 960.00
3700000.00 3114.00 960.00
3750000.00 3114.00 960.00
3800000.00 3114.00 960.00
3850000.00 3114.00 960.00
3900000.00 3114.00 960.00
3950000.00 3114.00 960.00
4000000.00 3114.00 960.00
4050000.00 3114.00 960.00
4100000.00 3114.00 960.00
4150000.00 3114.00 960.00
4200000.00 3114.00 960.00
4250000.00 3114.00 960.00
4300000.00 3114.00 960.00
4350000.00 3114.00 960.00
4400000.00 3114.00 960.00
4450000.00 3114.00 960.00
4500000.00 3114.00 960.00
4550000.00 3114.00 960.00
4600000.00 3114.00 960.00
4650000.00 3114.00 960.00
4700000.00 3114.00 960.00
4750000.00 3114.00 960.00
4800000.00 3114.00 960.00
4850000.00 3114.00 960.00
4900000.00 3114.00 960.00
4950000.00 3114.00 960.00
5000000.00 3114.00 960.00
5050000.00 3114.00 960.00
5100000.00 3114.00 960.00
5150000.00 3114.00 960.00
5200000.00 3114.00 960.00
5250000.00 3114.00 960.00
5300000.00 3114.00 960.00
5350000.00 3114.00 960.00
5400000.00 3114.00 960.00
5450000.00 3114.00 960.00
5500000.00 3114.00 960.00
5550000.00 3114.00 960.00
5600000.00 3114.00 960.00
5650000.00 3114.00 960.00
5700000.00 3114.00 960.00
5750000.00 3114.00 960.00
5800000.00 3114.00 960.00
5850000.00 3114.00 960.00
5900000.00 3114.00 960.00
5950000.00 3114.00 960.00
6000000.00 3114.00 960.00
6050000.00 3114.00 960.00
6100000.00 3114.00 960.00
6150000.00 3114.00 960.00
6200000.00 3114.00 960.00
6250000.00 3114.00 960.00
