      0.00 150.00 1100.00
      3.00 150.15 1098.94
      6.00 150.29 1097.88
      9.00 150.44 1096.82
     12.00 150.58 1095.76
     15.00 150.73 1094.70
     18.00 150.87 1093.64
     21.00 151.02 1092.58
     24.00 151.16 1091.52
     27.00 151.31 1090.46
     30.00 151.46 1089.41
     33.00 151.60 1088.35
     36.00 151.75 1087.30
     39.00 151.89 1086.24
     42.00 152.03 1085.19
     45.00 152.18 1084.14
     48.00 152.32 1083.08
     51.00 152.47 1082.03
     54.00 152.61 1080.98
     57.00 152.76 1079.93
     60.00 152.90 1078.88
     63.00 153.05 1077.83
     66.00 153.19 1076.78
     69.00 153.33 1075.73
     72.00 153.48 1074.69
     75.00 153.62 1073.64
     78.00 153.76 1072.59
     81.00 153.91 1071.55
     84.00 154.05 1070.50
     87.00 154.20 1069.46
     90.00 154.34 1068.42
     93.00 154.48 1067.37
     96.00 154.62 1066.33
     99.00 154.77 1065.29
    102.00 154.91 1064.25
    105.00 155.05 1063.21
    108.00 155.20 1062.17
    111.00 155.34 1061.13
    114.00 155.48 1060.09
    117.00 155.62 1059.05
    120.00 155.77 1058.02
    123.00 155.91 1056.98
    126.00 156.05 1055.94
    129.00 156.19 1054.91
    132.00 156.33 1053.87
    135.00 156.48 1052.84
    138.00 156.62 1051.81
    141.00 156.76 1050.78
    144.00 156.90 1049.74
    147.00 157.04 1048.71
    150.00 157.18 1047.68
    153.00 157.32 1046.65
    156.00 157.46 1045.62
    159.00 157.61 1044.59
    162.00 157.75 1043.57
    165.00 157.89 1042.54
    168.00 158.03 1041.51
    171.00 158.17 1040.49
    174.00 158.31 1039.46
    177.00 158.45 1038.44
    180.00 158.59 1037.41
    183.00 158.73 1036.39
    186.00 158.87 1035.37
    189.00 159.01 1034.35
    192.00 159.15 1033.32
    195.00 159.29 1032.30
    198.00 159.43 1031.28
    201.00 159.57 1030.26
    204.00 159.71 1029.25
    207.00 159.85 1028.23
    210.00 159.99 1027.21
    213.00 160.13 1026.19
    216.00 160.26 1025.18
    219.00 160.40 1024.16
    222.00 160.54 1023.15
    225.00 160.68 1022.13
    228.00 160.82 1021.12
    231.00 160.96 1020.11
    234.00 161.10 1019.09
    237.00 161.23 1018.08
    240.00 161.37 1017.07
    243.00 161.51 1016.06
    246.00 161.65 1015.05
    249.00 161.78 1014.04
    252.00 161.92 1013.04
    255.00 162.06 1012.03
    258.00 162.20 1011.02
    261.00 162.33 1010.02
    264.00 162.47 1009.01
    267.00 162.61 1008.00
    270.00 162.75 1007.00
    273.00 162.88 1006.00
    276.00 163.02 1004.99
    279.00 163.16 1003.99
    282.00 163.29 1002.99
    285.00 163.43 1001.99
    288.00 163.56 1000.99
    291.00 163.70 999.99
    294.00 163.84 998.99
    297.00 163.97 997.99
    300.00 164.11 997.00
    303.00 164.24 996.00
    306.00 164.38 995.00
    309.00 164.52 994.01
    312.00 164.65 993.01
    315.00 164.79 992.02
    318.00 164.92 991.02
    321.00 165.06 990.03
    324.00 165.19 989.04
    327.00 165.33 988.05
    330.00 165.46 987.06
    333.00 165.59 986.07
    336.00 165.73 985.08
    339.00 165.86 984.09
    342.00 166.00 983.10
    345.00 166.13 982.11
    348.00 166.26 981.13
    351.00 166.40 980.14
    354.00 166.53 979.16
    357.00 166.67 978.17
    360.00 166.80 977.19
    363.00 166.93 976.20
    366.00 167.07 975.22
    369.00 167.20 974.24
    372.00 167.33 973.26
    375.00 167.46 972.28
    378.00 167.60 971.30
    381.00 167.73 970.32
    384.00 167.86 969.34
    387.00 167.99 968.36
    390.00 168.13 967.38
    393.00 168.26 966.41
    396.00 168.39 965.43
    399.00 168.52 964.45
    402.00 168.65 963.48
    405.00 168.78 962.51
    408.00 168.92 961.53
    411.00 169.05 960.56
    414.00 169.18 959.59
    417.00 169.31 958.62
    420.00 169.44 957.65
    423.00 169.57 956.68
    426.00 169.70 955.71
    429.00 169.83 954.74
    432.00 169.96 953.77
    435.00 170.09 952.80
    438.00 170.22 951.84
    441.00 170.35 950.87
    444.00 170.48 949.91
    447.00 170.61 948.94
    450.00 170.74 947.98
    453.00 170.87 947.01
    456.00 171.00 946.05
    459.00 171.13 945.09
    462.00 171.26 944.13
    465.00 171.39 943.17
    468.00 171.52 942.21
    471.00 171.65 941.25
    474.00 171.77 940.29
    477.00 171.90 939.33
    480.00 172.03 938.38
    483.00 172.16 937.42
    486.00 172.29 936.46
    489.00 172.41 935.51
    492.00 172.54 934.56
    495.00 172.67 933.60
    498.00 172.80 932.65
    501.00 172.92 931.70
    504.00 173.05 930.74
    507.00 173.18 929.79
    510.00 173.31 928.84
    513.00 173.43 927.89
    516.00 173.56 926.95
    519.00 173.69 926.00
    522.00 173.81 925.05
    525.00 173.94 924.10
    528.00 174.06 923.16
    531.00 174.19 922.21
    534.00 174.32 921.27
    537.00 174.44 920.32
    540.00 174.57 919.38
    543.00 174.69 918.44
    546.00 174.82 917.50
    549.00 174.94 916.55
    552.00 175.07 915.61
    555.00 175.19 914.67
    558.00 175.32 913.73
    561.00 175.44 912.80
    564.00 175.57 911.86
    567.00 175.69 910.92
    570.00 175.82 909.99
    573.00 175.94 909.05
    576.00 176.06 908.11
    579.00 176.19 907.18
    582.00 176.31 906.25
    585.00 176.43 905.31
    588.00 176.56 904.38
    591.00 176.68 903.45
    594.00 176.80 902.52
    597.00 176.93 901.59
    600.00 177.05 900.66
    603.00 177.17 899.73
    606.00 177.29 898.80
    609.00 177.42 897.87
    612.00 177.54 896.95
    615.00 177.66 896.02
    618.00 177.78 895.10
    621.00 177.91 894.17
    624.00 178.03 893.25
    627.00 178.15 892.32
    630.00 178.27 891.40
    633.00 178.39 890.48
    636.00 178.51 889.56
    639.00 178.63 888.64
    642.00 178.75 887.72
    645.00 178.87 886.80
    648.00 178.99 885.88
    651.00 179.12 884.96
    654.00 179.24 884.05
    657.00 179.36 883.13
    660.00 179.48 882.21
    663.00 179.60 881.30
    666.00 179.71 880.39
    669.00 179.83 879.47
    672.00 179.95 878.56
    675.00 180.07 877.65
    678.00 180.19 876.74
    681.00 180.31 875.82
    684.00 180.43 874.91
    687.00 180.55 874.01
    690.00 180.67 873.10
    693.00 180.78 872.19
    696.00 180.90 871.28
    699.00 181.02 870.38
    702.00 181.14 869.47
    705.00 181.26 868.56
    708.00 181.37 867.66
    711.00 181.49 866.76
    714.00 181.61 865.85
    717.00 181.73 864.95
    720.00 181.84 864.05
    723.00 181.96 863.15
    726.00 182.08 862.25
    729.00 182.19 861.35
    732.00 182.31 860.45
    735.00 182.43 859.55
    738.00 182.54 858.65
    741.00 182.66 857.76
    744.00 182.77 856.86
    747.00 182.89 855.97
    750.00 183.00 855.07
    753.00 183.12 854.18
    756.00 183.23 853.28
    759.00 183.35 852.39
    762.00 183.46 851.50
    765.00 183.58 850.61
    768.00 183.69 849.72
    771.00 183.81 848.83
    774.00 183.92 847.94
    777.00 184.04 847.05
    780.00 184.15 846.16
    783.00 184.26 845.28
    786.00 184.38 844.39
    789.00 184.49 843.50
    792.00 184.60 842.62
    795.00 184.72 841.74
    798.00 184.83 840.85
    801.00 184.94 839.97
    804.00 185.06 839.09
    807.00 185.17 838.21
    810.00 185.28 837.33
    813.00 185.39 836.45
    816.00 185.50 835.57
    819.00 185.62 834.69
    822.00 185.73 833.81
    825.00 185.84 832.93
    828.00 185.95 832.06
    831.00 186.06 831.18
    834.00 186.17 830.31
    837.00 186.28 829.43
    840.00 186.40 828.56
    843.00 186.51 827.69
    846.00 186.62 826.81
    849.00 186.73 825.94
    852.00 186.84 825.07
    855.00 186.95 824.20
    858.00 187.06 823.33
    861.00 187.17 822.46
    864.00 187.28 821.60
    867.00 187.39 820.73
    870.00 187.50 819.86
    873.00 187.60 819.00
    876.00 187.71 818.13
    879.00 187.82 817.27
    882.00 187.93 816.40
    885.00 188.04 815.54
    888.00 188.15 814.68
    891.00 188.26 813.82
    894.00 188.36 812.96
    897.00 188.47 812.10
    900.00 188.58 811.24
    903.00 188.69 810.38
    906.00 188.79 809.52
    909.00 188.90 808.66
    912.00 189.01 807.81
    915.00 189.11 806.95
    918.00 189.22 806.10
    921.00 189.33 805.24
    924.00 189.43 804.39
    927.00 189.54 803.54
    930.00 189.65 802.68
    933.00 189.75 801.83
    936.00 189.86 800.98
    939.00 189.96 800.13
    942.00 190.07 799.28
    945.00 190.17 798.43
    948.00 190.28 797.59
    951.00 190.38 796.74
    954.00 190.49 795.89
    957.00 190.59 795.05
    960.00 190.70 794.20
    963.00 190.80 793.36
    966.00 190.91 792.51
    969.00 191.01 791.67
    972.00 191.11 790.83
    975.00 191.22 789.99
    978.00 191.32 789.14
    981.00 191.42 788.30
    984.00 191.53 787.47
    987.00 191.63 786.63
    990.00 191.73 785.79
    993.00 191.83 784.95
    996.00 191.94 784.11
    999.00 192.04 783.28
   1002.00 192.14 782.44
   1005.00 192.24 781.61
   1008.00 192.34 780.78
   1011.00 192.45 779.94
   1014.00 192.55 779.11
   1017.00 192.65 778.28
   1020.00 192.75 777.45
   1023.00 192.85 776.62
   1026.00 192.95 775.79
   1029.00 193.05 774.96
   1032.00 193.15 774.13
   1035.00 193.25 773.30
   1038.00 193.35 772.48
   1041.00 193.45 771.65
   1044.00 193.55 770.83
   1047.00 193.65 770.00
   1050.00 193.75 769.18
   1053.00 193.85 768.36
   1056.00 193.95 767.53
   1059.00 194.05 766.71
   1062.00 194.15 765.89
   1065.00 194.25 765.07
   1068.00 194.34 764.25
   1071.00 194.44 763.43
   1074.00 194.54 762.62
   1077.00 194.64 761.80
   1080.00 194.74 760.98
   1083.00 194.83 760.17
   1086.00 194.93 759.35
   1089.00 195.03 758.54
   1092.00 195.13 757.72
   1095.00 195.22 756.91
   1098.00 195.32 756.10
   1101.00 195.42 755.29
   1104.00 195.51 754.48
   1107.00 195.61 753.67
   1110.00 195.70 752.86
   1113.00 195.80 752.05
   1116.00 195.90 751.24
   1119.00 195.99 750.43
   1122.00 196.09 749.63
   1125.00 196.18 748.82
   1128.00 196.28 748.01
   1131.00 196.37 747.21
   1134.00 196.47 746.41
   1137.00 196.56 745.60
   1140.00 196.66 744.80
   1143.00 196.75 744.00
   1146.00 196.84 743.20
   1149.00 196.94 742.40
   1152.00 197.03 741.60
   1155.00 197.12 740.80
   1158.00 197.22 740.00
   1161.00 197.31 739.21
   1164.00 197.40 738.41
   1167.00 197.50 737.61
   1170.00 197.59 736.82
   1173.00 197.68 736.03
   1176.00 197.77 735.23
   1179.00 197.87 734.44
   1182.00 197.96 733.65
   1185.00 198.05 732.86
   1188.00 198.14 732.06
   1191.00 198.23 731.27
   1194.00 198.32 730.49
   1197.00 198.41 729.70
   1200.00 198.51 728.91
   1203.00 198.60 728.12
   1206.00 198.69 727.34
   1209.00 198.78 726.55
   1212.00 198.87 725.76
   1215.00 198.96 724.98
   1218.00 199.05 724.20
   1221.00 199.14 723.41
   1224.00 199.23 722.63
   1227.00 199.32 721.85
   1230.00 199.40 721.07
   1233.00 199.49 720.29
   1236.00 199.58 719.51
   1239.00 199.67 718.73
   1242.00 199.76 717.95
   1245.00 199.85 717.18
   1248.00 199.94 716.40
   1251.00 200.02 715.63
   1254.00 200.11 714.85
   1257.00 200.20 714.08
   1260.00 200.29 713.30
   1263.00 200.37 712.53
   1266.00 200.46 711.76
   1269.00 200.55 710.99
   1272.00 200.63 710.22
   1275.00 200.72 709.45
   1278.00 200.81 708.68
   1281.00 200.89 707.91
   1284.00 200.98 707.14
   1287.00 201.06 706.37
   1290.00 201.15 705.61
   1293.00 201.24 704.84
   1296.00 201.32 704.08
   1299.00 201.41 703.31
   1302.00 201.49 702.55
   1305.00 201.58 701.79
   1308.00 201.66 701.03
   1311.00 201.74 700.26
   1314.00 201.83 699.50
   1317.00 201.91 698.74
   1320.00 202.00 697.99
   1323.00 202.08 697.23
   1326.00 202.16 696.47
   1329.00 202.25 695.71
   1332.00 202.33 694.96
   1335.00 202.41 694.20
   1338.00 202.50 693.45
   1341.00 202.58 692.69
   1344.00 202.66 691.94
   1347.00 202.74 691.19
   1350.00 202.82 690.43
   1353.00 202.91 689.68
   1356.00 202.99 688.93
   1359.00 203.07 688.18
   1362.00 203.15 687.43
   1365.00 203.23 686.69
   1368.00 203.31 685.94
   1371.00 203.39 685.19
   1374.00 203.47 684.45
   1377.00 203.56 683.70
   1380.00 203.64 682.96
   1383.00 203.72 682.21
   1386.00 203.80 681.47
   1389.00 203.88 680.73
   1392.00 203.95 679.98
   1395.00 204.03 679.24
   1398.00 204.11 678.50
   1401.00 204.19 677.76
   1404.00 204.27 677.02
   1407.00 204.35 676.29
   1410.00 204.43 675.55
   1413.00 204.51 674.81
   1416.00 204.58 674.08
   1419.00 204.66 673.34
   1422.00 204.74 672.61
   1425.00 204.82 671.87
   1428.00 204.90 671.14
   1431.00 204.97 670.41
   1434.00 205.05 669.67
   1437.00 205.13 668.94
   1440.00 205.20 668.21
   1443.00 205.28 667.48
   1446.00 205.36 666.75
   1449.00 205.43 666.03
   1452.00 205.51 665.30
   1455.00 205.58 664.57
   1458.00 205.66 663.85
   1461.00 205.74 663.12
   1464.00 205.81 662.40
   1467.00 205.89 661.67
   1470.00 205.96 660.95
   1473.00 206.04 660.23
   1476.00 206.11 659.51
   1479.00 206.18 658.78
   1482.00 206.26 658.06
   1485.00 206.33 657.34
   1488.00 206.41 656.63
   1491.00 206.48 655.91
   1494.00 206.55 655.19
   1497.00 206.63 654.47
   1500.00 206.70 653.76
   1503.00 206.77 653.04
   1506.00 206.84 652.33
   1509.00 206.92 651.61
   1512.00 206.99 650.90
   1515.00 207.06 650.19
   1518.00 207.13 649.48
   1521.00 207.21 648.77
   1524.00 207.28 648.06
   1527.00 207.35 647.35
   1530.00 207.42 646.64
   1533.00 207.49 645.93
   1536.00 207.56 645.22
   1539.00 207.63 644.52
   1542.00 207.70 643.81
   1545.00 207.77 643.10
   1548.00 207.84 642.40
   1551.00 207.91 641.70
   1554.00 207.98 640.99
   1557.00 208.05 640.29
   1560.00 208.12 639.59
   1563.00 208.19 638.89
   1566.00 208.26 638.19
   1569.00 208.33 637.49
   1572.00 208.40 636.79
   1575.00 208.47 636.09
   1578.00 208.54 635.39
   1581.00 208.60 634.70
   1584.00 208.67 634.00
   1587.00 208.74 633.31
   1590.00 208.81 632.61
   1593.00 208.88 631.92
   1596.00 208.94 631.22
   1599.00 209.01 630.53
   1602.00 209.08 629.84
   1605.00 209.14 629.15
   1608.00 209.21 628.46
   1611.00 209.28 627.77
   1614.00 209.34 627.08
   1617.00 209.41 626.39
   1620.00 209.47 625.71
   1623.00 209.54 625.02
   1626.00 209.61 624.33
   1629.00 209.67 623.65
   1632.00 209.74 622.96
   1635.00 209.80 622.28
   1638.00 209.87 621.60
   1641.00 209.93 620.91
   1644.00 209.99 620.23
   1647.00 210.06 619.55
   1650.00 210.12 618.87
   1653.00 210.19 618.19
   1656.00 210.25 617.51
   1659.00 210.31 616.84
   1662.00 210.38 616.16
   1665.00 210.44 615.48
   1668.00 210.50 614.81
   1671.00 210.57 614.13
   1674.00 210.63 613.46
   1677.00 210.69 612.78
   1680.00 210.75 612.11
   1683.00 210.81 611.44
   1686.00 210.88 610.76
   1689.00 210.94 610.09
   1692.00 211.00 609.42
   1695.00 211.06 608.75
   1698.00 211.12 608.08
   1701.00 211.18 607.42
   1704.00 211.24 606.75
   1707.00 211.30 606.08
   1710.00 211.36 605.42
   1713.00 211.42 604.75
   1716.00 211.48 604.09
   1719.00 211.54 603.42
   1722.00 211.60 602.76
   1725.00 211.66 602.10
   1728.00 211.72 601.44
   1731.00 211.78 600.77
   1734.00 211.84 600.11
   1737.00 211.90 599.45
   1740.00 211.96 598.80
   1743.00 212.02 598.14
   1746.00 212.07 597.48
   1749.00 212.13 596.82
   1752.00 212.19 596.17
   1755.00 212.25 595.51
   1758.00 212.31 594.86
   1761.00 212.36 594.20
   1764.00 212.42 593.55
   1767.00 212.48 592.90
   1770.00 212.53 592.24
   1773.00 212.59 591.59
   1776.00 212.65 590.94
   1779.00 212.70 590.29
   1782.00 212.76 589.64
   1785.00 212.81 589.00
   1788.00 212.87 588.35
   1791.00 212.93 587.70
   1794.00 212.98 587.06
   1797.00 213.04 586.41
   1800.00 213.09 585.76
   1803.00 213.15 585.12
   1806.00 213.20 584.48
   1809.00 213.25 583.83
   1812.00 213.31 583.19
   1815.00 213.36 582.55
   1818.00 213.42 581.91
   1821.00 213.47 581.27
   1824.00 213.52 580.63
   1827.00 213.58 579.99
   1830.00 213.63 579.36
   1833.00 213.68 578.72
   1836.00 213.74 578.08
   1839.00 213.79 577.45
   1842.00 213.84 576.81
   1845.00 213.89 576.18
   1848.00 213.94 575.54
   1851.00 214.00 574.91
   1854.00 214.05 574.28
   1857.00 214.10 573.65
   1860.00 214.15 573.02
   1863.00 214.20 572.39
   1866.00 214.25 571.76
   1869.00 214.30 571.13
   1872.00 214.35 570.50
   1875.00 214.40 569.87
   1878.00 214.45 569.25
   1881.00 214.50 568.62
   1884.00 214.55 567.99
   1887.00 214.60 567.37
   1890.00 214.65 566.75
   1893.00 214.70 566.12
   1896.00 214.75 565.50
   1899.00 214.80 564.88
   1902.00 214.85 564.26
   1905.00 214.90 563.64
   1908.00 214.95 563.02
   1911.00 215.00 562.40
   1914.00 215.04 561.78
   1917.00 215.09 561.16
   1920.00 215.14 560.55
   1923.00 215.19 559.93
   1926.00 215.23 559.32
   1929.00 215.28 558.70
   1932.00 215.33 558.09
   1935.00 215.37 557.47
   1938.00 215.42 556.86
   1941.00 215.47 556.25
   1944.00 215.51 555.64
   1947.00 215.56 555.03
   1950.00 215.61 554.42
   1953.00 215.65 553.81
   1956.00 215.70 553.20
   1959.00 215.74 552.59
   1962.00 215.79 551.98
   1965.00 215.83 551.38
   1968.00 215.88 550.77
   1971.00 215.92 550.17
   1974.00 215.97 549.56
   1977.00 216.01 548.96
   1980.00 216.05 548.36
   1983.00 216.10 547.75
   1986.00 216.14 547.15
   1989.00 216.18 546.55
   1992.00 216.23 545.95
   1995.00 216.27 545.35
   1998.00 216.31 544.75
   2001.00 216.36 544.15
   2004.00 216.40 543.56
   2007.00 216.44 542.96
   2010.00 216.48 542.36
   2013.00 216.53 541.77
   2016.00 216.57 541.17
   2019.00 216.61 540.58
   2022.00 216.65 539.99
   2025.00 216.69 539.39
   2028.00 216.73 538.80
   2031.00 216.78 538.21
   2034.00 216.82 537.62
   2037.00 216.86 537.03
   2040.00 216.90 536.44
   2043.00 216.94 535.85
   2046.00 216.98 535.27
   2049.00 217.02 534.68
   2052.00 217.06 534.09
   2055.00 217.10 533.51
   2058.00 217.14 532.92
   2061.00 217.18 532.34
   2064.00 217.21 531.75
   2067.00 217.25 531.17
   2070.00 217.29 530.59
   2073.00 217.33 530.01
   2076.00 217.37 529.42
   2079.00 217.41 528.84
   2082.00 217.45 528.26
   2085.00 217.48 527.69
   2088.00 217.52 527.11
   2091.00 217.56 526.53
   2094.00 217.60 525.95
   2097.00 217.63 525.38
   2100.00 217.67 524.80
   2103.00 217.71 524.23
   2106.00 217.74 523.65
   2109.00 217.78 523.08
   2112.00 217.82 522.51
   2115.00 217.85 521.93
   2118.00 217.89 521.36
   2121.00 217.92 520.79
   2124.00 217.96 520.22
   2127.00 217.99 519.65
   2130.00 218.03 519.08
   2133.00 218.06 518.52
   2136.00 218.10 517.95
   2139.00 218.13 517.38
   2142.00 218.17 516.81
   2145.00 218.20 516.25
   2148.00 218.24 515.68
   2151.00 218.27 515.12
   2154.00 218.30 514.56
   2157.00 218.34 513.99
   2160.00 218.37 513.43
   2163.00 218.40 512.87
   2166.00 218.44 512.31
   2169.00 218.47 511.75
   2172.00 218.50 511.19
   2175.00 218.53 510.63
   2178.00 218.57 510.07
   2181.00 218.60 509.52
   2184.00 218.63 508.96
   2187.00 218.66 508.40
   2190.00 218.69 507.85
   2193.00 218.73 507.29
   2196.00 218.76 506.74
   2199.00 218.79 506.19
   2202.00 218.82 505.64
   2205.00 218.85 505.08
   2208.00 218.88 504.53
   2211.00 218.91 503.98
   2214.00 218.94 503.43
   2217.00 218.97 502.88
   2220.00 219.00 502.33
   2223.00 219.03 501.79
   2226.00 219.06 501.24
   2229.00 219.09 500.69
   2232.00 219.12 500.15
   2235.00 219.15 499.60
   2238.00 219.18 499.06
   2241.00 219.21 498.51
   2244.00 219.23 497.97
   2247.00 219.26 497.43
   2250.00 219.29 496.88
   2253.00 219.32 496.34
   2256.00 219.35 495.80
   2259.00 219.37 495.26
   2262.00 219.40 494.72
   2265.00 219.43 494.18
   2268.00 219.46 493.65
   2271.00 219.48 493.11
   2274.00 219.51 492.57
   2277.00 219.54 492.04
   2280.00 219.56 491.50
   2283.00 219.59 490.97
   2286.00 219.61 490.43
   2289.00 219.64 489.90
   2292.00 219.67 489.37
   2295.00 219.69 488.83
   2298.00 219.72 488.30
   2301.00 219.74 487.77
   2304.00 219.77 487.24
   2307.00 219.79 486.71
   2310.00 219.82 486.18
   2313.00 219.84 485.66
   2316.00 219.87 485.13
   2319.00 219.89 484.60
   2322.00 219.91 484.08
   2325.00 219.94 483.55
   2328.00 219.96 483.03
   2331.00 219.98 482.50
   2334.00 220.01 481.98
   2337.00 220.03 481.45
   2340.00 220.05 480.93
   2343.00 220.08 480.41
   2346.00 220.10 479.89
   2349.00 220.12 479.37
   2352.00 220.14 478.85
   2355.00 220.17 478.33
   2358.00 220.19 477.81
   2361.00 220.21 477.30
   2364.00 220.23 476.78
   2367.00 220.25 476.26
   2370.00 220.27 475.75
   2373.00 220.30 475.23
   2376.00 220.32 474.72
   2379.00 220.34 474.20
   2382.00 220.36 473.69
   2385.00 220.38 473.18
   2388.00 220.40 472.67
   2391.00 220.42 472.16
   2394.00 220.44 471.64
   2397.00 220.46 471.13
   2400.00 220.48 470.63
   2403.00 220.50 470.12
   2406.00 220.52 469.61
   2409.00 220.54 469.10
   2412.00 220.56 468.60
   2415.00 220.57 468.09
   2418.00 220.59 467.58
   2421.00 220.61 467.08
   2424.00 220.63 466.57
   2427.00 220.65 466.07
   2430.00 220.67 465.57
   2433.00 220.68 465.07
   2436.00 220.70 464.57
   2439.00 220.72 464.06
   2442.00 220.74 463.56
   2445.00 220.75 463.06
   2448.00 220.77 462.57
   2451.00 220.79 462.07
   2454.00 220.80 461.57
   2457.00 220.82 461.07
   2460.00 220.84 460.58
   2463.00 220.85 460.08
   2466.00 220.87 459.59
   2469.00 220.88 459.09
   2472.00 220.90 458.60
   2475.00 220.91 458.10
   2478.00 220.93 457.61
   2481.00 220.94 457.12
   2484.00 220.96 456.63
   2487.00 220.97 456.14
   2490.00 220.99 455.65
   2493.00 221.00 455.16
   2496.00 221.02 454.67
   2499.00 221.03 454.18
   2502.00 221.05 453.69
   2505.00 221.06 453.21
   2508.00 221.07 452.72
   2511.00 221.09 452.23
   2514.00 221.10 451.75
   2517.00 221.11 451.27
   2520.00 221.13 450.78
   2523.00 221.14 450.30
   2526.00 221.15 449.82
   2529.00 221.16 449.33
   2532.00 221.18 448.85
   2535.00 221.19 448.37
   2538.00 221.20 447.89
   2541.00 221.21 447.41
   2544.00 221.22 446.93
   2547.00 221.24 446.46
   2550.00 221.25 445.98
   2553.00 221.26 445.50
   2556.00 221.27 445.03
   2559.00 221.28 444.55
   2562.00 221.29 444.08
   2565.00 221.30 443.60
   2568.00 221.31 443.13
   2571.00 221.32 442.65
   2574.00 221.33 442.18
   2577.00 221.34 441.71
   2580.00 221.35 441.24
   2583.00 221.36 440.77
   2586.00 221.37 440.30
   2589.00 221.38 439.83
   2592.00 221.39 439.36
   2595.00 221.40 438.89
   2598.00 221.41 438.42
   2601.00 221.42 437.96
   2604.00 221.42 437.49
   2607.00 221.43 437.03
   2610.00 221.44 436.56
   2613.00 221.45 436.10
   2616.00 221.46 435.63
   2619.00 221.46 435.17
   2622.00 221.47 434.71
   2625.00 221.48 434.24
   2628.00 221.49 433.78
   2631.00 221.49 433.32
   2634.00 221.50 432.86
   2637.00 221.51 432.40
   2640.00 221.51 431.94
   2643.00 221.52 431.49
   2646.00 221.53 431.03
   2649.00 221.53 430.57
   2652.00 221.54 430.11
   2655.00 221.54 429.66
   2658.00 221.55 429.20
   2661.00 221.56 428.75
   2664.00 221.56 428.29
   2667.00 221.57 427.84
   2670.00 221.57 427.39
   2673.00 221.58 426.94
   2676.00 221.58 426.48
   2679.00 221.59 426.03
   2682.00 221.59 425.58
   2685.00 221.59 425.13
   2688.00 221.60 424.68
   2691.00 221.60 424.24
   2694.00 221.61 423.79
   2697.00 221.61 423.34
   2700.00 221.61 422.89
   2703.00 221.62 422.45
   2706.00 221.62 422.00
   2709.00 221.62 421.56
   2712.00 221.63 421.11
   2715.00 221.63 420.67
   2718.00 221.63 420.22
   2721.00 221.63 419.78
   2724.00 221.64 419.34
   2727.00 221.64 418.90
   2730.00 221.64 418.46
   2733.00 221.64 418.02
   2736.00 221.64 417.58
   2739.00 221.64 417.14
   2742.00 221.65 416.70
   2745.00 221.65 416.26
   2748.00 221.65 415.83
   2751.00 221.65 415.39
   2754.00 221.65 414.95
   2757.00 221.65 414.52
   2760.00 221.65 414.08
   2763.00 221.65 413.65
   2766.00 221.65 413.22
   2769.00 221.65 412.78
   2772.00 221.65 412.35
   2775.00 221.65 411.92
   2778.00 221.65 411.49
   2781.00 221.65 411.06
   2784.00 221.65 410.63
   2787.00 221.65 410.20
   2790.00 221.65 409.77
   2793.00 221.64 409.34
   2796.00 221.64 408.91
   2799.00 221.64 408.48
   2802.00 221.64 408.06
   2805.00 221.64 407.63
   2808.00 221.64 407.21
   2811.00 221.63 406.78
   2814.00 221.63 406.36
   2817.00 221.63 405.93
   2820.00 221.63 405.51
   2823.00 221.62 405.09
   2826.00 221.62 404.67
   2829.00 221.62 404.24
   2832.00 221.62 403.82
   2835.00 221.61 403.40
   2838.00 221.61 402.98
   2841.00 221.60 402.56
   2844.00 221.60 402.15
   2847.00 221.60 401.73
   2850.00 221.59 401.31
   2853.00 221.59 400.89
   2856.00 221.58 400.48
   2859.00 221.58 400.06
   2862.00 221.58 399.65
   2865.00 221.57 399.23
   2868.00 221.57 398.82
   2871.00 221.56 398.41
   2874.00 221.56 397.99
   2877.00 221.55 397.58
   2880.00 221.54 397.17
   2883.00 221.54 396.76
   2886.00 221.53 396.35
   2889.00 221.53 395.94
   2892.00 221.52 395.53
   2895.00 221.52 395.12
   2898.00 221.51 394.71
   2901.00 221.50 394.30
   2904.00 221.50 393.90
   2907.00 221.49 393.49
   2910.00 221.48 393.09
   2913.00 221.47 392.68
   2916.00 221.47 392.28
   2919.00 221.46 391.87
   2922.00 221.45 391.47
   2925.00 221.45 391.06
   2928.00 221.44 390.66
   2931.00 221.43 390.26
   2934.00 221.42 389.86
   2937.00 221.41 389.46
   2940.00 221.40 389.06
   2943.00 221.40 388.66
   2946.00 221.39 388.26
   2949.00 221.38 387.86
   2952.00 221.37 387.46
   2955.00 221.36 387.07
   2958.00 221.35 386.67
   2961.00 221.34 386.27
   2964.00 221.33 385.88
   2967.00 221.32 385.48
   2970.00 221.31 385.09
   2973.00 221.30 384.69
   2976.00 221.29 384.30
   2979.00 221.28 383.91
   2982.00 221.27 383.51
   2985.00 221.26 383.12
   2988.00 221.25 382.73
   2991.00 221.24 382.34
   2994.00 221.23 381.95
   2997.00 221.22 381.56
   3000.00 221.21 381.17
   3003.00 221.20 380.78
   3006.00 221.19 380.40
   3009.00 221.17 380.01
   3012.00 221.16 379.62
   3015.00 221.15 379.23
   3018.00 221.14 378.85
   3021.00 221.13 378.46
   3024.00 221.11 378.08
   3027.00 221.10 377.70
   3030.00 221.09 377.31
   3033.00 221.08 376.93
   3036.00 221.06 376.55
   3039.00 221.05 376.16
   3042.00 221.04 375.78
   3045.00 221.03 375.40
   3048.00 221.01 375.02
   3051.00 221.00 374.64
   3054.00 220.99 374.26
   3057.00 220.97 373.88
   3060.00 220.96 373.51
   3063.00 220.94 373.13
   3066.00 220.93 372.75
   3069.00 220.92 372.37
   3072.00 220.90 372.00
   3075.00 220.89 371.62
   3078.00 220.87 371.25
   3081.00 220.86 370.87
   3084.00 220.84 370.50
   3087.00 220.83 370.13
   3090.00 220.81 369.75
   3093.00 220.80 369.38
   3096.00 220.78 369.01
   3099.00 220.77 368.64
   3102.00 220.75 368.27
   3105.00 220.73 367.90
   3108.00 220.72 367.53
   3111.00 220.70 367.16
   3114.00 220.69 366.79
   3117.00 220.67 366.42
   3120.00 220.65 366.06
   3123.00 220.64 365.69
   3126.00 220.62 365.32
   3129.00 220.60 364.96
   3132.00 220.59 364.59
   3135.00 220.57 364.23
   3138.00 220.55 363.86
   3141.00 220.53 363.50
   3144.00 220.52 363.14
   3147.00 220.50 362.77
   3150.00 220.48 362.41
   3153.00 220.46 362.05
   3156.00 220.45 361.69
   3159.00 220.43 361.33
   3162.00 220.41 360.97
   3165.00 220.39 360.61
   3168.00 220.37 360.25
   3171.00 220.35 359.89
   3174.00 220.34 359.53
   3177.00 220.32 359.18
   3180.00 220.30 358.82
   3183.00 220.28 358.46
   3186.00 220.26 358.11
   3189.00 220.24 357.75
   3192.00 220.22 357.40
   3195.00 220.20 357.04
   3198.00 220.18 356.69
   3201.00 220.16 356.34
   3204.00 220.14 355.98
   3207.00 220.12 355.63
   3210.00 220.10 355.28
   3213.00 220.08 354.93
   3216.00 220.06 354.58
   3219.00 220.04 354.23
   3222.00 220.02 353.88
   3225.00 220.00 353.53
   3228.00 219.98 353.18
   3231.00 219.95 352.83
   3234.00 219.93 352.48
   3237.00 219.91 352.14
   3240.00 219.89 351.79
   3243.00 219.87 351.44
   3246.00 219.85 351.10
   3249.00 219.83 350.75
   3252.00 219.80 350.41
   3255.00 219.78 350.06
   3258.00 219.76 349.72
   3261.00 219.74 349.38
   3264.00 219.71 349.04
   3267.00 219.69 348.69
   3270.00 219.67 348.35
   3273.00 219.65 348.01
   3276.00 219.62 347.67
   3279.00 219.60 347.33
   3282.00 219.58 346.99
   3285.00 219.55 346.65
   3288.00 219.53 346.31
   3291.00 219.51 345.98
   3294.00 219.48 345.64
   3297.00 219.46 345.30
   3300.00 219.44 344.96
   3303.00 219.41 344.63
   3306.00 219.39 344.29
   3309.00 219.36 343.96
   3312.00 219.34 343.62
   3315.00 219.31 343.29
   3318.00 219.29 342.96
   3321.00 219.27 342.62
   3324.00 219.24 342.29
   3327.00 219.22 341.96
   3330.00 219.19 341.63
   3333.00 219.17 341.30
   3336.00 219.14 340.96
   3339.00 219.11 340.63
   3342.00 219.09 340.30
   3345.00 219.06 339.98
   3348.00 219.04 339.65
   3351.00 219.01 339.32
   3354.00 218.99 338.99
   3357.00 218.96 338.66
   3360.00 218.93 338.34
   3363.00 218.91 338.01
   3366.00 218.88 337.69
   3369.00 218.85 337.36
   3372.00 218.83 337.04
   3375.00 218.80 336.71
   3378.00 218.77 336.39
   3381.00 218.75 336.06
   3384.00 218.72 335.74
   3387.00 218.69 335.42
   3390.00 218.67 335.10
   3393.00 218.64 334.78
   3396.00 218.61 334.46
   3399.00 218.58 334.13
   3402.00 218.56 333.81
   3405.00 218.53 333.50
   3408.00 218.50 333.18
   3411.00 218.47 332.86
   3414.00 218.44 332.54
   3417.00 218.41 332.22
   3420.00 218.39 331.91
   3423.00 218.36 331.59
   3426.00 218.33 331.27
   3429.00 218.30 330.96
   3432.00 218.27 330.64
   3435.00 218.24 330.33
   3438.00 218.21 330.01
   3441.00 218.18 329.70
   3444.00 218.16 329.39
   3447.00 218.13 329.07
   3450.00 218.10 328.76
   3453.00 218.07 328.45
   3456.00 218.04 328.14
   3459.00 218.01 327.83
   3462.00 217.98 327.52
   3465.00 217.95 327.21
   3468.00 217.92 326.90
   3471.00 217.89 326.59
   3474.00 217.86 326.28
   3477.00 217.83 325.97
   3480.00 217.80 325.66
   3483.00 217.76 325.36
   3486.00 217.73 325.05
   3489.00 217.70 324.74
   3492.00 217.67 324.44
   3495.00 217.64 324.13
   3498.00 217.61 323.83
   3501.00 217.58 323.52
   3504.00 217.55 323.22
   3507.00 217.52 322.92
   3510.00 217.48 322.61
   3513.00 217.45 322.31
   3516.00 217.42 322.01
   3519.00 217.39 321.71
   3522.00 217.36 321.40
   3525.00 217.32 321.10
   3528.00 217.29 320.80
   3531.00 217.26 320.50
   3534.00 217.23 320.20
   3537.00 217.20 319.91
   3540.00 217.16 319.61
   3543.00 217.13 319.31
   3546.00 217.10 319.01
   3549.00 217.06 318.71
   3552.00 217.03 318.42
   3555.00 217.00 318.12
   3558.00 216.96 317.83
   3561.00 216.93 317.53
   3564.00 216.90 317.24
   3567.00 216.86 316.94
   3570.00 216.83 316.65
   3573.00 216.80 316.35
   3576.00 216.76 316.06
   3579.00 216.73 315.77
   3582.00 216.70 315.48
   3585.00 216.66 315.18
   3588.00 216.63 314.89
   3591.00 216.59 314.60
   3594.00 216.56 314.31
   3597.00 216.52 314.02
   3600.00 216.49 313.73
   3603.00 216.45 313.44
   3606.00 216.42 313.15
   3609.00 216.38 312.87
   3612.00 216.35 312.58
   3615.00 216.31 312.29
   3618.00 216.28 312.00
   3621.00 216.24 311.72
   3624.00 216.21 311.43
   3627.00 216.17 311.15
   3630.00 216.14 310.86
   3633.00 216.10 310.58
   3636.00 216.07 310.29
   3639.00 216.03 310.01
   3642.00 215.99 309.73
   3645.00 215.96 309.44
   3648.00 215.92 309.16
   3651.00 215.89 308.88
   3654.00 215.85 308.60
   3657.00 215.81 308.32
   3660.00 215.78 308.03
   3663.00 215.74 307.75
   3666.00 215.70 307.47
   3669.00 215.67 307.20
   3672.00 215.63 306.92
   3675.00 215.59 306.64
   3678.00 215.56 306.36
   3681.00 215.52 306.08
   3684.00 215.48 305.80
   3687.00 215.44 305.53
   3690.00 215.41 305.25
   3693.00 215.37 304.97
   3696.00 215.33 304.70
   3699.00 215.29 304.42
   3702.00 215.26 304.15
   3705.00 215.22 303.88
   3708.00 215.18 303.60
   3711.00 215.14 303.33
   3714.00 215.10 303.05
   3717.00 215.07 302.78
   3720.00 215.03 302.51
   3723.00 214.99 302.24
   3726.00 214.95 301.97
   3729.00 214.91 301.70
   3732.00 214.87 301.42
   3735.00 214.84 301.15
   3738.00 214.80 300.89
   3741.00 214.76 300.62
   3744.00 214.72 300.35
   3747.00 214.68 300.08
   3750.00 214.64 299.81
   3753.00 214.60 299.54
   3756.00 214.56 299.28
   3759.00 214.52 299.01
   3762.00 214.48 298.74
   3765.00 214.44 298.48
   3768.00 214.40 298.21
   3771.00 214.36 297.95
   3774.00 214.32 297.68
   3777.00 214.28 297.42
   3780.00 214.24 297.15
   3783.00 214.20 296.89
   3786.00 214.16 296.63
   3789.00 214.12 296.36
   3792.00 214.08 296.10
   3795.00 214.04 295.84
   3798.00 214.00 295.58
   3801.00 213.96 295.32
   3804.00 213.92 295.06
   3807.00 213.88 294.80
   3810.00 213.84 294.54
   3813.00 213.80 294.28
   3816.00 213.76 294.02
   3819.00 213.72 293.76
   3822.00 213.68 293.50
   3825.00 213.63 293.24
   3828.00 213.59 292.99
   3831.00 213.55 292.73
   3834.00 213.51 292.47
   3837.00 213.47 292.22
   3840.00 213.43 291.96
   3843.00 213.39 291.70
   3846.00 213.34 291.45
   3849.00 213.30 291.19
   3852.00 213.26 290.94
   3855.00 213.22 290.69
   3858.00 213.18 290.43
   3861.00 213.13 290.18
   3864.00 213.09 289.93
   3867.00 213.05 289.68
   3870.00 213.01 289.42
   3873.00 212.96 289.17
   3876.00 212.92 288.92
   3879.00 212.88 288.67
   3882.00 212.84 288.42
   3885.00 212.79 288.17
   3888.00 212.75 287.92
   3891.00 212.71 287.67
   3894.00 212.66 287.42
   3897.00 212.62 287.17
   3900.00 212.58 286.93
   3903.00 212.54 286.68
   3906.00 212.49 286.43
   3909.00 212.45 286.18
   3912.00 212.40 285.94
   3915.00 212.36 285.69
   3918.00 212.32 285.45
   3921.00 212.27 285.20
   3924.00 212.23 284.96
   3927.00 212.19 284.71
   3930.00 212.14 284.47
   3933.00 212.10 284.22
   3936.00 212.05 283.98
   3939.00 212.01 283.74
   3942.00 211.97 283.50
   3945.00 211.92 283.25
   3948.00 211.88 283.01
   3951.00 211.83 282.77
   3954.00 211.79 282.53
   3957.00 211.74 282.29
   3960.00 211.70 282.05
   3963.00 211.65 281.81
   3966.00 211.61 281.57
   3969.00 211.57 281.33
   3972.00 211.52 281.09
   3975.00 211.48 280.85
   3978.00 211.43 280.61
   3981.00 211.39 280.38
   3984.00 211.34 280.14
   3987.00 211.29 279.90
   3990.00 211.25 279.67
   3993.00 211.20 279.43
   3996.00 211.16 279.19
   3999.00 211.11 278.96
   4002.00 211.07 278.72
   4005.00 211.02 278.49
   4008.00 210.98 278.25
   4011.00 210.93 278.02
   4014.00 210.88 277.79
   4017.00 210.84 277.55
   4020.00 210.79 277.32
   4023.00 210.75 277.09
   4026.00 210.70 276.86
   4029.00 210.65 276.62
   4032.00 210.61 276.39
   4035.00 210.56 276.16
   4038.00 210.52 275.93
   4041.00 210.47 275.70
   4044.00 210.42 275.47
   4047.00 210.38 275.24
   4050.00 210.33 275.01
   4053.00 210.28 274.78
   4056.00 210.24 274.56
   4059.00 210.19 274.33
   4062.00 210.14 274.10
   4065.00 210.10 273.87
   4068.00 210.05 273.65
   4071.00 210.00 273.42
   4074.00 209.95 273.19
   4077.00 209.91 272.97
   4080.00 209.86 272.74
   4083.00 209.81 272.52
   4086.00 209.76 272.29
   4089.00 209.72 272.07
   4092.00 209.67 271.84
   4095.00 209.62 271.62
   4098.00 209.57 271.39
   4101.00 209.53 271.17
   4104.00 209.48 270.95
   4107.00 209.43 270.73
   4110.00 209.38 270.50
   4113.00 209.34 270.28
   4116.00 209.29 270.06
   4119.00 209.24 269.84
   4122.00 209.19 269.62
   4125.00 209.14 269.40
   4128.00 209.09 269.18
   4131.00 209.05 268.96
   4134.00 209.00 268.74
   4137.00 208.95 268.52
   4140.00 208.90 268.30
   4143.00 208.85 268.09
   4146.00 208.80 267.87
   4149.00 208.76 267.65
   4152.00 208.71 267.43
   4155.00 208.66 267.22
   4158.00 208.61 267.00
   4161.00 208.56 266.78
   4164.00 208.51 266.57
   4167.00 208.46 266.35
   4170.00 208.41 266.14
   4173.00 208.36 265.92
   4176.00 208.32 265.71
   4179.00 208.27 265.49
   4182.00 208.22 265.28
   4185.00 208.17 265.07
   4188.00 208.12 264.85
   4191.00 208.07 264.64
   4194.00 208.02 264.43
   4197.00 207.97 264.22
   4200.00 207.92 264.00
   4203.00 207.87 263.79
   4206.00 207.82 263.58
   4209.00 207.77 263.37
   4212.00 207.72 263.16
   4215.00 207.67 262.95
   4218.00 207.62 262.74
   4221.00 207.57 262.53
   4224.00 207.52 262.32
   4227.00 207.47 262.11
   4230.00 207.42 261.91
   4233.00 207.37 261.70
   4236.00 207.32 261.49
   4239.00 207.27 261.28
   4242.00 207.22 261.08
   4245.00 207.17 260.87
   4248.00 207.12 260.66
   4251.00 207.07 260.46
   4254.00 207.02 260.25
   4257.00 206.97 260.05
   4260.00 206.92 259.84
   4263.00 206.87 259.64
   4266.00 206.82 259.43
   4269.00 206.77 259.23
   4272.00 206.72 259.02
   4275.00 206.66 258.82
   4278.00 206.61 258.62
   4281.00 206.56 258.42
   4284.00 206.51 258.21
   4287.00 206.46 258.01
   4290.00 206.41 257.81
   4293.00 206.36 257.61
   4296.00 206.31 257.41
   4299.00 206.26 257.21
   4302.00 206.20 257.00
   4305.00 206.15 256.80
   4308.00 206.10 256.60
   4311.00 206.05 256.41
   4314.00 206.00 256.21
   4317.00 205.95 256.01
   4320.00 205.90 255.81
   4323.00 205.84 255.61
   4326.00 205.79 255.41
   4329.00 205.74 255.21
   4332.00 205.69 255.02
   4335.00 205.64 254.82
   4338.00 205.59 254.62
   4341.00 205.53 254.43
   4344.00 205.48 254.23
   4347.00 205.43 254.04
   4350.00 205.38 253.84
   4353.00 205.33 253.65
   4356.00 205.27 253.45
   4359.00 205.22 253.26
   4362.00 205.17 253.06
   4365.00 205.12 252.87
   4368.00 205.07 252.67
   4371.00 205.01 252.48
   4374.00 204.96 252.29
   4377.00 204.91 252.10
   4380.00 204.86 251.90
   4383.00 204.80 251.71
   4386.00 204.75 251.52
   4389.00 204.70 251.33
   4392.00 204.65 251.14
   4395.00 204.59 250.95
   4398.00 204.54 250.76
   4401.00 204.49 250.57
   4404.00 204.44 250.38
   4407.00 204.38 250.19
   4410.00 204.33 250.00
   4413.00 204.28 249.81
   4416.00 204.22 249.62
   4419.00 204.17 249.43
   4422.00 204.12 249.24
   4425.00 204.07 249.06
   4428.00 204.01 248.87
   4431.00 203.96 248.68
   4434.00 203.91 248.49
   4437.00 203.85 248.31
   4440.00 203.80 248.12
   4443.00 203.75 247.94
   4446.00 203.69 247.75
   4449.00 203.64 247.56
   4452.00 203.59 247.38
   4455.00 203.53 247.19
   4458.00 203.48 247.01
   4461.00 203.43 246.83
   4464.00 203.37 246.64
   4467.00 203.32 246.46
   4470.00 203.27 246.28
   4473.00 203.21 246.09
   4476.00 203.16 245.91
   4479.00 203.11 245.73
   4482.00 203.05 245.55
   4485.00 203.00 245.36
   4488.00 202.94 245.18
   4491.00 202.89 245.00
   4494.00 202.84 244.82
   4497.00 202.78 244.64
   4500.00 202.73 244.46
   4503.00 202.68 244.28
   4506.00 202.62 244.10
   4509.00 202.57 243.92
   4512.00 202.51 243.74
   4515.00 202.46 243.56
   4518.00 202.41 243.38
   4521.00 202.35 243.21
   4524.00 202.30 243.03
   4527.00 202.24 242.85
   4530.00 202.19 242.67
   4533.00 202.13 242.50
   4536.00 202.08 242.32
   4539.00 202.03 242.14
   4542.00 201.97 241.97
   4545.00 201.92 241.79
   4548.00 201.86 241.61
   4551.00 201.81 241.44
   4554.00 201.75 241.26
   4557.00 201.70 241.09
   4560.00 201.65 240.91
   4563.00 201.59 240.74
   4566.00 201.54 240.57
   4569.00 201.48 240.39
   4572.00 201.43 240.22
   4575.00 201.37 240.05
   4578.00 201.32 239.87
   4581.00 201.26 239.70
   4584.00 201.21 239.53
   4587.00 201.15 239.36
   4590.00 201.10 239.18
   4593.00 201.04 239.01
   4596.00 200.99 238.84
   4599.00 200.94 238.67
   4602.00 200.88 238.50
   4605.00 200.83 238.33
   4608.00 200.77 238.16
   4611.00 200.72 237.99
   4614.00 200.66 237.82
   4617.00 200.61 237.65
   4620.00 200.55 237.48
   4623.00 200.50 237.31
   4626.00 200.44 237.14
   4629.00 200.39 236.98
   4632.00 200.33 236.81
   4635.00 200.28 236.64
   4638.00 200.22 236.47
   4641.00 200.16 236.31
   4644.00 200.11 236.14
   4647.00 200.05 235.97
   4650.00 200.00 235.81
   4653.00 199.94 235.64
   4656.00 199.89 235.47
   4659.00 199.83 235.31
   4662.00 199.78 235.14
   4665.00 199.72 234.98
   4668.00 199.67 234.81
   4671.00 199.61 234.65
   4674.00 199.56 234.48
   4677.00 199.50 234.32
   4680.00 199.45 234.16
   4683.00 199.39 233.99
   4686.00 199.33 233.83
   4689.00 199.28 233.67
   4692.00 199.22 233.51
   4695.00 199.17 233.34
   4698.00 199.11 233.18
   4701.00 199.06 233.02
   4704.00 199.00 232.86
   4707.00 198.95 232.70
   4710.00 198.89 232.54
   4713.00 198.83 232.37
   4716.00 198.78 232.21
   4719.00 198.72 232.05
   4722.00 198.67 231.89
   4725.00 198.61 231.73
   4728.00 198.56 231.58
   4731.00 198.50 231.42
   4734.00 198.44 231.26
   4737.00 198.39 231.10
   4740.00 198.33 230.94
   4743.00 198.28 230.78
   4746.00 198.22 230.62
   4749.00 198.16 230.47
   4752.00 198.11 230.31
   4755.00 198.05 230.15
   4758.00 198.00 230.00
   4761.00 197.94 229.84
   4764.00 197.88 229.68
   4767.00 197.83 229.53
   4770.00 197.77 229.37
   4773.00 197.72 229.21
   4776.00 197.66 229.06
   4779.00 197.60 228.90
   4782.00 197.55 228.75
   4785.00 197.49 228.59
   4788.00 197.44 228.44
   4791.00 197.38 228.29
   4794.00 197.32 228.13
   4797.00 197.27 227.98
   4800.00 197.21 227.83
   4803.00 197.16 227.67
   4806.00 197.10 227.52
   4809.00 197.04 227.37
   4812.00 196.99 227.21
   4815.00 196.93 227.06
   4818.00 196.87 226.91
   4821.00 196.82 226.76
   4824.00 196.76 226.61
   4827.00 196.71 226.46
   4830.00 196.65 226.31
   4833.00 196.59 226.16
   4836.00 196.54 226.01
   4839.00 196.48 225.85
   4842.00 196.42 225.71
   4845.00 196.37 225.56
   4848.00 196.31 225.41
   4851.00 196.25 225.26
   4854.00 196.20 225.11
   4857.00 196.14 224.96
   4860.00 196.09 224.81
   4863.00 196.03 224.66
   4866.00 195.97 224.51
   4869.00 195.92 224.37
   4872.00 195.86 224.22
   4875.00 195.80 224.07
   4878.00 195.75 223.93
   4881.00 195.69 223.78
   4884.00 195.63 223.63
   4887.00 195.58 223.49
   4890.00 195.52 223.34
   4893.00 195.46 223.19
   4896.00 195.41 223.05
   4899.00 195.35 222.90
   4902.00 195.30 222.76
   4905.00 195.24 222.61
   4908.00 195.18 222.47
   4911.00 195.13 222.32
   4914.00 195.07 222.18
   4917.00 195.01 222.04
   4920.00 194.96 221.89
   4923.00 194.90 221.75
   4926.00 194.84 221.61
   4929.00 194.79 221.46
   4932.00 194.73 221.32
   4935.00 194.67 221.18
   4938.00 194.62 221.04
   4941.00 194.56 220.89
   4944.00 194.50 220.75
   4947.00 194.45 220.61
   4950.00 194.39 220.47
   4953.00 194.33 220.33
   4956.00 194.28 220.19
   4959.00 194.22 220.05
   4962.00 194.16 219.91
   4965.00 194.11 219.77
   4968.00 194.05 219.63
   4971.00 193.99 219.49
   4974.00 193.94 219.35
   4977.00 193.88 219.21
   4980.00 193.82 219.07
   4983.00 193.77 218.93
   4986.00 193.71 218.79
   4989.00 193.65 218.65
   4992.00 193.60 218.51
   4995.00 193.54 218.38
   4998.00 193.48 218.24
   5001.00 193.43 218.10
   5004.00 193.37 217.96
   5007.00 193.31 217.83
   5010.00 193.26 217.69
   5013.00 193.20 217.55
   5016.00 193.14 217.42
   5019.00 193.09 217.28
   5022.00 193.03 217.15
   5025.00 192.97 217.01
   5028.00 192.92 216.88
   5031.00 192.86 216.74
   5034.00 192.80 216.60
   5037.00 192.75 216.47
   5040.00 192.69 216.34
   5043.00 192.63 216.20
   5046.00 192.58 216.07
   5049.00 192.52 215.93
   5052.00 192.46 215.80
   5055.00 192.41 215.67
   5058.00 192.35 215.53
   5061.00 192.29 215.40
   5064.00 192.24 215.27
   5067.00 192.18 215.13
   5070.00 192.12 215.00
   5073.00 192.07 214.87
   5076.00 192.01 214.74
   5079.00 191.95 214.61
   5082.00 191.90 214.47
   5085.00 191.84 214.34
   5088.00 191.78 214.21
   5091.00 191.73 214.08
   5094.00 191.67 213.95
   5097.00 191.61 213.82
   5100.00 191.56 213.69
   5103.00 191.50 213.56
   5106.00 191.44 213.43
   5109.00 191.39 213.30
   5112.00 191.33 213.17
   5115.00 191.27 213.04
   5118.00 191.22 212.91
   5121.00 191.16 212.79
   5124.00 191.10 212.66
   5127.00 191.05 212.53
   5130.00 190.99 212.40
   5133.00 190.93 212.27
   5136.00 190.88 212.14
   5139.00 190.82 212.02
   5142.00 190.76 211.89
   5145.00 190.71 211.76
   5148.00 190.65 211.64
   5151.00 190.59 211.51
   5154.00 190.54 211.38
   5157.00 190.48 211.26
   5160.00 190.42 211.13
   5163.00 190.37 211.01
   5166.00 190.31 210.88
   5169.00 190.25 210.75
   5172.00 190.20 210.63
   5175.00 190.14 210.50
   5178.00 190.08 210.38
   5181.00 190.03 210.25
   5184.00 189.97 210.13
   5187.00 189.92 210.01
   5190.00 189.86 209.88
   5193.00 189.80 209.76
   5196.00 189.75 209.64
   5199.00 189.69 209.51
   5202.00 189.63 209.39
   5205.00 189.58 209.27
   5208.00 189.52 209.14
   5211.00 189.46 209.02
   5214.00 189.41 208.90
   5217.00 189.35 208.78
   5220.00 189.29 208.65
   5223.00 189.24 208.53
   5226.00 189.18 208.41
   5229.00 189.13 208.29
   5232.00 189.07 208.17
   5235.00 189.01 208.05
   5238.00 188.96 207.93
   5241.00 188.90 207.81
   5244.00 188.84 207.69
   5247.00 188.79 207.57
   5250.00 188.73 207.45
   5253.00 188.67 207.33
   5256.00 188.62 207.21
   5259.00 188.56 207.09
   5262.00 188.51 206.97
   5265.00 188.45 206.85
   5268.00 188.39 206.73
   5271.00 188.34 206.61
   5274.00 188.28 206.49
   5277.00 188.22 206.38
   5280.00 188.17 206.26
   5283.00 188.11 206.14
   5286.00 188.06 206.02
   5289.00 188.00 205.91
   5292.00 187.94 205.79
   5295.00 187.89 205.67
   5298.00 187.83 205.55
   5301.00 187.78 205.44
   5304.00 187.72 205.32
   5307.00 187.66 205.21
   5310.00 187.61 205.09
   5313.00 187.55 204.97
   5316.00 187.50 204.86
   5319.00 187.44 204.74
   5322.00 187.38 204.63
   5325.00 187.33 204.51
   5328.00 187.27 204.40
   5331.00 187.22 204.28
   5334.00 187.16 204.17
   5337.00 187.10 204.05
   5340.00 187.05 203.94
   5343.00 186.99 203.83
   5346.00 186.94 203.71
   5349.00 186.88 203.60
   5352.00 186.82 203.49
   5355.00 186.77 203.37
   5358.00 186.71 203.26
   5361.00 186.66 203.15
   5364.00 186.60 203.03
   5367.00 186.55 202.92
   5370.00 186.49 202.81
   5373.00 186.43 202.70
   5376.00 186.38 202.59
   5379.00 186.32 202.47
   5382.00 186.27 202.36
   5385.00 186.21 202.25
   5388.00 186.16 202.14
   5391.00 186.10 202.03
   5394.00 186.04 201.92
   5397.00 185.99 201.81
   5400.00 185.93 201.70
   5403.00 185.88 201.59
   5406.00 185.82 201.48
   5409.00 185.77 201.37
   5412.00 185.71 201.26
   5415.00 185.66 201.15
   5418.00 185.60 201.04
   5421.00 185.55 200.93
   5424.00 185.49 200.82
   5427.00 185.43 200.71
   5430.00 185.38 200.60
   5433.00 185.32 200.49
   5436.00 185.27 200.39
   5439.00 185.21 200.28
   5442.00 185.16 200.17
   5445.00 185.10 200.06
   5448.00 185.05 199.96
   5451.00 184.99 199.85
   5454.00 184.94 199.74
   5457.00 184.88 199.63
   5460.00 184.83 199.53
   5463.00 184.77 199.42
   5466.00 184.72 199.31
   5469.00 184.66 199.21
   5472.00 184.61 199.10
   5475.00 184.55 199.00
   5478.00 184.50 198.89
   5481.00 184.44 198.79
   5484.00 184.39 198.68
   5487.00 184.33 198.57
   5490.00 184.28 198.47
   5493.00 184.22 198.36
   5496.00 184.17 198.26
   5499.00 184.11 198.16
   5502.00 184.06 198.05
   5505.00 184.00 197.95
   5508.00 183.95 197.84
   5511.00 183.89 197.74
   5514.00 183.84 197.64
   5517.00 183.78 197.53
   5520.00 183.73 197.43
   5523.00 183.67 197.33
   5526.00 183.62 197.22
   5529.00 183.56 197.12
   5532.00 183.51 197.02
   5535.00 183.45 196.92
   5538.00 183.40 196.81
   5541.00 183.34 196.71
   5544.00 183.29 196.61
   5547.00 183.24 196.51
   5550.00 183.18 196.41
   5553.00 183.13 196.30
   5556.00 183.07 196.20
   5559.00 183.02 196.10
   5562.00 182.96 196.00
   5565.00 182.91 195.90
   5568.00 182.85 195.80
   5571.00 182.80 195.70
   5574.00 182.75 195.60
   5577.00 182.69 195.50
   5580.00 182.64 195.40
   5583.00 182.58 195.30
   5586.00 182.53 195.20
   5589.00 182.48 195.10
   5592.00 182.42 195.00
   5595.00 182.37 194.90
   5598.00 182.31 194.80
   5601.00 182.26 194.71
   5604.00 182.20 194.61
   5607.00 182.15 194.51
   5610.00 182.10 194.41
   5613.00 182.04 194.31
   5616.00 181.99 194.21
   5619.00 181.94 194.12
   5622.00 181.88 194.02
   5625.00 181.83 193.92
   5628.00 181.77 193.82
   5631.00 181.72 193.73
   5634.00 181.67 193.63
   5637.00 181.61 193.53
   5640.00 181.56 193.44
   5643.00 181.50 193.34
   5646.00 181.45 193.25
   5649.00 181.40 193.15
   5652.00 181.34 193.05
   5655.00 181.29 192.96
   5658.00 181.24 192.86
   5661.00 181.18 192.77
   5664.00 181.13 192.67
   5667.00 181.08 192.58
   5670.00 181.02 192.48
   5673.00 180.97 192.39
   5676.00 180.92 192.29
   5679.00 180.86 192.20
   5682.00 180.81 192.10
   5685.00 180.76 192.01
   5688.00 180.70 191.91
   5691.00 180.65 191.82
   5694.00 180.60 191.73
   5697.00 180.54 191.63
   5700.00 180.49 191.54
   5703.00 180.44 191.45
   5706.00 180.38 191.35
   5709.00 180.33 191.26
   5712.00 180.28 191.17
   5715.00 180.23 191.08
   5718.00 180.17 190.98
   5721.00 180.12 190.89
   5724.00 180.07 190.80
   5727.00 180.01 190.71
   5730.00 179.96 190.62
   5733.00 179.91 190.52
   5736.00 179.86 190.43
   5739.00 179.80 190.34
   5742.00 179.75 190.25
   5745.00 179.70 190.16
   5748.00 179.64 190.07
   5751.00 179.59 189.98
   5754.00 179.54 189.89
   5757.00 179.49 189.80
   5760.00 179.43 189.71
   5763.00 179.38 189.62
   5766.00 179.33 189.53
   5769.00 179.28 189.44
   5772.00 179.22 189.35
   5775.00 179.17 189.26
   5778.00 179.12 189.17
   5781.00 179.07 189.08
   5784.00 179.02 188.99
   5787.00 178.96 188.90
   5790.00 178.91 188.81
   5793.00 178.86 188.72
   5796.00 178.81 188.64
   5799.00 178.76 188.55
   5802.00 178.70 188.46
   5805.00 178.65 188.37
   5808.00 178.60 188.28
   5811.00 178.55 188.20
   5814.00 178.50 188.11
   5817.00 178.44 188.02
   5820.00 178.39 187.93
   5823.00 178.34 187.85
   5826.00 178.29 187.76
   5829.00 178.24 187.67
   5832.00 178.18 187.59
   5835.00 178.13 187.50
   5838.00 178.08 187.41
   5841.00 178.03 187.33
   5844.00 177.98 187.24
   5847.00 177.93 187.16
   5850.00 177.88 187.07
   5853.00 177.82 186.98
   5856.00 177.77 186.90
   5859.00 177.72 186.81
   5862.00 177.67 186.73
   5865.00 177.62 186.64
   5868.00 177.57 186.56
   5871.00 177.52 186.47
   5874.00 177.46 186.39
   5877.00 177.41 186.30
   5880.00 177.36 186.22
   5883.00 177.31 186.14
   5886.00 177.26 186.05
   5889.00 177.21 185.97
   5892.00 177.16 185.88
   5895.00 177.11 185.80
   5898.00 177.06 185.72
   5901.00 177.01 185.63
   5904.00 176.95 185.55
   5907.00 176.90 185.47
   5910.00 176.85 185.39
   5913.00 176.80 185.30
   5916.00 176.75 185.22
   5919.00 176.70 185.14
   5922.00 176.65 185.06
   5925.00 176.60 184.97
   5928.00 176.55 184.89
   5931.00 176.50 184.81
   5934.00 176.45 184.73
   5937.00 176.40 184.65
   5940.00 176.35 184.57
   5943.00 176.30 184.48
   5946.00 176.25 184.40
   5949.00 176.20 184.32
   5952.00 176.15 184.24
   5955.00 176.10 184.16
   5958.00 176.05 184.08
   5961.00 176.00 184.00
   5964.00 175.95 183.92
   5967.00 175.90 183.84
   5970.00 175.85 183.76
   5973.00 175.80 183.68
   5976.00 175.75 183.60
   5979.00 175.70 183.52
   5982.00 175.65 183.44
   5985.00 175.60 183.36
   5988.00 175.55 183.28
   5991.00 175.50 183.20
   5994.00 175.45 183.12
   5997.00 175.40 183.04
   6000.00 175.35 182.97
   6003.00 175.30 182.89
   6006.00 175.25 182.81
   6009.00 175.20 182.73
   6012.00 175.15 182.65
   6015.00 175.10 182.57
   6018.00 175.05 182.50
   6021.00 175.00 182.42
   6024.00 174.95 182.34
   6027.00 174.90 182.26
   6030.00 174.85 182.19
   6033.00 174.81 182.11
   6036.00 174.76 182.03
   6039.00 174.71 181.96
   6042.00 174.66 181.88
   6045.00 174.61 181.80
   6048.00 174.56 181.73
   6051.00 174.51 181.65
   6054.00 174.46 181.57
   6057.00 174.41 181.50
   6060.00 174.36 181.42
   6063.00 174.32 181.35
   6066.00 174.27 181.27
   6069.00 174.22 181.19
   6072.00 174.17 181.12
   6075.00 174.12 181.04
   6078.00 174.07 180.97
   6081.00 174.02 180.89
   6084.00 173.98 180.82
   6087.00 173.93 180.74
   6090.00 173.88 180.67
   6093.00 173.83 180.59
   6096.00 173.78 180.52
   6099.00 173.73 180.45
   6102.00 173.69 180.37
   6105.00 173.64 180.30
   6108.00 173.59 180.22
   6111.00 173.54 180.15
   6114.00 173.49 180.08
   6117.00 173.45 180.00
   6120.00 173.40 179.93
   6123.00 173.35 179.86
   6126.00 173.30 179.78
   6129.00 173.25 179.71
   6132.00 173.21 179.64
   6135.00 173.16 179.57
   6138.00 173.11 179.49
   6141.00 173.06 179.42
   6144.00 173.02 179.35
   6147.00 172.97 179.28
   6150.00 172.92 179.20
   6153.00 172.87 179.13
   6156.00 172.83 179.06
   6159.00 172.78 178.99
   6162.00 172.73 178.92
   6165.00 172.68 178.85
   6168.00 172.64 178.77
   6171.00 172.59 178.70
   6174.00 172.54 178.63
   6177.00 172.50 178.56
   6180.00 172.45 178.49
   6183.00 172.40 178.42
   6186.00 172.35 178.35
   6189.00 172.31 178.28
   6192.00 172.26 178.21
   6195.00 172.21 178.14
   6198.00 172.17 178.07
   6201.00 172.12 178.00
   6204.00 172.07 177.93
   6207.00 172.03 177.86
   6210.00 171.98 177.79
   6213.00 171.93 177.72
   6216.00 171.89 177.65
   6219.00 171.84 177.58
   6222.00 171.79 177.51
   6225.00 171.75 177.44
   6228.00 171.70 177.38
   6231.00 171.65 177.31
   6234.00 171.61 177.24
   6237.00 171.56 177.17
   6240.00 171.52 177.10
   6243.00 171.47 177.03
   6246.00 171.42 176.96
   6249.00 171.38 176.90
   6252.00 171.33 176.83
   6255.00 171.29 176.76
   6258.00 171.24 176.69
   6261.00 171.19 176.63
   6264.00 171.15 176.56
   6267.00 171.10 176.49
   6270.00 171.06 176.42
   6273.00 171.01 176.36
   6276.00 170.97 176.29
   6279.00 170.92 176.22
   6282.00 170.87 176.16
   6285.00 170.83 176.09
   6288.00 170.78 176.02
   6291.00 170.74 175.96
   6294.00 170.69 175.89
   6297.00 170.65 175.83
   6300.00 170.60 175.76
   6303.00 170.56 175.69
   6306.00 170.51 175.63
   6309.00 170.47 175.56
   6312.00 170.42 175.50
   6315.00 170.38 175.43
   6318.00 170.33 175.37
   6321.00 170.29 175.30
   6324.00 170.24 175.24
   6327.00 170.20 175.17
   6330.00 170.15 175.11
   6333.00 170.11 175.04
   6336.00 170.06 174.98
   6339.00 170.02 174.91
   6342.00 169.97 174.85
   6345.00 169.93 174.79
   6348.00 169.88 174.72
   6351.00 169.84 174.66
   6354.00 169.80 174.59
   6357.00 169.75 174.53
   6360.00 169.71 174.47
   6363.00 169.66 174.40
   6366.00 169.62 174.34
   6369.00 169.57 174.28
   6372.00 169.53 174.21
   6375.00 169.49 174.15
   6378.00 169.44 174.09
   6381.00 169.40 174.03
   6384.00 169.35 173.96
   6387.00 169.31 173.90
   6390.00 169.27 173.84
   6393.00 169.22 173.78
   6396.00 169.18 173.71
   6399.00 169.14 173.65
   6402.00 169.09 173.59
   6405.00 169.05 173.53
   6408.00 169.00 173.47
   6411.00 168.96 173.41
   6414.00 168.92 173.34
   6417.00 168.87 173.28
   6420.00 168.83 173.22
   6423.00 168.79 173.16
   6426.00 168.74 173.10
   6429.00 168.70 173.04
   6432.00 168.66 172.98
   6435.00 168.61 172.92
   6438.00 168.57 172.86
   6441.00 168.53 172.80
   6444.00 168.49 172.73
   6447.00 168.44 172.67
   6450.00 168.40 172.61
   6453.00 168.36 172.55
   6456.00 168.31 172.49
   6459.00 168.27 172.43
   6462.00 168.23 172.38
   6465.00 168.19 172.32
   6468.00 168.14 172.26
   6471.00 168.10 172.20
   6474.00 168.06 172.14
   6477.00 168.02 172.08
   6480.00 167.97 172.02
   6483.00 167.93 171.96
   6486.00 167.89 171.90
   6489.00 167.85 171.84
   6492.00 167.81 171.78
   6495.00 167.76 171.73
   6498.00 167.72 171.67
   6501.00 167.68 171.61
   6504.00 167.64 171.55
   6507.00 167.60 171.49
   6510.00 167.55 171.44
   6513.00 167.51 171.38
   6516.00 167.47 171.32
   6519.00 167.43 171.26
   6522.00 167.39 171.20
   6525.00 167.34 171.15
   6528.00 167.30 171.09
   6531.00 167.26 171.03
   6534.00 167.22 170.98
   6537.00 167.18 170.92
   6540.00 167.14 170.86
   6543.00 167.10 170.80
   6546.00 167.05 170.75
   6549.00 167.01 170.69
   6552.00 166.97 170.64
   6555.00 166.93 170.58
   6558.00 166.89 170.52
   6561.00 166.85 170.47
   6564.00 166.81 170.41
   6567.00 166.77 170.35
   6570.00 166.73 170.30
   6573.00 166.69 170.24
   6576.00 166.65 170.19
   6579.00 166.60 170.13
   6582.00 166.56 170.08
   6585.00 166.52 170.02
   6588.00 166.48 169.97
   6591.00 166.44 169.91
   6594.00 166.40 169.86
   6597.00 166.36 169.80
   6600.00 166.32 169.75
   6603.00 166.28 169.69
   6606.00 166.24 169.64
   6609.00 166.20 169.58
   6612.00 166.16 169.53
   6615.00 166.12 169.47
   6618.00 166.08 169.42
   6621.00 166.04 169.37
   6624.00 166.00 169.31
   6627.00 165.96 169.26
   6630.00 165.92 169.20
   6633.00 165.88 169.15
   6636.00 165.84 169.10
   6639.00 165.80 169.04
   6642.00 165.76 168.99
   6645.00 165.72 168.94
   6648.00 165.68 168.88
   6651.00 165.64 168.83
   6654.00 165.60 168.78
   6657.00 165.56 168.73
   6660.00 165.53 168.67
   6663.00 165.49 168.62
   6666.00 165.45 168.57
   6669.00 165.41 168.52
   6672.00 165.37 168.46
   6675.00 165.33 168.41
   6678.00 165.29 168.36
   6681.00 165.25 168.31
   6684.00 165.21 168.26
   6687.00 165.17 168.20
   6690.00 165.13 168.15
   6693.00 165.10 168.10
   6696.00 165.06 168.05
   6699.00 165.02 168.00
   6702.00 164.98 167.95
   6705.00 164.94 167.90
   6708.00 164.90 167.84
   6711.00 164.86 167.79
   6714.00 164.83 167.74
   6717.00 164.79 167.69
   6720.00 164.75 167.64
   6723.00 164.71 167.59
   6726.00 164.67 167.54
   6729.00 164.64 167.49
   6732.00 164.60 167.44
   6735.00 164.56 167.39
   6738.00 164.52 167.34
   6741.00 164.48 167.29
   6744.00 164.45 167.24
   6747.00 164.41 167.19
   6750.00 164.37 167.14
   6753.00 164.33 167.09
   6756.00 164.29 167.04
   6759.00 164.26 166.99
   6762.00 164.22 166.94
   6765.00 164.18 166.89
   6768.00 164.14 166.84
   6771.00 164.11 166.79
   6774.00 164.07 166.74
   6777.00 164.03 166.70
   6780.00 164.00 166.65
   6783.00 163.96 166.60
   6786.00 163.92 166.55
   6789.00 163.88 166.50
   6792.00 163.85 166.45
   6795.00 163.81 166.41
   6798.00 163.77 166.36
   6801.00 163.74 166.31
   6804.00 163.70 166.26
   6807.00 163.66 166.21
   6810.00 163.63 166.17
   6813.00 163.59 166.12
   6816.00 163.55 166.07
   6819.00 163.52 166.02
   6822.00 163.48 165.98
   6825.00 163.44 165.93
   6828.00 163.41 165.88
   6831.00 163.37 165.83
   6834.00 163.33 165.79
   6837.00 163.30 165.74
   6840.00 163.26 165.69
   6843.00 163.23 165.65
   6846.00 163.19 165.60
   6849.00 163.15 165.55
   6852.00 163.12 165.51
   6855.00 163.08 165.46
   6858.00 163.05 165.41
   6861.00 163.01 165.37
   6864.00 162.97 165.32
   6867.00 162.94 165.28
   6870.00 162.90 165.23
   6873.00 162.87 165.18
   6876.00 162.83 165.14
   6879.00 162.80 165.09
   6882.00 162.76 165.05
   6885.00 162.73 165.00
   6888.00 162.69 164.96
   6891.00 162.66 164.91
   6894.00 162.62 164.87
   6897.00 162.58 164.82
   6900.00 162.55 164.78
   6903.00 162.51 164.73
   6906.00 162.48 164.69
   6909.00 162.44 164.64
   6912.00 162.41 164.60
   6915.00 162.38 164.55
   6918.00 162.34 164.51
   6921.00 162.31 164.46
   6924.00 162.27 164.42
   6927.00 162.24 164.37
   6930.00 162.20 164.33
   6933.00 162.17 164.29
   6936.00 162.13 164.24
   6939.00 162.10 164.20
   6942.00 162.06 164.16
   6945.00 162.03 164.11
   6948.00 162.00 164.07
   6951.00 161.96 164.02
   6954.00 161.93 163.98
   6957.00 161.89 163.94
   6960.00 161.86 163.89
   6963.00 161.83 163.85
   6966.00 161.79 163.81
   6969.00 161.76 163.77
   6972.00 161.72 163.72
   6975.00 161.69 163.68
   6978.00 161.66 163.64
   6981.00 161.62 163.59
   6984.00 161.59 163.55
   6987.00 161.56 163.51
   6990.00 161.52 163.47
   6993.00 161.49 163.43
   6996.00 161.45 163.38
   6999.00 161.42 163.34
   7002.00 161.39 163.30
   7005.00 161.36 163.26
   7008.00 161.32 163.22
   7011.00 161.29 163.17
   7014.00 161.26 163.13
   7017.00 161.22 163.09
   7020.00 161.19 163.05
   7023.00 161.16 163.01
   7026.00 161.12 162.97
   7029.00 161.09 162.93
   7032.00 161.06 162.88
   7035.00 161.03 162.84
   7038.00 160.99 162.80
   7041.00 160.96 162.76
   7044.00 160.93 162.72
   7047.00 160.90 162.68
   7050.00 160.86 162.64
   7053.00 160.83 162.60
   7056.00 160.80 162.56
   7059.00 160.77 162.52
   7062.00 160.73 162.48
   7065.00 160.70 162.44
   7068.00 160.67 162.40
   7071.00 160.64 162.36
   7074.00 160.61 162.32
   7077.00 160.57 162.28
   7080.00 160.54 162.24
   7083.00 160.51 162.20
   7086.00 160.48 162.16
   7089.00 160.45 162.12
   7092.00 160.41 162.08
   7095.00 160.38 162.04
   7098.00 160.35 162.00
   7101.00 160.32 161.96
   7104.00 160.29 161.92
   7107.00 160.26 161.89
   7110.00 160.23 161.85
   7113.00 160.19 161.81
   7116.00 160.16 161.77
   7119.00 160.13 161.73
   7122.00 160.10 161.69
   7125.00 160.07 161.65
   7128.00 160.04 161.62
   7131.00 160.01 161.58
   7134.00 159.98 161.54
   7137.00 159.95 161.50
   7140.00 159.92 161.46
   7143.00 159.88 161.42
   7146.00 159.85 161.39
   7149.00 159.82 161.35
   7152.00 159.79 161.31
   7155.00 159.76 161.27
   7158.00 159.73 161.24
   7161.00 159.70 161.20
   7164.00 159.67 161.16
   7167.00 159.64 161.12
   7170.00 159.61 161.09
   7173.00 159.58 161.05
   7176.00 159.55 161.01
   7179.00 159.52 160.98
   7182.00 159.49 160.94
   7185.00 159.46 160.90
   7188.00 159.43 160.87
   7191.00 159.40 160.83
   7194.00 159.37 160.79
   7197.00 159.34 160.76
   7200.00 159.31 160.72
   7203.00 159.28 160.68
   7206.00 159.25 160.65
   7209.00 159.22 160.61
   7212.00 159.19 160.57
   7215.00 159.16 160.54
   7218.00 159.13 160.50
   7221.00 159.10 160.47
   7224.00 159.07 160.43
   7227.00 159.04 160.40
   7230.00 159.02 160.36
   7233.00 158.99 160.32
   7236.00 158.96 160.29
   7239.00 158.93 160.25
   7242.00 158.90 160.22
   7245.00 158.87 160.18
   7248.00 158.84 160.15
   7251.00 158.81 160.11
   7254.00 158.78 160.08
   7257.00 158.76 160.04
   7260.00 158.73 160.01
   7263.00 158.70 159.97
   7266.00 158.67 159.94
   7269.00 158.64 159.90
   7272.00 158.61 159.87
   7275.00 158.58 159.84
   7278.00 158.56 159.80
   7281.00 158.53 159.77
   7284.00 158.50 159.73
   7287.00 158.47 159.70
   7290.00 158.44 159.66
   7293.00 158.41 159.63
   7296.00 158.39 159.60
   7299.00 158.36 159.56
   7302.00 158.33 159.53
   7305.00 158.30 159.50
   7308.00 158.27 159.46
   7311.00 158.25 159.43
   7314.00 158.22 159.39
   7317.00 158.19 159.36
   7320.00 158.16 159.33
   7323.00 158.14 159.29
   7326.00 158.11 159.26
   7329.00 158.08 159.23
   7332.00 158.05 159.20
   7335.00 158.03 159.16
   7338.00 158.00 159.13
   7341.00 157.97 159.10
   7344.00 157.95 159.06
   7347.00 157.92 159.03
   7350.00 157.89 159.00
   7353.00 157.86 158.97
   7356.00 157.84 158.93
   7359.00 157.81 158.90
   7362.00 157.78 158.87
   7365.00 157.76 158.84
   7368.00 157.73 158.81
   7371.00 157.70 158.77
   7374.00 157.68 158.74
   7377.00 157.65 158.71
   7380.00 157.62 158.68
   7383.00 157.60 158.65
   7386.00 157.57 158.62
   7389.00 157.54 158.58
   7392.00 157.52 158.55
   7395.00 157.49 158.52
   7398.00 157.46 158.49
   7401.00 157.44 158.46
   7404.00 157.41 158.43
   7407.00 157.39 158.40
   7410.00 157.36 158.36
   7413.00 157.33 158.33
   7416.00 157.31 158.30
   7419.00 157.28 158.27
   7422.00 157.26 158.24
   7425.00 157.23 158.21
   7428.00 157.21 158.18
   7431.00 157.18 158.15
   7434.00 157.15 158.12
   7437.00 157.13 158.09
   7440.00 157.10 158.06
   7443.00 157.08 158.03
   7446.00 157.05 158.00
   7449.00 157.03 157.97
   7452.00 157.00 157.94
   7455.00 156.98 157.91
   7458.00 156.95 157.88
   7461.00 156.93 157.85
   7464.00 156.90 157.82
   7467.00 156.88 157.79
   7470.00 156.85 157.76
   7473.00 156.83 157.73
   7476.00 156.80 157.70
   7479.00 156.78 157.67
   7482.00 156.75 157.64
   7485.00 156.73 157.61
   7488.00 156.70 157.58
   7491.00 156.68 157.55
   7494.00 156.65 157.53
   7497.00 156.63 157.50
   7500.00 156.60 157.47
   7503.00 156.58 157.44
   7506.00 156.55 157.41
   7509.00 156.53 157.38
   7512.00 156.51 157.35
   7515.00 156.48 157.32
   7518.00 156.46 157.30
   7521.00 156.43 157.27
   7524.00 156.41 157.24
   7527.00 156.39 157.21
   7530.00 156.36 157.18
   7533.00 156.34 157.15
   7536.00 156.31 157.13
   7539.00 156.29 157.10
   7542.00 156.27 157.07
   7545.00 156.24 157.04
   7548.00 156.22 157.02
   7551.00 156.20 156.99
   7554.00 156.17 156.96
   7557.00 156.15 156.93
   7560.00 156.13 156.91
   7563.00 156.10 156.88
   7566.00 156.08 156.85
   7569.00 156.06 156.82
   7572.00 156.03 156.80
   7575.00 156.01 156.77
   7578.00 155.99 156.74
   7581.00 155.96 156.71
   7584.00 155.94 156.69
   7587.00 155.92 156.66
   7590.00 155.89 156.63
   7593.00 155.87 156.61
   7596.00 155.85 156.58
   7599.00 155.82 156.55
   7602.00 155.80 156.53
   7605.00 155.78 156.50
   7608.00 155.76 156.47
   7611.00 155.73 156.45
   7614.00 155.71 156.42
   7617.00 155.69 156.40
   7620.00 155.67 156.37
   7623.00 155.64 156.34
   7626.00 155.62 156.32
   7629.00 155.60 156.29
   7632.00 155.58 156.27
   7635.00 155.56 156.24
   7638.00 155.53 156.21
   7641.00 155.51 156.19
   7644.00 155.49 156.16
   7647.00 155.47 156.14
   7650.00 155.45 156.11
   7653.00 155.42 156.09
   7656.00 155.40 156.06
   7659.00 155.38 156.04
   7662.00 155.36 156.01
   7665.00 155.34 155.99
   7668.00 155.32 155.96
   7671.00 155.29 155.94
   7674.00 155.27 155.91
   7677.00 155.25 155.89
   7680.00 155.23 155.86
   7683.00 155.21 155.84
   7686.00 155.19 155.81
   7689.00 155.17 155.79
   7692.00 155.14 155.76
   7695.00 155.12 155.74
   7698.00 155.10 155.71
   7701.00 155.08 155.69
   7704.00 155.06 155.66
   7707.00 155.04 155.64
   7710.00 155.02 155.62
   7713.00 155.00 155.59
   7716.00 154.98 155.57
   7719.00 154.96 155.54
   7722.00 154.93 155.52
   7725.00 154.91 155.50
   7728.00 154.89 155.47
   7731.00 154.87 155.45
   7734.00 154.85 155.43
   7737.00 154.83 155.40
   7740.00 154.81 155.38
   7743.00 154.79 155.35
   7746.00 154.77 155.33
   7749.00 154.75 155.31
   7752.00 154.73 155.28
   7755.00 154.71 155.26
   7758.00 154.69 155.24
   7761.00 154.67 155.22
   7764.00 154.65 155.19
   7767.00 154.63 155.17
   7770.00 154.61 155.15
   7773.00 154.59 155.12
   7776.00 154.57 155.10
   7779.00 154.55 155.08
   7782.00 154.53 155.06
   7785.00 154.51 155.03
   7788.00 154.49 155.01
   7791.00 154.47 154.99
   7794.00 154.45 154.97
   7797.00 154.43 154.94
   7800.00 154.41 154.92
   7803.00 154.39 154.90
   7806.00 154.37 154.88
   7809.00 154.36 154.85
   7812.00 154.34 154.83
   7815.00 154.32 154.81
   7818.00 154.30 154.79
   7821.00 154.28 154.77
   7824.00 154.26 154.74
   7827.00 154.24 154.72
   7830.00 154.22 154.70
   7833.00 154.20 154.68
   7836.00 154.18 154.66
   7839.00 154.16 154.64
   7842.00 154.15 154.62
   7845.00 154.13 154.59
   7848.00 154.11 154.57
   7851.00 154.09 154.55
   7854.00 154.07 154.53
   7857.00 154.05 154.51
   7860.00 154.03 154.49
   7863.00 154.02 154.47
   7866.00 154.00 154.45
   7869.00 153.98 154.42
   7872.00 153.96 154.40
   7875.00 153.94 154.38
   7878.00 153.92 154.36
   7881.00 153.91 154.34
   7884.00 153.89 154.32
   7887.00 153.87 154.30
   7890.00 153.85 154.28
   7893.00 153.83 154.26
   7896.00 153.82 154.24
   7899.00 153.80 154.22
   7902.00 153.78 154.20
   7905.00 153.76 154.18
   7908.00 153.75 154.16
   7911.00 153.73 154.14
   7914.00 153.71 154.12
   7917.00 153.69 154.10
   7920.00 153.67 154.08
   7923.00 153.66 154.06
   7926.00 153.64 154.04
   7929.00 153.62 154.02
   7932.00 153.61 154.00
   7935.00 153.59 153.98
   7938.00 153.57 153.96
   7941.00 153.55 153.94
   7944.00 153.54 153.92
   7947.00 153.52 153.90
   7950.00 153.50 153.88
   7953.00 153.49 153.86
   7956.00 153.47 153.84
   7959.00 153.45 153.82
   7962.00 153.43 153.81
   7965.00 153.42 153.79
   7968.00 153.40 153.77
   7971.00 153.38 153.75
   7974.00 153.37 153.73
   7977.00 153.35 153.71
   7980.00 153.33 153.69
   7983.00 153.32 153.67
   7986.00 153.30 153.66
   7989.00 153.28 153.64
   7992.00 153.27 153.62
   7995.00 153.25 153.60
   7998.00 153.24 153.58
   8001.00 153.22 153.56
   8004.00 153.20 153.54
   8007.00 153.19 153.53
   8010.00 153.17 153.51
   8013.00 153.15 153.49
   8016.00 153.14 153.47
   8019.00 153.12 153.45
   8022.00 153.11 153.44
   8025.00 153.09 153.42
   8028.00 153.07 153.40
   8031.00 153.06 153.38
   8034.00 153.04 153.36
   8037.00 153.03 153.35
   8040.00 153.01 153.33
   8043.00 153.00 153.31
   8046.00 152.98 153.29
   8049.00 152.96 153.28
   8052.00 152.95 153.26
   8055.00 152.93 153.24
   8058.00 152.92 153.22
   8061.00 152.90 153.21
   8064.00 152.89 153.19
   8067.00 152.87 153.17
   8070.00 152.86 153.15
   8073.00 152.84 153.14
   8076.00 152.83 153.12
   8079.00 152.81 153.10
   8082.00 152.80 153.09
   8085.00 152.78 153.07
   8088.00 152.77 153.05
   8091.00 152.75 153.04
   8094.00 152.74 153.02
   8097.00 152.72 153.00
   8100.00 152.71 152.99
   8103.00 152.69 152.97
   8106.00 152.68 152.95
   8109.00 152.66 152.94
   8112.00 152.65 152.92
   8115.00 152.63 152.90
   8118.00 152.62 152.89
   8121.00 152.60 152.87
   8124.00 152.59 152.86
   8127.00 152.58 152.84
   8130.00 152.56 152.82
   8133.00 152.55 152.81
   8136.00 152.53 152.79
   8139.00 152.52 152.78
   8142.00 152.50 152.76
   8145.00 152.49 152.74
   8148.00 152.48 152.73
   8151.00 152.46 152.71
   8154.00 152.45 152.70
   8157.00 152.43 152.68
   8160.00 152.42 152.67
   8163.00 152.41 152.65
   8166.00 152.39 152.63
   8169.00 152.38 152.62
   8172.00 152.37 152.60
   8175.00 152.35 152.59
   8178.00 152.34 152.57
   8181.00 152.32 152.56
   8184.00 152.31 152.54
   8187.00 152.30 152.53
   8190.00 152.28 152.51
   8193.00 152.27 152.50
   8196.00 152.26 152.48
   8199.00 152.24 152.47
   8202.00 152.23 152.45
   8205.00 152.22 152.44
   8208.00 152.20 152.42
   8211.00 152.19 152.41
   8214.00 152.18 152.39
   8217.00 152.16 152.38
   8220.00 152.15 152.36
   8223.00 152.14 152.35
   8226.00 152.12 152.34
   8229.00 152.11 152.32
   8232.00 152.10 152.31
   8235.00 152.09 152.29
   8238.00 152.07 152.28
   8241.00 152.06 152.26
   8244.00 152.05 152.25
   8247.00 152.04 152.24
   8250.00 152.02 152.22
   8253.00 152.01 152.21
   8256.00 152.00 152.19
   8259.00 151.98 152.18
   8262.00 151.97 152.17
   8265.00 151.96 152.15
   8268.00 151.95 152.14
   8271.00 151.93 152.12
   8274.00 151.92 152.11
   8277.00 151.91 152.10
   8280.00 151.90 152.08
   8283.00 151.89 152.07
   8286.00 151.87 152.06
   8289.00 151.86 152.04
   8292.00 151.85 152.03
   8295.00 151.84 152.02
   8298.00 151.83 152.00
   8301.00 151.81 151.99
   8304.00 151.80 151.98
   8307.00 151.79 151.96
   8310.00 151.78 151.95
   8313.00 151.77 151.94
   8316.00 151.75 151.92
   8319.00 151.74 151.91
   8322.00 151.73 151.90
   8325.00 151.72 151.89
   8328.00 151.71 151.87
   8331.00 151.70 151.86
   8334.00 151.68 151.85
   8337.00 151.67 151.83
   8340.00 151.66 151.82
   8343.00 151.65 151.81
   8346.00 151.64 151.80
   8349.00 151.63 151.78
   8352.00 151.62 151.77
   8355.00 151.60 151.76
   8358.00 151.59 151.75
   8361.00 151.58 151.73
   8364.00 151.57 151.72
   8367.00 151.56 151.71
   8370.00 151.55 151.70
   8373.00 151.54 151.69
   8376.00 151.53 151.67
   8379.00 151.52 151.66
   8382.00 151.51 151.65
   8385.00 151.49 151.64
   8388.00 151.48 151.63
   8391.00 151.47 151.61
   8394.00 151.46 151.60
   8397.00 151.45 151.59
   8400.00 151.44 151.58
   8403.00 151.43 151.57
   8406.00 151.42 151.55
   8409.00 151.41 151.54
   8412.00 151.40 151.53
   8415.00 151.39 151.52
   8418.00 151.38 151.51
   8421.00 151.37 151.50
   8424.00 151.36 151.49
   8427.00 151.35 151.47
   8430.00 151.34 151.46
   8433.00 151.33 151.45
   8436.00 151.32 151.44
   8439.00 151.31 151.43
   8442.00 151.30 151.42
   8445.00 151.29 151.41
   8448.00 151.28 151.40
   8451.00 151.27 151.38
   8454.00 151.26 151.37
   8457.00 151.25 151.36
   8460.00 151.24 151.35
   8463.00 151.23 151.34
   8466.00 151.22 151.33
   8469.00 151.21 151.32
   8472.00 151.20 151.31
   8475.00 151.19 151.30
   8478.00 151.18 151.29
   8481.00 151.17 151.28
   8484.00 151.16 151.27
   8487.00 151.15 151.26
   8490.00 151.14 151.24
   8493.00 151.13 151.23
   8496.00 151.12 151.22
   8499.00 151.11 151.21
   8502.00 151.10 151.20
   8505.00 151.09 151.19
   8508.00 151.08 151.18
   8511.00 151.07 151.17
   8514.00 151.06 151.16
   8517.00 151.05 151.15
   8520.00 151.05 151.14
   8523.00 151.04 151.13
   8526.00 151.03 151.12
   8529.00 151.02 151.11
   8532.00 151.01 151.10
   8535.00 151.00 151.09
   8538.00 150.99 151.08
   8541.00 150.98 151.07
   8544.00 150.97 151.06
   8547.00 150.96 151.05
   8550.00 150.96 151.04
   8553.00 150.95 151.03
   8556.00 150.94 151.02
   8559.00 150.93 151.02
   8562.00 150.92 151.01
   8565.00 150.91 151.00
   8568.00 150.90 150.99
   8571.00 150.90 150.98
   8574.00 150.89 150.97
   8577.00 150.88 150.96
   8580.00 150.87 150.95
   8583.00 150.86 150.94
   8586.00 150.85 150.93
   8589.00 150.84 150.92
   8592.00 150.84 150.91
   8595.00 150.83 150.90
   8598.00 150.82 150.89
   8601.00 150.81 150.89
   8604.00 150.80 150.88
   8607.00 150.80 150.87
   8610.00 150.79 150.86
   8613.00 150.78 150.85
   8616.00 150.77 150.84
   8619.00 150.76 150.83
   8622.00 150.76 150.82
   8625.00 150.75 150.82
   8628.00 150.74 150.81
   8631.00 150.73 150.80
   8634.00 150.72 150.79
   8637.00 150.72 150.78
   8640.00 150.71 150.77
   8643.00 150.70 150.76
   8646.00 150.69 150.76
   8649.00 150.68 150.75
   8652.00 150.68 150.74
   8655.00 150.67 150.73
   8658.00 150.66 150.72
   8661.00 150.65 150.71
   8664.00 150.65 150.71
   8667.00 150.64 150.70
   8670.00 150.63 150.69
   8673.00 150.62 150.68
   8676.00 150.62 150.67
   8679.00 150.61 150.67
   8682.00 150.60 150.66
   8685.00 150.60 150.65
   8688.00 150.59 150.64
   8691.00 150.58 150.63
   8694.00 150.57 150.63
   8697.00 150.57 150.62
   8700.00 150.56 150.61
   8703.00 150.55 150.60
   8706.00 150.55 150.59
   8709.00 150.54 150.59
   8712.00 150.53 150.58
   8715.00 150.52 150.57
   8718.00 150.52 150.56
   8721.00 150.51 150.56
   8724.00 150.50 150.55
   8727.00 150.50 150.54
   8730.00 150.49 150.53
   8733.00 150.48 150.53
   8736.00 150.48 150.52
   8739.00 150.47 150.51
   8742.00 150.46 150.50
   8745.00 150.46 150.50
   8748.00 150.45 150.49
   8751.00 150.44 150.48
   8754.00 150.44 150.48
   8757.00 150.43 150.47
   8760.00 150.42 150.46
   8763.00 150.42 150.45
   8766.00 150.41 150.45
   8769.00 150.40 150.44
   8772.00 150.40 150.43
   8775.00 150.39 150.43
   8778.00 150.39 150.42
   8781.00 150.38 150.41
   8784.00 150.37 150.41
   8787.00 150.37 150.40
   8790.00 150.36 150.39
   8793.00 150.35 150.39
   8796.00 150.35 150.38
   8799.00 150.34 150.37
   8802.00 150.34 150.37
   8805.00 150.33 150.36
   8808.00 150.32 150.35
   8811.00 150.32 150.35
   8814.00 150.31 150.34
   8817.00 150.31 150.33
   8820.00 150.30 150.33
   8823.00 150.30 150.32
   8826.00 150.29 150.31
   8829.00 150.28 150.31
   8832.00 150.28 150.30
   8835.00 150.27 150.30
   8838.00 150.27 150.29
   8841.00 150.26 150.28
   8844.00 150.25 150.28
   8847.00 150.25 150.27
   8850.00 150.24 150.27
   8853.00 150.24 150.26
   8856.00 150.23 150.25
   8859.00 150.23 150.25
   8862.00 150.22 150.24
   8865.00 150.22 150.24
   8868.00 150.21 150.23
   8871.00 150.21 150.22
   8874.00 150.20 150.22
   8877.00 150.19 150.21
   8880.00 150.19 150.21
   8883.00 150.18 150.20
   8886.00 150.18 150.19
   8889.00 150.17 150.19
   8892.00 150.17 150.18
   8895.00 150.16 150.18
   8898.00 150.16 150.17
   8901.00 150.15 150.17
   8904.00 150.15 150.16
   8907.00 150.14 150.16
   8910.00 150.14 150.15
   8913.00 150.13 150.14
   8916.00 150.13 150.14
   8919.00 150.12 150.13
   8922.00 150.12 150.13
   8925.00 150.11 150.12
   8928.00 150.11 150.12
   8931.00 150.10 150.11
   8934.00 150.10 150.11
   8937.00 150.09 150.10
   8940.00 150.09 150.10
   8943.00 150.08 150.09
   8946.00 150.08 150.09
   8949.00 150.08 150.08
   8952.00 150.07 150.08
   8955.00 150.07 150.07
   8958.00 150.06 150.07
   8961.00 150.06 150.06
   8964.00 150.05 150.06
   8967.00 150.05 150.05
   8970.00 150.04 150.05
   8973.00 150.04 150.04
   8976.00 150.03 150.04
   8979.00 150.03 150.03
   8982.00 150.03 150.03
   8985.00 150.02 150.02
   8988.00 150.02 150.02
   8991.00 150.01 150.01
   8994.00 150.01 150.01
   8997.00 150.00 150.00
   9000.00 150.00 150.00
