 -30000.00 417.64 1681.20
 -29969.98 419.26 1673.24
 -29939.97 420.88 1665.27
 -29909.95 422.48 1657.32
 -29879.94 424.08 1649.36
 -29849.92 425.68 1641.41
 -29819.91 427.27 1633.46
 -29789.89 428.86 1625.52
 -29759.88 430.44 1617.59
 -29729.86 432.01 1609.66
 -29699.85 433.58 1601.75
 -29669.83 435.14 1593.84
 -29639.82 436.70 1585.94
 -29609.80 438.24 1578.06
 -29579.79 439.79 1570.19
 -29549.77 441.32 1562.33
 -29519.76 442.85 1554.48
 -29489.74 444.38 1546.66
 -29459.73 445.89 1538.84
 -29429.71 447.40 1531.05
 -29399.70 448.90 1523.27
 -29369.68 450.40 1515.51
 -29339.67 451.88 1507.78
 -29309.65 453.36 1500.06
 -29279.64 454.84 1492.37
 -29249.62 456.30 1484.69
 -29219.61 457.76 1477.04
 -29189.59 459.21 1469.42
 -29159.58 460.65 1461.82
 -29129.56 462.08 1454.25
 -29099.55 463.51 1446.70
 -29069.53 464.92 1439.18
 -29039.52 466.33 1431.69
 -29009.50 467.73 1424.23
 -28979.49 469.13 1416.80
 -28949.47 470.51 1409.40
 -28919.46 471.88 1402.02
 -28889.44 473.25 1394.69
 -28859.43 474.61 1387.38
 -28829.41 475.96 1380.10
 -28799.40 477.30 1372.86
 -28769.38 478.63 1365.66
 -28739.37 479.95 1358.49
 -28709.35 481.26 1351.35
 -28679.34 482.56 1344.23
 -28649.32 483.86 1337.14
 -28619.31 485.14 1330.07
 -28589.29 486.41 1323.03
 -28559.28 487.68 1316.00
 -28529.26 488.93 1308.99
 -28499.25 490.18 1302.00
 -28469.23 491.41 1295.03
 -28439.22 492.64 1288.09
 -28409.20 493.85 1281.16
 -28379.19 495.05 1274.26
 -28349.17 496.25 1267.39
 -28319.16 497.43 1260.53
 -28289.14 498.61 1253.71
 -28259.13 499.77 1246.90
 -28229.11 500.92 1240.13
 -28199.10 502.06 1233.37
 -28169.08 503.19 1226.65
 -28139.07 504.31 1219.95
 -28109.05 505.42 1213.29
 -28079.04 506.52 1206.64
 -28049.02 507.61 1200.03
 -28019.01 508.69 1193.45
 -27988.99 509.75 1186.89
 -27958.98 510.81 1180.37
 -27928.96 511.85 1173.88
 -27898.95 512.88 1167.41
 -27868.93 513.90 1160.98
 -27838.92 514.91 1154.58
 -27808.90 515.91 1148.20
 -27778.89 516.90 1141.87
 -27748.87 517.87 1135.56
 -27718.86 518.83 1129.28
 -27688.84 519.79 1123.04
 -27658.83 520.73 1116.83
 -27628.81 521.65 1110.65
 -27598.80 522.57 1104.51
 -27568.78 523.48 1098.40
 -27538.77 524.37 1092.33
 -27508.75 525.25 1086.29
 -27478.74 526.12 1080.28
 -27448.72 526.97 1074.31
 -27418.71 527.82 1068.37
 -27388.69 528.65 1062.47
 -27358.68 529.47 1056.60
 -27328.66 530.28 1050.77
 -27298.65 531.08 1044.97
 -27268.63 531.86 1039.21
 -27238.62 532.63 1033.48
 -27208.60 533.39 1027.79
 -27178.59 534.14 1022.13
 -27148.57 534.87 1016.51
 -27118.56 535.59 1010.93
 -27088.54 536.30 1005.38
 -27058.53 537.00 999.86
 -27028.51 537.68 994.39
 -26998.50 538.35 988.94
 -26968.48 539.01 983.54
 -26938.47 539.66 978.17
 -26908.45 540.29 972.84
 -26878.44 540.92 967.54
 -26848.42 541.52 962.28
 -26818.41 542.12 957.06
 -26788.39 542.70 951.87
 -26758.38 543.27 946.72
 -26728.36 543.83 941.61
 -26698.35 544.38 936.53
 -26668.33 544.91 931.49
 -26638.32 545.43 926.48
 -26608.30 545.94 921.51
 -26578.29 546.43 916.58
 -26548.27 546.91 911.69
 -26518.26 547.38 906.83
 -26488.24 547.83 902.00
 -26458.23 548.28 897.22
 -26428.21 548.71 892.47
 -26398.20 549.12 887.75
 -26368.18 549.53 883.07
 -26338.17 549.92 878.43
 -26308.15 550.30 873.82
 -26278.14 550.66 869.25
 -26248.12 551.02 864.71
 -26218.11 551.35 860.21
 -26188.09 551.68 855.74
 -26158.08 552.00 851.31
 -26128.06 552.30 846.91
 -26098.05 552.59 842.55
 -26068.03 552.86 838.22
 -26038.02 553.12 833.93
 -26008.00 553.37 829.67
 -25977.99 553.61 825.45
 -25947.97 553.84 821.26
 -25917.96 554.05 817.10
 -25887.94 554.25 812.98
 -25857.93 554.43 808.89
 -25827.91 554.61 804.83
 -25797.90 554.77 800.81
 -25767.88 554.91 796.82
 -25737.87 555.05 792.86
 -25707.85 555.17 788.93
 -25677.84 555.28 785.04
 -25647.82 555.38 781.18
 -25617.81 555.46 777.35
 -25587.79 555.54 773.56
 -25557.78 555.60 769.79
 -25527.76 555.64 766.06
 -25497.75 555.68 762.36
 -25467.73 555.70 758.68
 -25437.72 555.71 755.04
 -25407.70 555.71 751.43
 -25377.69 555.69 747.86
 -25347.67 555.67 744.31
 -25317.66 555.63 740.79
 -25287.64 555.58 737.30
 -25257.63 555.51 733.84
 -25227.61 555.44 730.41
 -25197.60 555.35 727.01
 -25167.58 555.25 723.64
 -25137.57 555.13 720.29
 -25107.55 555.01 716.98
 -25077.54 554.87 713.69
 -25047.52 554.72 710.44
 -25017.51 554.56 707.21
 -24987.49 554.39 704.00
 -24957.48 554.21 700.83
 -24927.46 554.01 697.68
 -24897.45 553.80 694.56
 -24867.43 553.58 691.47
 -24837.42 553.35 688.40
 -24807.40 553.11 685.36
 -24777.39 552.85 682.35
 -24747.37 552.59 679.36
 -24717.36 552.31 676.39
 -24687.34 552.02 673.46
 -24657.33 551.72 670.55
 -24627.31 551.41 667.66
 -24597.30 551.09 664.80
 -24567.28 550.75 661.96
 -24537.27 550.41 659.15
 -24507.25 550.05 656.36
 -24477.24 549.69 653.60
 -24447.22 549.31 650.86
 -24417.21 548.92 648.14
 -24387.19 548.52 645.45
 -24357.18 548.11 642.78
 -24327.16 547.69 640.13
 -24297.15 547.25 637.51
 -24267.13 546.81 634.91
 -24237.12 546.36 632.33
 -24207.10 545.89 629.78
 -24177.09 545.42 627.24
 -24147.07 544.93 624.73
 -24117.06 544.44 622.24
 -24087.04 543.93 619.77
 -24057.03 543.42 617.33
 -24027.01 542.89 614.90
 -23997.00 542.35 612.50
 -23966.98 541.81 610.11
 -23936.97 541.25 607.75
 -23906.95 540.68 605.41
 -23876.94 540.11 603.08
 -23846.92 539.52 600.78
 -23816.91 538.93 598.50
 -23786.89 538.32 596.24
 -23756.88 537.71 593.99
 -23726.86 537.08 591.77
 -23696.85 536.45 589.56
 -23666.83 535.81 587.38
 -23636.82 535.16 585.21
 -23606.80 534.50 583.06
 -23576.79 533.83 580.93
 -23546.77 533.15 578.82
 -23516.76 532.46 576.73
 -23486.74 531.76 574.65
 -23456.73 531.05 572.59
 -23426.71 530.34 570.55
 -23396.70 529.62 568.53
 -23366.68 528.88 566.52
 -23336.67 528.14 564.54
 -23306.65 527.39 562.56
 -23276.64 526.64 560.61
 -23246.62 525.87 558.67
 -23216.61 525.10 556.75
 -23186.59 524.32 554.84
 -23156.58 523.52 552.96
 -23126.56 522.73 551.08
 -23096.55 521.92 549.23
 -23066.53 521.11 547.38
 -23036.52 520.28 545.56
 -23006.50 519.45 543.75
 -22976.49 518.62 541.95
 -22946.47 517.77 540.17
 -22916.46 516.92 538.41
 -22886.44 516.06 536.66
 -22856.43 515.19 534.92
 -22826.41 514.32 533.20
 -22796.40 513.44 531.50
 -22766.38 512.55 529.81
 -22736.37 511.66 528.13
 -22706.35 510.75 526.47
 -22676.34 509.84 524.82
 -22646.32 508.93 523.18
 -22616.31 508.01 521.56
 -22586.29 507.08 519.95
 -22556.28 506.14 518.36
 -22526.26 505.20 516.77
 -22496.25 504.25 515.21
 -22466.23 503.30 513.65
 -22436.22 502.33 512.11
 -22406.20 501.37 510.58
 -22376.19 500.39 509.06
 -22346.17 499.42 507.56
 -22316.16 498.43 506.07
 -22286.14 497.44 504.59
 -22256.13 496.44 503.12
 -22226.11 495.44 501.67
 -22196.10 494.43 500.22
 -22166.08 493.42 498.79
 -22136.07 492.40 497.37
 -22106.05 491.38 495.97
 -22076.04 490.35 494.57
 -22046.02 489.32 493.19
 -22016.01 488.28 491.81
 -21985.99 487.23 490.45
 -21955.98 486.18 489.10
 -21925.96 485.13 487.76
 -21895.95 484.07 486.44
 -21865.93 483.01 485.12
 -21835.92 481.94 483.81
 -21805.90 480.87 482.52
 -21775.89 479.79 481.23
 -21745.87 478.71 479.96
 -21715.86 477.62 478.69
 -21685.84 476.53 477.44
 -21655.83 475.44 476.19
 -21625.81 474.34 474.96
 -21595.80 473.24 473.74
 -21565.78 472.14 472.52
 -21535.77 471.03 471.32
 -21505.75 469.91 470.12
 -21475.74 468.80 468.94
 -21445.72 467.68 467.77
 -21415.71 466.55 466.60
 -21385.69 465.42 465.44
 -21355.68 464.29 464.30
 -21325.66 463.16 463.16
 -21295.65 462.02 462.02
 -21265.63 460.88 460.88
 -21235.62 459.74 459.74
 -21205.60 458.59 458.59
 -21175.59 457.44 457.44
 -21145.57 456.29 456.29
 -21115.56 455.14 455.14
 -21085.54 453.98 453.98
 -21055.53 452.82 452.82
 -21025.51 451.66 451.66
 -20995.50 450.50 450.50
 -20965.48 449.33 449.33
 -20935.47 448.16 448.16
 -20905.45 446.99 446.99
 -20875.44 445.81 445.81
 -20845.42 444.64 444.64
 -20815.41 443.46 443.46
 -20785.39 442.28 442.28
 -20755.38 441.10 441.10
 -20725.36 439.92 439.92
 -20695.35 438.73 438.73
 -20665.33 437.55 437.55
 -20635.32 436.36 436.36
 -20605.30 435.17 435.17
 -20575.29 433.98 433.98
 -20545.27 432.79 432.79
 -20515.26 431.59 431.59
 -20485.24 430.40 430.40
 -20455.23 429.20 429.20
 -20425.21 428.00 428.00
 -20395.20 426.81 426.81
 -20365.18 425.61 425.61
 -20335.17 424.41 424.41
 -20305.15 423.21 423.21
 -20275.14 422.01 422.01
 -20245.12 420.81 420.81
 -20215.11 419.60 419.60
 -20185.09 418.40 418.40
 -20155.08 417.20 417.20
 -20125.06 415.99 415.99
 -20095.05 414.79 414.79
 -20065.03 413.58 413.58
 -20035.02 412.38 412.38
 -20005.00 411.17 411.17
 -19974.99 409.97 409.97
 -19944.97 408.76 408.76
 -19914.96 407.56 407.56
 -19884.94 406.35 406.35
 -19854.93 405.15 405.15
 -19824.91 403.95 403.95
 -19794.90 402.74 402.74
 -19764.88 401.54 401.54
 -19734.87 400.33 400.33
 -19704.85 399.13 399.13
 -19674.84 397.93 397.93
 -19644.82 396.73 396.73
 -19614.81 395.53 395.53
 -19584.79 394.32 394.32
 -19554.78 393.12 393.12
 -19524.76 391.93 391.93
 -19494.75 390.73 390.73
 -19464.73 389.53 389.53
 -19434.72 388.33 388.33
 -19404.70 387.14 387.14
 -19374.69 385.94 385.94
 -19344.67 384.75 384.75
 -19314.66 383.56 383.56
 -19284.64 382.37 382.37
 -19254.63 381.18 381.18
 -19224.61 379.99 379.99
 -19194.60 378.80 378.80
 -19164.58 377.62 377.62
 -19134.57 376.43 376.43
 -19104.55 375.25 375.25
 -19074.54 374.07 374.07
 -19044.52 372.89 372.89
 -19014.51 371.71 371.71
 -18984.49 370.54 370.54
 -18954.48 369.36 369.36
 -18924.46 368.19 368.19
 -18894.45 367.02 367.02
 -18864.43 365.85 365.85
 -18834.42 364.68 364.68
 -18804.40 363.52 363.52
 -18774.39 362.35 362.35
 -18744.37 361.19 361.19
 -18714.36 360.03 360.03
 -18684.34 358.88 358.88
 -18654.33 357.72 357.72
 -18624.31 356.57 356.57
 -18594.30 355.42 355.42
 -18564.28 354.27 354.27
 -18534.27 353.13 353.13
 -18504.25 351.99 351.99
 -18474.24 350.85 350.85
 -18444.22 349.71 349.71
 -18414.21 348.57 348.57
 -18384.19 347.44 347.44
 -18354.18 346.31 346.31
 -18324.16 345.18 345.18
 -18294.15 344.06 344.06
 -18264.13 342.93 342.93
 -18234.12 341.81 341.81
 -18204.10 340.70 340.70
 -18174.09 339.58 339.58
 -18144.07 338.47 338.47
 -18114.06 337.36 337.36
 -18084.04 336.26 336.26
 -18054.03 335.16 335.16
 -18024.01 334.06 334.06
 -17994.00 332.96 332.96
 -17963.98 331.87 331.87
 -17933.97 330.78 330.78
 -17903.95 329.69 329.69
 -17873.94 328.60 328.60
 -17843.92 327.52 327.52
 -17813.91 326.44 326.44
 -17783.89 325.37 325.37
 -17753.88 324.30 324.30
 -17723.86 323.23 323.23
 -17693.85 322.16 322.16
 -17663.83 321.10 321.10
 -17633.82 320.04 320.04
 -17603.80 318.99 318.99
 -17573.79 317.94 317.94
 -17543.77 316.89 316.89
 -17513.76 315.84 315.84
 -17483.74 314.80 314.80
 -17453.73 313.76 313.76
 -17423.71 312.73 312.73
 -17393.70 311.70 311.70
 -17363.68 310.67 310.67
 -17333.67 309.64 309.64
 -17303.65 308.62 308.62
 -17273.64 307.61 307.61
 -17243.62 306.59 306.59
 -17213.61 305.58 305.58
 -17183.59 304.58 304.58
 -17153.58 303.57 303.57
 -17123.56 302.58 302.58
 -17093.55 301.58 301.58
 -17063.53 300.59 300.59
 -17033.52 299.60 299.60
 -17003.50 298.62 298.62
 -16973.49 297.64 297.64
 -16943.47 296.66 296.66
 -16913.46 295.69 295.69
 -16883.44 294.72 294.72
 -16853.43 293.76 293.76
 -16823.41 292.80 292.80
 -16793.40 291.84 291.84
 -16763.38 290.88 290.88
 -16733.37 289.94 289.94
 -16703.35 288.99 288.99
 -16673.34 288.05 288.05
 -16643.32 287.11 287.11
 -16613.31 286.18 286.18
 -16583.29 285.25 285.25
 -16553.28 284.32 284.32
 -16523.26 283.40 283.40
 -16493.25 282.48 282.48
 -16463.23 281.57 281.57
 -16433.22 280.66 280.66
 -16403.20 279.75 279.75
 -16373.19 278.85 278.85
 -16343.17 277.95 277.95
 -16313.16 277.06 277.06
 -16283.14 276.17 276.17
 -16253.13 275.28 275.28
 -16223.11 274.40 274.40
 -16193.10 273.52 273.52
 -16163.08 272.65 272.65
 -16133.07 271.78 271.78
 -16103.05 270.91 270.91
 -16073.04 270.05 270.05
 -16043.02 269.19 269.19
 -16013.01 268.34 268.34
 -15982.99 267.49 267.49
 -15952.98 266.65 266.65
 -15922.96 265.81 265.81
 -15892.95 264.97 264.97
 -15862.93 264.14 264.14
 -15832.92 263.31 263.31
 -15802.90 262.48 262.48
 -15772.89 261.66 261.66
 -15742.87 260.85 260.85
 -15712.86 260.03 260.03
 -15682.84 259.22 259.22
 -15652.83 258.42 258.42
 -15622.81 257.62 257.62
 -15592.80 256.82 256.82
 -15562.78 256.03 256.03
 -15532.77 255.24 255.24
 -15502.75 254.46 254.46
 -15472.74 253.68 253.68
 -15442.72 252.91 252.91
 -15412.71 252.14 252.14
 -15382.69 251.37 251.37
 -15352.68 250.60 250.60
 -15322.66 249.85 249.85
 -15292.65 249.09 249.09
 -15262.63 248.34 248.34
 -15232.62 247.59 247.59
 -15202.60 246.85 246.85
 -15172.59 246.11 246.11
 -15142.57 245.38 245.38
 -15112.56 244.65 244.65
 -15082.54 243.92 243.92
 -15052.53 243.20 243.20
 -15022.51 242.48 242.48
 -14992.50 241.77 241.77
 -14962.48 241.06 241.06
 -14932.47 240.35 240.35
 -14902.45 239.65 239.65
 -14872.44 238.95 238.95
 -14842.42 238.26 238.26
 -14812.41 237.57 237.57
 -14782.39 236.88 236.88
 -14752.38 236.20 236.20
 -14722.36 235.52 235.52
 -14692.35 234.85 234.85
 -14662.33 234.18 234.18
 -14632.32 233.51 233.51
 -14602.30 232.85 232.85
 -14572.29 232.19 232.19
 -14542.27 231.53 231.53
 -14512.26 230.88 230.88
 -14482.24 230.24 230.24
 -14452.23 229.60 229.60
 -14422.21 228.96 228.96
 -14392.20 228.32 228.32
 -14362.18 227.69 227.69
 -14332.17 227.07 227.07
 -14302.15 226.44 226.44
 -14272.14 225.82 225.82
 -14242.12 225.21 225.21
 -14212.11 224.60 224.60
 -14182.09 223.99 223.99
 -14152.08 223.39 223.39
 -14122.06 222.79 222.79
 -14092.05 222.19 222.19
 -14062.03 221.60 221.60
 -14032.02 221.01 221.01
 -14002.00 220.43 220.43
 -13971.99 219.84 219.84
 -13941.97 219.27 219.27
 -13911.96 218.69 218.69
 -13881.94 218.12 218.12
 -13851.93 217.56 217.56
 -13821.91 217.00 217.00
 -13791.90 216.44 216.44
 -13761.88 215.88 215.88
 -13731.87 215.33 215.33
 -13701.85 214.78 214.78
 -13671.84 214.24 214.24
 -13641.82 213.70 213.70
 -13611.81 213.16 213.16
 -13581.79 212.63 212.63
 -13551.78 212.10 212.10
 -13521.76 211.58 211.58
 -13491.75 211.05 211.05
 -13461.73 210.53 210.53
 -13431.72 210.02 210.02
 -13401.70 209.51 209.51
 -13371.69 209.00 209.00
 -13341.67 208.49 208.49
 -13311.66 207.99 207.99
 -13281.64 207.50 207.50
 -13251.63 207.00 207.00
 -13221.61 206.51 206.51
 -13191.60 206.02 206.02
 -13161.58 205.54 205.54
 -13131.57 205.06 205.06
 -13101.55 204.58 204.58
 -13071.54 204.11 204.11
 -13041.52 203.64 203.64
 -13011.51 203.17 203.17
 -12981.49 202.71 202.71
 -12951.48 202.25 202.25
 -12921.46 201.79 201.79
 -12891.45 201.34 201.34
 -12861.43 200.89 200.89
 -12831.42 200.44 200.44
 -12801.40 200.00 200.00
 -12771.39 199.55 199.55
 -12741.37 199.12 199.12
 -12711.36 198.68 198.68
 -12681.34 198.25 198.25
 -12651.33 197.82 197.82
 -12621.31 197.40 197.40
 -12591.30 196.98 196.98
 -12561.28 196.56 196.56
 -12531.27 196.14 196.14
 -12501.25 195.73 195.73
 -12471.24 195.32 195.32
 -12441.22 194.92 194.92
 -12411.21 194.51 194.51
 -12381.19 194.11 194.11
 -12351.18 193.72 193.72
 -12321.16 193.32 193.32
 -12291.15 192.93 192.93
 -12261.13 192.54 192.54
 -12231.12 192.16 192.16
 -12201.10 191.78 191.78
 -12171.09 191.40 191.40
 -12141.07 191.02 191.02
 -12111.06 190.65 190.65
 -12081.04 190.28 190.28
 -12051.03 189.91 189.91
 -12021.01 189.55 189.55
 -11991.00 189.18 189.18
 -11960.98 188.83 188.83
 -11930.97 188.47 188.47
 -11900.95 188.12 188.12
 -11870.94 187.77 187.77
 -11840.92 187.42 187.42
 -11810.91 187.07 187.07
 -11780.89 186.73 186.73
 -11750.88 186.39 186.39
 -11720.86 186.05 186.05
 -11690.85 185.72 185.72
 -11660.83 185.39 185.39
 -11630.82 185.06 185.06
 -11600.80 184.73 184.73
 -11570.79 184.41 184.41
 -11540.77 184.09 184.09
 -11510.76 183.77 183.77
 -11480.74 183.45 183.45
 -11450.73 183.14 183.14
 -11420.71 182.83 182.83
 -11390.70 182.52 182.52
 -11360.68 182.22 182.22
 -11330.67 181.91 181.91
 -11300.65 181.61 181.61
 -11270.64 181.31 181.31
 -11240.62 181.02 181.02
 -11210.61 180.72 180.72
 -11180.59 180.43 180.43
 -11150.58 180.14 180.14
 -11120.56 179.86 179.86
 -11090.55 179.57 179.57
 -11060.53 179.29 179.29
 -11030.52 179.01 179.01
 -11000.50 178.74 178.74
 -10970.49 178.46 178.46
 -10940.47 178.19 178.19
 -10910.46 177.92 177.92
 -10880.44 177.65 177.65
 -10850.43 177.39 177.39
 -10820.41 177.13 177.13
 -10790.40 176.87 176.87
 -10760.38 176.61 176.61
 -10730.37 176.35 176.35
 -10700.35 176.10 176.10
 -10670.34 175.85 175.85
 -10640.32 175.60 175.60
 -10610.31 175.35 175.35
 -10580.29 175.10 175.10
 -10550.28 174.86 174.86
 -10520.26 174.62 174.62
 -10490.25 174.38 174.38
 -10460.23 174.14 174.14
 -10430.22 173.91 173.91
 -10400.20 173.67 173.67
 -10370.19 173.44 173.44
 -10340.17 173.21 173.21
 -10310.16 172.99 172.99
 -10280.14 172.76 172.76
 -10250.13 172.54 172.54
 -10220.11 172.32 172.32
 -10190.10 172.10 172.10
 -10160.08 171.88 171.88
 -10130.07 171.67 171.67
 -10100.05 171.46 171.46
 -10070.04 171.24 171.24
 -10040.02 171.03 171.03
 -10010.01 170.83 170.83
  -9979.99 170.62 170.62
  -9949.97 170.42 170.42
  -9919.96 170.22 170.22
  -9889.94 170.02 170.02
  -9859.93 169.82 169.82
  -9829.91 169.62 169.62
  -9799.90 169.43 169.43
  -9769.88 169.23 169.23
  -9739.87 169.04 169.04
  -9709.85 168.85 168.85
  -9679.84 168.66 168.66
  -9649.82 168.48 168.48
  -9619.81 168.29 168.29
  -9589.79 168.11 168.11
  -9559.78 167.93 167.93
  -9529.76 167.75 167.75
  -9499.75 167.57 167.57
  -9469.73 167.40 167.40
  -9439.72 167.22 167.22
  -9409.70 167.05 167.05
  -9379.69 166.88 166.88
  -9349.67 166.71 166.71
  -9319.66 166.54 166.54
  -9289.64 166.37 166.37
  -9259.63 166.21 166.21
  -9229.61 166.05 166.05
  -9199.60 165.88 165.88
  -9169.58 165.72 165.72
  -9139.57 165.57 165.57
  -9109.55 165.41 165.41
  -9079.54 165.25 165.25
  -9049.52 165.10 165.10
  -9019.51 164.95 164.95
  -8989.49 164.79 164.79
  -8959.48 164.64 164.64
  -8929.46 164.50 164.50
  -8899.45 164.35 164.35
  -8869.43 164.20 164.20
  -8839.42 164.06 164.06
  -8809.40 163.91 163.91
  -8779.39 163.77 163.77
  -8749.37 163.63 163.63
  -8719.36 163.49 163.49
  -8689.34 163.36 163.36
  -8659.33 163.22 163.22
  -8629.31 163.08 163.08
  -8599.30 162.95 162.95
  -8569.28 162.82 162.82
  -8539.27 162.69 162.69
  -8509.25 162.56 162.56
  -8479.24 162.43 162.43
  -8449.22 162.30 162.30
  -8419.21 162.18 162.18
  -8389.19 162.05 162.05
  -8359.18 161.93 161.93
  -8329.16 161.80 161.80
  -8299.15 161.68 161.68
  -8269.13 161.56 161.56
  -8239.12 161.44 161.44
  -8209.10 161.33 161.33
  -8179.09 161.21 161.21
  -8149.07 161.09 161.09
  -8119.06 160.98 160.98
  -8089.04 160.87 160.87
  -8059.03 160.76 160.76
  -8029.01 160.64 160.64
  -7999.00 160.53 160.53
  -7968.98 160.43 160.43
  -7938.97 160.32 160.32
  -7908.95 160.21 160.21
  -7878.94 160.11 160.11
  -7848.92 160.00 160.00
  -7818.91 159.90 159.90
  -7788.89 159.80 159.80
  -7758.88 159.70 159.70
  -7728.86 159.59 159.59
  -7698.85 159.50 159.50
  -7668.83 159.40 159.40
  -7638.82 159.30 159.30
  -7608.80 159.20 159.20
  -7578.79 159.11 159.11
  -7548.77 159.01 159.01
  -7518.76 158.92 158.92
  -7488.74 158.83 158.83
  -7458.73 158.74 158.74
  -7428.71 158.65 158.65
  -7398.70 158.56 158.56
  -7368.68 158.47 158.47
  -7338.67 158.38 158.38
  -7308.65 158.29 158.29
  -7278.64 158.21 158.21
  -7248.62 158.12 158.12
  -7218.61 158.04 158.04
  -7188.59 157.95 157.95
  -7158.58 157.87 157.87
  -7128.56 157.79 157.79
  -7098.55 157.71 157.71
  -7068.53 157.63 157.63
  -7038.52 157.55 157.55
  -7008.50 157.47 157.47
  -6978.49 157.39 157.39
  -6948.47 157.32 157.32
  -6918.46 157.24 157.24
  -6888.44 157.17 157.17
  -6858.43 157.09 157.09
  -6828.41 157.02 157.02
  -6798.40 156.95 156.95
  -6768.38 156.87 156.87
  -6738.37 156.80 156.80
  -6708.35 156.73 156.73
  -6678.34 156.66 156.66
  -6648.32 156.59 156.59
  -6618.31 156.52 156.52
  -6588.29 156.46 156.46
  -6558.28 156.39 156.39
  -6528.26 156.32 156.32
  -6498.25 156.26 156.26
  -6468.23 156.19 156.19
  -6438.22 156.13 156.13
  -6408.20 156.07 156.07
  -6378.19 156.00 156.00
  -6348.17 155.94 155.94
  -6318.16 155.88 155.88
  -6288.14 155.82 155.82
  -6258.13 155.76 155.76
  -6228.11 155.70 155.70
  -6198.10 155.64 155.64
  -6168.08 155.58 155.58
  -6138.07 155.53 155.53
  -6108.05 155.47 155.47
  -6078.04 155.41 155.41
  -6048.02 155.36 155.36
  -6018.01 155.30 155.30
  -5987.99 155.25 155.25
  -5957.98 155.19 155.19
  -5927.96 155.14 155.14
  -5897.95 155.09 155.09
  -5867.93 155.04 155.04
  -5837.92 154.98 154.98
  -5807.90 154.93 154.93
  -5777.89 154.88 154.88
  -5747.87 154.83 154.83
  -5717.86 154.78 154.78
  -5687.84 154.73 154.73
  -5657.83 154.69 154.69
  -5627.81 154.64 154.64
  -5597.80 154.59 154.59
  -5567.78 154.54 154.54
  -5537.77 154.50 154.50
  -5507.75 154.45 154.45
  -5477.74 154.41 154.41
  -5447.72 154.36 154.36
  -5417.71 154.32 154.32
  -5387.69 154.28 154.28
  -5357.68 154.23 154.23
  -5327.66 154.19 154.19
  -5297.65 154.15 154.15
  -5267.63 154.11 154.11
  -5237.62 154.06 154.06
  -5207.60 154.02 154.02
  -5177.59 153.98 153.98
  -5147.57 153.94 153.94
  -5117.56 153.90 153.90
  -5087.54 153.87 153.87
  -5057.53 153.83 153.83
  -5027.51 153.79 153.79
  -4997.50 153.75 153.75
  -4967.48 153.71 153.71
  -4937.47 153.68 153.68
  -4907.45 153.64 153.64
  -4877.44 153.61 153.61
  -4847.42 153.57 153.57
  -4817.41 153.53 153.53
  -4787.39 153.50 153.50
  -4757.38 153.47 153.47
  -4727.36 153.43 153.43
  -4697.35 153.40 153.40
  -4667.33 153.37 153.37
  -4637.32 153.33 153.33
  -4607.30 153.30 153.30
  -4577.29 153.27 153.27
  -4547.27 153.24 153.24
  -4517.26 153.21 153.21
  -4487.24 153.17 153.17
  -4457.23 153.14 153.14
  -4427.21 153.11 153.11
  -4397.20 153.08 153.08
  -4367.18 153.06 153.06
  -4337.17 153.03 153.03
  -4307.15 153.00 153.00
  -4277.14 152.97 152.97
  -4247.12 152.94 152.94
  -4217.11 152.91 152.91
  -4187.09 152.89 152.89
  -4157.08 152.86 152.86
  -4127.06 152.83 152.83
  -4097.05 152.81 152.81
  -4067.03 152.78 152.78
  -4037.02 152.75 152.75
  -4007.00 152.73 152.73
  -3976.99 152.70 152.70
  -3946.97 152.68 152.68
  -3916.96 152.65 152.65
  -3886.94 152.63 152.63
  -3856.93 152.61 152.61
  -3826.91 152.58 152.58
  -3796.90 152.56 152.56
  -3766.88 152.54 152.54
  -3736.87 152.51 152.51
  -3706.85 152.49 152.49
  -3676.84 152.47 152.47
  -3646.82 152.45 152.45
  -3616.81 152.43 152.43
  -3586.79 152.40 152.40
  -3556.78 152.38 152.38
  -3526.76 152.36 152.36
  -3496.75 152.34 152.34
  -3466.73 152.32 152.32
  -3436.72 152.30 152.30
  -3406.70 152.28 152.28
  -3376.69 152.26 152.26
  -3346.67 152.24 152.24
  -3316.66 152.23 152.23
  -3286.64 152.21 152.21
  -3256.63 152.19 152.19
  -3226.61 152.17 152.17
  -3196.60 152.15 152.15
  -3166.58 152.13 152.13
  -3136.57 152.12 152.12
  -3106.55 152.10 152.10
  -3076.54 152.08 152.08
  -3046.52 152.07 152.07
  -3016.51 152.05 152.05
  -2986.49 152.03 152.03
  -2956.48 152.02 152.02
  -2926.46 152.00 152.00
  -2896.45 151.99 151.99
  -2866.43 151.97 151.97
  -2836.42 151.95 151.95
  -2806.40 151.94 151.94
  -2776.39 151.93 151.93
  -2746.37 151.91 151.91
  -2716.36 151.90 151.90
  -2686.34 151.88 151.88
  -2656.33 151.87 151.87
  -2626.31 151.85 151.85
  -2596.30 151.84 151.84
  -2566.28 151.83 151.83
  -2536.27 151.81 151.81
  -2506.25 151.80 151.80
  -2476.24 151.79 151.79
  -2446.22 151.78 151.78
  -2416.21 151.76 151.76
  -2386.19 151.75 151.75
  -2356.18 151.74 151.74
  -2326.16 151.73 151.73
  -2296.15 151.72 151.72
  -2266.13 151.71 151.71
  -2236.12 151.69 151.69
  -2206.10 151.68 151.68
  -2176.09 151.67 151.67
  -2146.07 151.66 151.66
  -2116.06 151.65 151.65
  -2086.04 151.64 151.64
  -2056.03 151.63 151.63
  -2026.01 151.62 151.62
  -1996.00 151.61 151.61
  -1965.98 151.60 151.60
  -1935.97 151.59 151.59
  -1905.95 151.58 151.58
  -1875.94 151.57 151.57
  -1845.92 151.57 151.57
  -1815.91 151.56 151.56
  -1785.89 151.55 151.55
  -1755.88 151.54 151.54
  -1725.86 151.53 151.53
  -1695.85 151.52 151.52
  -1665.83 151.52 151.52
  -1635.82 151.51 151.51
  -1605.80 151.50 151.50
  -1575.79 151.49 151.49
  -1545.77 151.49 151.49
  -1515.76 151.48 151.48
  -1485.74 151.47 151.47
  -1455.73 151.46 151.46
  -1425.71 151.46 151.46
  -1395.70 151.45 151.45
  -1365.68 151.44 151.44
  -1335.67 151.44 151.44
  -1305.65 151.43 151.43
  -1275.64 151.43 151.43
  -1245.62 151.42 151.42
  -1215.61 151.42 151.42
  -1185.59 151.41 151.41
  -1155.58 151.40 151.40
  -1125.56 151.40 151.40
  -1095.55 151.39 151.39
  -1065.53 151.39 151.39
  -1035.52 151.38 151.38
  -1005.50 151.38 151.38
   -975.49 151.38 151.38
   -945.47 151.37 151.37
   -915.46 151.37 151.37
   -885.44 151.36 151.36
   -855.43 151.36 151.36
   -825.41 151.36 151.36
   -795.40 151.35 151.35
   -765.38 151.35 151.35
   -735.37 151.34 151.34
   -705.35 151.34 151.34
   -675.34 151.34 151.34
   -645.32 151.34 151.34
   -615.31 151.33 151.33
   -585.29 151.33 151.33
   -555.28 151.33 151.33
   -525.26 151.33 151.33
   -495.25 151.32 151.32
   -465.23 151.32 151.32
   -435.22 151.32 151.32
   -405.20 151.32 151.32
   -375.19 151.32 151.32
   -345.17 151.31 151.31
   -315.16 151.31 151.31
   -285.14 151.31 151.31
   -255.13 151.31 151.31
   -225.11 151.31 151.31
   -195.10 151.31 151.31
   -165.08 151.31 151.31
   -135.07 151.31 151.31
   -105.05 151.31 151.31
    -75.04 151.31 151.31
    -45.02 151.31 151.31
    -15.01 151.31 151.31
     15.01 151.31 151.31
     45.02 151.31 151.31
     75.04 151.31 151.31
    105.05 151.31 151.31
    135.07 151.31 151.31
    165.08 151.31 151.31
    195.10 151.31 151.31
    225.11 151.31 151.31
    255.13 151.31 151.31
    285.14 151.31 151.31
    315.16 151.31 151.31
    345.17 151.31 151.31
    375.19 151.32 151.32
    405.20 151.32 151.32
    435.22 151.32 151.32
    465.23 151.32 151.32
    495.25 151.32 151.32
    525.26 151.33 151.33
    555.28 151.33 151.33
    585.29 151.33 151.33
    615.31 151.33 151.33
    645.32 151.34 151.34
    675.34 151.34 151.34
    705.35 151.34 151.34
    735.37 151.34 151.34
    765.38 151.35 151.35
    795.40 151.35 151.35
    825.41 151.36 151.36
    855.43 151.36 151.36
    885.44 151.36 151.36
    915.46 151.37 151.37
    945.47 151.37 151.37
    975.49 151.38 151.38
   1005.50 151.38 151.38
   1035.52 151.38 151.38
   1065.53 151.39 151.39
   1095.55 151.39 151.39
   1125.56 151.40 151.40
   1155.58 151.40 151.40
   1185.59 151.41 151.41
   1215.61 151.42 151.42
   1245.62 151.42 151.42
   1275.64 151.43 151.43
   1305.65 151.43 151.43
   1335.67 151.44 151.44
   1365.68 151.44 151.44
   1395.70 151.45 151.45
   1425.71 151.46 151.46
   1455.73 151.46 151.46
   1485.74 151.47 151.47
   1515.76 151.48 151.48
   1545.77 151.49 151.49
   1575.79 151.49 151.49
   1605.80 151.50 151.50
   1635.82 151.51 151.51
   1665.83 151.52 151.52
   1695.85 151.52 151.52
   1725.86 151.53 151.53
   1755.88 151.54 151.54
   1785.89 151.55 151.55
   1815.91 151.56 151.56
   1845.92 151.57 151.57
   1875.94 151.57 151.57
   1905.95 151.58 151.58
   1935.97 151.59 151.59
   1965.98 151.60 151.60
   1996.00 151.61 151.61
   2026.01 151.62 151.62
   2056.03 151.63 151.63
   2086.04 151.64 151.64
   2116.06 151.65 151.65
   2146.07 151.66 151.66
   2176.09 151.67 151.67
   2206.10 151.68 151.68
   2236.12 151.69 151.69
   2266.13 151.71 151.71
   2296.15 151.72 151.72
   2326.16 151.73 151.73
   2356.18 151.74 151.74
   2386.19 151.75 151.75
   2416.21 151.76 151.76
   2446.22 151.78 151.78
   2476.24 151.79 151.79
   2506.25 151.80 151.80
   2536.27 151.81 151.81
   2566.28 151.83 151.83
   2596.30 151.84 151.84
   2626.31 151.85 151.85
   2656.33 151.87 151.87
   2686.34 151.88 151.88
   2716.36 151.90 151.90
   2746.37 151.91 151.91
   2776.39 151.93 151.93
   2806.40 151.94 151.94
   2836.42 151.95 151.95
   2866.43 151.97 151.97
   2896.45 151.99 151.99
   2926.46 152.00 152.00
   2956.48 152.02 152.02
   2986.49 152.03 152.03
   3016.51 152.05 152.05
   3046.52 152.07 152.07
   3076.54 152.08 152.08
   3106.55 152.10 152.10
   3136.57 152.12 152.12
   3166.58 152.13 152.13
   3196.60 152.15 152.15
   3226.61 152.17 152.17
   3256.63 152.19 152.19
   3286.64 152.21 152.21
   3316.66 152.23 152.23
   3346.67 152.24 152.24
   3376.69 152.26 152.26
   3406.70 152.28 152.28
   3436.72 152.30 152.30
   3466.73 152.32 152.32
   3496.75 152.34 152.34
   3526.76 152.36 152.36
   3556.78 152.38 152.38
   3586.79 152.40 152.40
   3616.81 152.43 152.43
   3646.82 152.45 152.45
   3676.84 152.47 152.47
   3706.85 152.49 152.49
   3736.87 152.51 152.51
   3766.88 152.54 152.54
   3796.90 152.56 152.56
   3826.91 152.58 152.58
   3856.93 152.61 152.61
   3886.94 152.63 152.63
   3916.96 152.65 152.65
   3946.97 152.68 152.68
   3976.99 152.70 152.70
   4007.00 152.73 152.73
   4037.02 152.75 152.75
   4067.03 152.78 152.78
   4097.05 152.81 152.81
   4127.06 152.83 152.83
   4157.08 152.86 152.86
   4187.09 152.89 152.89
   4217.11 152.91 152.91
   4247.12 152.94 152.94
   4277.14 152.97 152.97
   4307.15 153.00 153.00
   4337.17 153.03 153.03
   4367.18 153.06 153.06
   4397.20 153.08 153.08
   4427.21 153.11 153.11
   4457.23 153.14 153.14
   4487.24 153.17 153.17
   4517.26 153.21 153.21
   4547.27 153.24 153.24
   4577.29 153.27 153.27
   4607.30 153.30 153.30
   4637.32 153.33 153.33
   4667.33 153.37 153.37
   4697.35 153.40 153.40
   4727.36 153.43 153.43
   4757.38 153.47 153.47
   4787.39 153.50 153.50
   4817.41 153.53 153.53
   4847.42 153.57 153.57
   4877.44 153.61 153.61
   4907.45 153.64 153.64
   4937.47 153.68 153.68
   4967.48 153.71 153.71
   4997.50 153.75 153.75
   5027.51 153.79 153.79
   5057.53 153.83 153.83
   5087.54 153.87 153.87
   5117.56 153.90 153.90
   5147.57 153.94 153.94
   5177.59 153.98 153.98
   5207.60 154.02 154.02
   5237.62 154.06 154.06
   5267.63 154.11 154.11
   5297.65 154.15 154.15
   5327.66 154.19 154.19
   5357.68 154.23 154.23
   5387.69 154.28 154.28
   5417.71 154.32 154.32
   5447.72 154.36 154.36
   5477.74 154.41 154.41
   5507.75 154.45 154.45
   5537.77 154.50 154.50
   5567.78 154.54 154.54
   5597.80 154.59 154.59
   5627.81 154.64 154.64
   5657.83 154.69 154.69
   5687.84 154.73 154.73
   5717.86 154.78 154.78
   5747.87 154.83 154.83
   5777.89 154.88 154.88
   5807.90 154.93 154.93
   5837.92 154.98 154.98
   5867.93 155.04 155.04
   5897.95 155.09 155.09
   5927.96 155.14 155.14
   5957.98 155.19 155.19
   5987.99 155.25 155.25
   6018.01 155.30 155.30
   6048.02 155.36 155.36
   6078.04 155.41 155.41
   6108.05 155.47 155.47
   6138.07 155.53 155.53
   6168.08 155.58 155.58
   6198.10 155.64 155.64
   6228.11 155.70 155.70
   6258.13 155.76 155.76
   6288.14 155.82 155.82
   6318.16 155.88 155.88
   6348.17 155.94 155.94
   6378.19 156.00 156.00
   6408.20 156.07 156.07
   6438.22 156.13 156.13
   6468.23 156.19 156.19
   6498.25 156.26 156.26
   6528.26 156.32 156.32
   6558.28 156.39 156.39
   6588.29 156.46 156.46
   6618.31 156.52 156.52
   6648.32 156.59 156.59
   6678.34 156.66 156.66
   6708.35 156.73 156.73
   6738.37 156.80 156.80
   6768.38 156.87 156.87
   6798.40 156.95 156.95
   6828.41 157.02 157.02
   6858.43 157.09 157.09
   6888.44 157.17 157.17
   6918.46 157.24 157.24
   6948.47 157.32 157.32
   6978.49 157.39 157.39
   7008.50 157.47 157.47
   7038.52 157.55 157.55
   7068.53 157.63 157.63
   7098.55 157.71 157.71
   7128.56 157.79 157.79
   7158.58 157.87 157.87
   7188.59 157.95 157.95
   7218.61 158.04 158.04
   7248.62 158.12 158.12
   7278.64 158.21 158.21
   7308.65 158.29 158.29
   7338.67 158.38 158.38
   7368.68 158.47 158.47
   7398.70 158.56 158.56
   7428.71 158.65 158.65
   7458.73 158.74 158.74
   7488.74 158.83 158.83
   7518.76 158.92 158.92
   7548.77 159.01 159.01
   7578.79 159.11 159.11
   7608.80 159.20 159.20
   7638.82 159.30 159.30
   7668.83 159.40 159.40
   7698.85 159.50 159.50
   7728.86 159.59 159.59
   7758.88 159.70 159.70
   7788.89 159.80 159.80
   7818.91 159.90 159.90
   7848.92 160.00 160.00
   7878.94 160.11 160.11
   7908.95 160.21 160.21
   7938.97 160.32 160.32
   7968.98 160.43 160.43
   7999.00 160.53 160.53
   8029.01 160.64 160.64
   8059.03 160.76 160.76
   8089.04 160.87 160.87
   8119.06 160.98 160.98
   8149.07 161.09 161.09
   8179.09 161.21 161.21
   8209.10 161.33 161.33
   8239.12 161.44 161.44
   8269.13 161.56 161.56
   8299.15 161.68 161.68
   8329.16 161.80 161.80
   8359.18 161.93 161.93
   8389.19 162.05 162.05
   8419.21 162.18 162.18
   8449.22 162.30 162.30
   8479.24 162.43 162.43
   8509.25 162.56 162.56
   8539.27 162.69 162.69
   8569.28 162.82 162.82
   8599.30 162.95 162.95
   8629.31 163.08 163.08
   8659.33 163.22 163.22
   8689.34 163.36 163.36
   8719.36 163.49 163.49
   8749.37 163.63 163.63
   8779.39 163.77 163.77
   8809.40 163.91 163.91
   8839.42 164.06 164.06
   8869.43 164.20 164.20
   8899.45 164.35 164.35
   8929.46 164.50 164.50
   8959.48 164.64 164.64
   8989.49 164.79 164.79
   9019.51 164.95 164.95
   9049.52 165.10 165.10
   9079.54 165.25 165.25
   9109.55 165.41 165.41
   9139.57 165.57 165.57
   9169.58 165.72 165.72
   9199.60 165.88 165.88
   9229.61 166.05 166.05
   9259.63 166.21 166.21
   9289.64 166.37 166.37
   9319.66 166.54 166.54
   9349.67 166.71 166.71
   9379.69 166.88 166.88
   9409.70 167.05 167.05
   9439.72 167.22 167.22
   9469.73 167.40 167.40
   9499.75 167.57 167.57
   9529.76 167.75 167.75
   9559.78 167.93 167.93
   9589.79 168.11 168.11
   9619.81 168.29 168.29
   9649.82 168.48 168.48
   9679.84 168.66 168.66
   9709.85 168.85 168.85
   9739.87 169.04 169.04
   9769.88 169.23 169.23
   9799.90 169.43 169.43
   9829.91 169.62 169.62
   9859.93 169.82 169.82
   9889.94 170.02 170.02
   9919.96 170.22 170.22
   9949.97 170.42 170.42
   9979.99 170.62 170.62
  10010.01 170.83 170.83
  10040.02 171.03 171.03
  10070.04 171.24 171.24
  10100.05 171.46 171.46
  10130.07 171.67 171.67
  10160.08 171.88 171.88
  10190.10 172.10 172.10
  10220.11 172.32 172.32
  10250.13 172.54 172.54
  10280.14 172.76 172.76
  10310.16 172.99 172.99
  10340.17 173.21 173.21
  10370.19 173.44 173.44
  10400.20 173.67 173.67
  10430.22 173.91 173.91
  10460.23 174.14 174.14
  10490.25 174.38 174.38
  10520.26 174.62 174.62
  10550.28 174.86 174.86
  10580.29 175.10 175.10
  10610.31 175.35 175.35
  10640.32 175.60 175.60
  10670.34 175.85 175.85
  10700.35 176.10 176.10
  10730.37 176.35 176.35
  10760.38 176.61 176.61
  10790.40 176.87 176.87
  10820.41 177.13 177.13
  10850.43 177.39 177.39
  10880.44 177.65 177.65
  10910.46 177.92 177.92
  10940.47 178.19 178.19
  10970.49 178.46 178.46
  11000.50 178.74 178.74
  11030.52 179.01 179.01
  11060.53 179.29 179.29
  11090.55 179.57 179.57
  11120.56 179.86 179.86
  11150.58 180.14 180.14
  11180.59 180.43 180.43
  11210.61 180.72 180.72
  11240.62 181.02 181.02
  11270.64 181.31 181.31
  11300.65 181.61 181.61
  11330.67 181.91 181.91
  11360.68 182.22 182.22
  11390.70 182.52 182.52
  11420.71 182.83 182.83
  11450.73 183.14 183.14
  11480.74 183.45 183.45
  11510.76 183.77 183.77
  11540.77 184.09 184.09
  11570.79 184.41 184.41
  11600.80 184.73 184.73
  11630.82 185.06 185.06
  11660.83 185.39 185.39
  11690.85 185.72 185.72
  11720.86 186.05 186.05
  11750.88 186.39 186.39
  11780.89 186.73 186.73
  11810.91 187.07 187.07
  11840.92 187.42 187.42
  11870.94 187.77 187.77
  11900.95 188.12 188.12
  11930.97 188.47 188.47
  11960.98 188.83 188.83
  11991.00 189.18 189.18
  12021.01 189.55 189.55
  12051.03 189.91 189.91
  12081.04 190.28 190.28
  12111.06 190.65 190.65
  12141.07 191.02 191.02
  12171.09 191.40 191.40
  12201.10 191.78 191.78
  12231.12 192.16 192.16
  12261.13 192.54 192.54
  12291.15 192.93 192.93
  12321.16 193.32 193.32
  12351.18 193.72 193.72
  12381.19 194.11 194.11
  12411.21 194.51 194.51
  12441.22 194.92 194.92
  12471.24 195.32 195.32
  12501.25 195.73 195.73
  12531.27 196.14 196.14
  12561.28 196.56 196.56
  12591.30 196.98 196.98
  12621.31 197.40 197.40
  12651.33 197.82 197.82
  12681.34 198.25 198.25
  12711.36 198.68 198.68
  12741.37 199.12 199.12
  12771.39 199.55 199.55
  12801.40 200.00 200.00
  12831.42 200.44 200.44
  12861.43 200.89 200.89
  12891.45 201.34 201.34
  12921.46 201.79 201.79
  12951.48 202.25 202.25
  12981.49 202.71 202.71
  13011.51 203.17 203.17
  13041.52 203.64 203.64
  13071.54 204.11 204.11
  13101.55 204.58 204.58
  13131.57 205.06 205.06
  13161.58 205.54 205.54
  13191.60 206.02 206.02
  13221.61 206.51 206.51
  13251.63 207.00 207.00
  13281.64 207.50 207.50
  13311.66 207.99 207.99
  13341.67 208.49 208.49
  13371.69 209.00 209.00
  13401.70 209.51 209.51
  13431.72 210.02 210.02
  13461.73 210.53 210.53
  13491.75 211.05 211.05
  13521.76 211.58 211.58
  13551.78 212.10 212.10
  13581.79 212.63 212.63
  13611.81 213.16 213.16
  13641.82 213.70 213.70
  13671.84 214.24 214.24
  13701.85 214.78 214.78
  13731.87 215.33 215.33
  13761.88 215.88 215.88
  13791.90 216.44 216.44
  13821.91 217.00 217.00
  13851.93 217.56 217.56
  13881.94 218.12 218.12
  13911.96 218.69 218.69
  13941.97 219.27 219.27
  13971.99 219.84 219.84
  14002.00 220.43 220.43
  14032.02 221.01 221.01
  14062.03 221.60 221.60
  14092.05 222.19 222.19
  14122.06 222.79 222.79
  14152.08 223.39 223.39
  14182.09 223.99 223.99
  14212.11 224.60 224.60
  14242.12 225.21 225.21
  14272.14 225.82 225.82
  14302.15 226.44 226.44
  14332.17 227.07 227.07
  14362.18 227.69 227.69
  14392.20 228.32 228.32
  14422.21 228.96 228.96
  14452.23 229.60 229.60
  14482.24 230.24 230.24
  14512.26 230.88 230.88
  14542.27 231.53 231.53
  14572.29 232.19 232.19
  14602.30 232.85 232.85
  14632.32 233.51 233.51
  14662.33 234.18 234.18
  14692.35 234.85 234.85
  14722.36 235.52 235.52
  14752.38 236.20 236.20
  14782.39 236.88 236.88
  14812.41 237.57 237.57
  14842.42 238.26 238.26
  14872.44 238.95 238.95
  14902.45 239.65 239.65
  14932.47 240.35 240.35
  14962.48 241.06 241.06
  14992.50 241.77 241.77
  15022.51 242.48 242.48
  15052.53 243.20 243.20
  15082.54 243.92 243.92
  15112.56 244.65 244.65
  15142.57 245.38 245.38
  15172.59 246.11 246.11
  15202.60 246.85 246.85
  15232.62 247.59 247.59
  15262.63 248.34 248.34
  15292.65 249.09 249.09
  15322.66 249.85 249.85
  15352.68 250.60 250.60
  15382.69 251.37 251.37
  15412.71 252.14 252.14
  15442.72 252.91 252.91
  15472.74 253.68 253.68
  15502.75 254.46 254.46
  15532.77 255.24 255.24
  15562.78 256.03 256.03
  15592.80 256.82 256.82
  15622.81 257.62 257.62
  15652.83 258.42 258.42
  15682.84 259.22 259.22
  15712.86 260.03 260.03
  15742.87 260.85 260.85
  15772.89 261.66 261.66
  15802.90 262.48 262.48
  15832.92 263.31 263.31
  15862.93 264.14 264.14
  15892.95 264.97 264.97
  15922.96 265.81 265.81
  15952.98 266.65 266.65
  15982.99 267.49 267.49
  16013.01 268.34 268.34
  16043.02 269.19 269.19
  16073.04 270.05 270.05
  16103.05 270.91 270.91
  16133.07 271.78 271.78
  16163.08 272.65 272.65
  16193.10 273.52 273.52
  16223.11 274.40 274.40
  16253.13 275.28 275.28
  16283.14 276.17 276.17
  16313.16 277.06 277.06
  16343.17 277.95 277.95
  16373.19 278.85 278.85
  16403.20 279.75 279.75
  16433.22 280.66 280.66
  16463.23 281.57 281.57
  16493.25 282.48 282.48
  16523.26 283.40 283.40
  16553.28 284.32 284.32
  16583.29 285.25 285.25
  16613.31 286.18 286.18
  16643.32 287.11 287.11
  16673.34 288.05 288.05
  16703.35 288.99 288.99
  16733.37 289.94 289.94
  16763.38 290.88 290.88
  16793.40 291.84 291.84
  16823.41 292.80 292.80
  16853.43 293.76 293.76
  16883.44 294.72 294.72
  16913.46 295.69 295.69
  16943.47 296.66 296.66
  16973.49 297.64 297.64
  17003.50 298.62 298.62
  17033.52 299.60 299.60
  17063.53 300.59 300.59
  17093.55 301.58 301.58
  17123.56 302.58 302.58
  17153.58 303.57 303.57
  17183.59 304.58 304.58
  17213.61 305.58 305.58
  17243.62 306.59 306.59
  17273.64 307.61 307.61
  17303.65 308.62 308.62
  17333.67 309.64 309.64
  17363.68 310.67 310.67
  17393.70 311.70 311.70
  17423.71 312.73 312.73
  17453.73 313.76 313.76
  17483.74 314.80 314.80
  17513.76 315.84 315.84
  17543.77 316.89 316.89
  17573.79 317.94 317.94
  17603.80 318.99 318.99
  17633.82 320.04 320.04
  17663.83 321.10 321.10
  17693.85 322.16 322.16
  17723.86 323.23 323.23
  17753.88 324.30 324.30
  17783.89 325.37 325.37
  17813.91 326.44 326.44
  17843.92 327.52 327.52
  17873.94 328.60 328.60
  17903.95 329.69 329.69
  17933.97 330.78 330.78
  17963.98 331.87 331.87
  17994.00 332.96 332.96
  18024.01 334.06 334.06
  18054.03 335.16 335.16
  18084.04 336.26 336.26
  18114.06 337.36 337.36
  18144.07 338.47 338.47
  18174.09 339.58 339.58
  18204.10 340.70 340.70
  18234.12 341.81 341.81
  18264.13 342.93 342.93
  18294.15 344.06 344.06
  18324.16 345.18 345.18
  18354.18 346.31 346.31
  18384.19 347.44 347.44
  18414.21 348.57 348.57
  18444.22 349.71 349.71
  18474.24 350.85 350.85
  18504.25 351.99 351.99
  18534.27 353.13 353.13
  18564.28 354.27 354.27
  18594.30 355.42 355.42
  18624.31 356.57 356.57
  18654.33 357.72 357.72
  18684.34 358.88 358.88
  18714.36 360.03 360.03
  18744.37 361.19 361.19
  18774.39 362.35 362.35
  18804.40 363.52 363.52
  18834.42 364.68 364.68
  18864.43 365.85 365.85
  18894.45 367.02 367.02
  18924.46 368.19 368.19
  18954.48 369.36 369.36
  18984.49 370.54 370.54
  19014.51 371.71 371.71
  19044.52 372.89 372.89
  19074.54 374.07 374.07
  19104.55 375.25 375.25
  19134.57 376.43 376.43
  19164.58 377.62 377.62
  19194.60 378.80 378.80
  19224.61 379.99 379.99
  19254.63 381.18 381.18
  19284.64 382.37 382.37
  19314.66 383.56 383.56
  19344.67 384.75 384.75
  19374.69 385.94 385.94
  19404.70 387.14 387.14
  19434.72 388.33 388.33
  19464.73 389.53 389.53
  19494.75 390.73 390.73
  19524.76 391.93 391.93
  19554.78 393.12 393.12
  19584.79 394.32 394.32
  19614.81 395.53 395.53
  19644.82 396.73 396.73
  19674.84 397.93 397.93
  19704.85 399.13 399.13
  19734.87 400.33 400.33
  19764.88 401.54 401.54
  19794.90 402.74 402.74
  19824.91 403.95 403.95
  19854.93 405.15 405.15
  19884.94 406.35 406.35
  19914.96 407.56 407.56
  19944.97 408.76 408.76
  19974.99 409.97 409.97
  20005.00 411.17 411.17
  20035.02 412.38 412.38
  20065.03 413.58 413.58
  20095.05 414.79 414.79
  20125.06 415.99 415.99
  20155.08 417.20 417.20
  20185.09 418.40 418.40
  20215.11 419.60 419.60
  20245.12 420.81 420.81
  20275.14 422.01 422.01
  20305.15 423.21 423.21
  20335.17 424.41 424.41
  20365.18 425.61 425.61
  20395.20 426.81 426.81
  20425.21 428.00 428.00
  20455.23 429.20 429.20
  20485.24 430.40 430.40
  20515.26 431.59 431.59
  20545.27 432.79 432.79
  20575.29 433.98 433.98
  20605.30 435.17 435.17
  20635.32 436.36 436.36
  20665.33 437.55 437.55
  20695.35 438.73 438.73
  20725.36 439.92 439.92
  20755.38 441.10 441.10
  20785.39 442.28 442.28
  20815.41 443.46 443.46
  20845.42 444.64 444.64
  20875.44 445.81 445.81
  20905.45 446.99 446.99
  20935.47 448.16 448.16
  20965.48 449.33 449.33
  20995.50 450.50 450.50
  21025.51 451.66 451.66
  21055.53 452.82 452.82
  21085.54 453.98 453.98
  21115.56 455.14 455.14
  21145.57 456.29 456.29
  21175.59 457.44 457.44
  21205.60 458.59 458.59
  21235.62 459.74 459.74
  21265.63 460.88 460.88
  21295.65 462.02 462.02
  21325.66 463.16 463.16
  21355.68 464.29 464.30
  21385.69 465.42 465.44
  21415.71 466.55 466.60
  21445.72 467.68 467.77
  21475.74 468.80 468.94
  21505.75 469.91 470.12
  21535.77 471.03 471.32
  21565.78 472.14 472.52
  21595.80 473.24 473.74
  21625.81 474.34 474.96
  21655.83 475.44 476.19
  21685.84 476.53 477.44
  21715.86 477.62 478.69
  21745.87 478.71 479.96
  21775.89 479.79 481.23
  21805.90 480.87 482.52
  21835.92 481.94 483.81
  21865.93 483.01 485.12
  21895.95 484.07 486.44
  21925.96 485.13 487.76
  21955.98 486.18 489.10
  21985.99 487.23 490.45
  22016.01 488.28 491.81
  22046.02 489.32 493.19
  22076.04 490.35 494.57
  22106.05 491.38 495.97
  22136.07 492.40 497.37
  22166.08 493.42 498.79
  22196.10 494.43 500.22
  22226.11 495.44 501.67
  22256.13 496.44 503.12
  22286.14 497.44 504.59
  22316.16 498.43 506.07
  22346.17 499.42 507.56
  22376.19 500.39 509.06
  22406.20 501.37 510.58
  22436.22 502.33 512.11
  22466.23 503.30 513.65
  22496.25 504.25 515.21
  22526.26 505.20 516.77
  22556.28 506.14 518.36
  22586.29 507.08 519.95
  22616.31 508.01 521.56
  22646.32 508.93 523.18
  22676.34 509.84 524.82
  22706.35 510.75 526.47
  22736.37 511.66 528.13
  22766.38 512.55 529.81
  22796.40 513.44 531.50
  22826.41 514.32 533.20
  22856.43 515.19 534.92
  22886.44 516.06 536.66
  22916.46 516.92 538.41
  22946.47 517.77 540.17
  22976.49 518.62 541.95
  23006.50 519.45 543.75
  23036.52 520.28 545.56
  23066.53 521.11 547.38
  23096.55 521.92 549.23
  23126.56 522.73 551.08
  23156.58 523.52 552.96
  23186.59 524.32 554.84
  23216.61 525.10 556.75
  23246.62 525.87 558.67
  23276.64 526.64 560.61
  23306.65 527.39 562.56
  23336.67 528.14 564.54
  23366.68 528.88 566.52
  23396.70 529.62 568.53
  23426.71 530.34 570.55
  23456.73 531.05 572.59
  23486.74 531.76 574.65
  23516.76 532.46 576.73
  23546.77 533.15 578.82
  23576.79 533.83 580.93
  23606.80 534.50 583.06
  23636.82 535.16 585.21
  23666.83 535.81 587.38
  23696.85 536.45 589.56
  23726.86 537.08 591.77
  23756.88 537.71 593.99
  23786.89 538.32 596.24
  23816.91 538.93 598.50
  23846.92 539.52 600.78
  23876.94 540.11 603.08
  23906.95 540.68 605.41
  23936.97 541.25 607.75
  23966.98 541.81 610.11
  23997.00 542.35 612.50
  24027.01 542.89 614.90
  24057.03 543.42 617.33
  24087.04 543.93 619.77
  24117.06 544.44 622.24
  24147.07 544.93 624.73
  24177.09 545.42 627.24
  24207.10 545.89 629.78
  24237.12 546.36 632.33
  24267.13 546.81 634.91
  24297.15 547.25 637.51
  24327.16 547.69 640.13
  24357.18 548.11 642.78
  24387.19 548.52 645.45
  24417.21 548.92 648.14
  24447.22 549.31 650.86
  24477.24 549.69 653.60
  24507.25 550.05 656.36
  24537.27 550.41 659.15
  24567.28 550.75 661.96
  24597.30 551.09 664.80
  24627.31 551.41 667.66
  24657.33 551.72 670.55
  24687.34 552.02 673.46
  24717.36 552.31 676.39
  24747.37 552.59 679.36
  24777.39 552.85 682.35
  24807.40 553.11 685.36
  24837.42 553.35 688.40
  24867.43 553.58 691.47
  24897.45 553.80 694.56
  24927.46 554.01 697.68
  24957.48 554.21 700.83
  24987.49 554.39 704.00
  25017.51 554.56 707.21
  25047.52 554.72 710.44
  25077.54 554.87 713.69
  25107.55 555.01 716.98
  25137.57 555.13 720.29
  25167.58 555.25 723.64
  25197.60 555.35 727.01
  25227.61 555.44 730.41
  25257.63 555.51 733.84
  25287.64 555.58 737.30
  25317.66 555.63 740.79
  25347.67 555.67 744.31
  25377.69 555.69 747.86
  25407.70 555.71 751.43
  25437.72 555.71 755.04
  25467.73 555.70 758.68
  25497.75 555.68 762.36
  25527.76 555.64 766.06
  25557.78 555.60 769.79
  25587.79 555.54 773.56
  25617.81 555.46 777.35
  25647.82 555.38 781.18
  25677.84 555.28 785.04
  25707.85 555.17 788.93
  25737.87 555.05 792.86
  25767.88 554.91 796.82
  25797.90 554.77 800.81
  25827.91 554.61 804.83
  25857.93 554.43 808.89
  25887.94 554.25 812.98
  25917.96 554.05 817.10
  25947.97 553.84 821.26
  25977.99 553.61 825.45
  26008.00 553.37 829.67
  26038.02 553.12 833.93
  26068.03 552.86 838.22
  26098.05 552.59 842.55
  26128.06 552.30 846.91
  26158.08 552.00 851.31
  26188.09 551.68 855.74
  26218.11 551.35 860.21
  26248.12 551.02 864.71
  26278.14 550.66 869.25
  26308.15 550.30 873.82
  26338.17 549.92 878.43
  26368.18 549.53 883.07
  26398.20 549.12 887.75
  26428.21 548.71 892.47
  26458.23 548.28 897.22
  26488.24 547.83 902.00
  26518.26 547.38 906.83
  26548.27 546.91 911.69
  26578.29 546.43 916.58
  26608.30 545.94 921.51
  26638.32 545.43 926.48
  26668.33 544.91 931.49
  26698.35 544.38 936.53
  26728.36 543.83 941.61
  26758.38 543.27 946.72
  26788.39 542.70 951.87
  26818.41 542.12 957.06
  26848.42 541.52 962.28
  26878.44 540.92 967.54
  26908.45 540.29 972.84
  26938.47 539.66 978.17
  26968.48 539.01 983.54
  26998.50 538.35 988.94
  27028.51 537.68 994.39
  27058.53 537.00 999.86
  27088.54 536.30 1005.38
  27118.56 535.59 1010.93
  27148.57 534.87 1016.51
  27178.59 534.14 1022.13
  27208.60 533.39 1027.79
  27238.62 532.63 1033.48
  27268.63 531.86 1039.21
  27298.65 531.08 1044.97
  27328.66 530.28 1050.77
  27358.68 529.47 1056.60
  27388.69 528.65 1062.47
  27418.71 527.82 1068.37
  27448.72 526.97 1074.31
  27478.74 526.12 1080.28
  27508.75 525.25 1086.29
  27538.77 524.37 1092.33
  27568.78 523.48 1098.40
  27598.80 522.57 1104.51
  27628.81 521.65 1110.65
  27658.83 520.73 1116.83
  27688.84 519.79 1123.04
  27718.86 518.83 1129.28
  27748.87 517.87 1135.56
  27778.89 516.90 1141.87
  27808.90 515.91 1148.20
  27838.92 514.91 1154.58
  27868.93 513.90 1160.98
  27898.95 512.88 1167.41
  27928.96 511.85 1173.88
  27958.98 510.81 1180.37
  27988.99 509.75 1186.89
  28019.01 508.69 1193.45
  28049.02 507.61 1200.03
  28079.04 506.52 1206.64
  28109.05 505.42 1213.29
  28139.07 504.31 1219.95
  28169.08 503.19 1226.65
  28199.10 502.06 1233.37
  28229.11 500.92 1240.13
  28259.13 499.77 1246.90
  28289.14 498.61 1253.71
  28319.16 497.43 1260.53
  28349.17 496.25 1267.39
  28379.19 495.05 1274.26
  28409.20 493.85 1281.16
  28439.22 492.64 1288.09
  28469.23 491.41 1295.03
  28499.25 490.18 1302.00
  28529.26 488.93 1308.99
  28559.28 487.68 1316.00
  28589.29 486.41 1323.03
  28619.31 485.14 1330.07
  28649.32 483.86 1337.14
  28679.34 482.56 1344.23
  28709.35 481.26 1351.35
  28739.37 479.95 1358.49
  28769.38 478.63 1365.66
  28799.40 477.30 1372.86
  28829.41 475.96 1380.10
  28859.43 474.61 1387.38
  28889.44 473.25 1394.69
  28919.46 471.88 1402.02
  28949.47 470.51 1409.40
  28979.49 469.13 1416.80
  29009.50 467.73 1424.23
  29039.52 466.33 1431.69
  29069.53 464.92 1439.18
  29099.55 463.51 1446.70
  29129.56 462.08 1454.25
  29159.58 460.65 1461.82
  29189.59 459.21 1469.42
  29219.61 457.76 1477.04
  29249.62 456.30 1484.69
  29279.64 454.84 1492.37
  29309.65 453.36 1500.06
  29339.67 451.88 1507.78
  29369.68 450.40 1515.51
  29399.70 448.90 1523.27
  29429.71 447.40 1531.05
  29459.73 445.89 1538.84
  29489.74 444.38 1546.66
  29519.76 442.85 1554.48
  29549.77 441.32 1562.33
  29579.79 439.79 1570.19
  29609.80 438.24 1578.06
  29639.82 436.70 1585.94
  29669.83 435.14 1593.84
  29699.85 433.58 1601.75
  29729.86 432.01 1609.66
  29759.88 430.44 1617.59
  29789.89 428.86 1625.52
  29819.91 427.27 1633.46
  29849.92 425.68 1641.41
  29879.94 424.08 1649.36
  29909.95 422.48 1657.32
  29939.97 420.88 1665.27
  29969.98 419.26 1673.24
  30000.00 417.64 1681.20
