 -30000.00 316.07 1681.20
 -29969.98 316.62 1673.24
 -29939.97 317.18 1665.27
 -29909.95 317.73 1657.32
 -29879.94 318.29 1649.36
 -29849.92 318.84 1641.41
 -29819.91 319.39 1633.46
 -29789.89 319.94 1625.52
 -29759.88 320.49 1617.59
 -29729.86 321.04 1609.66
 -29699.85 321.59 1601.75
 -29669.83 322.14 1593.84
 -29639.82 322.68 1585.94
 -29609.80 323.23 1578.06
 -29579.79 323.77 1570.19
 -29549.77 324.31 1562.33
 -29519.76 324.85 1554.48
 -29489.74 325.39 1546.66
 -29459.73 325.93 1538.84
 -29429.71 326.47 1531.05
 -29399.70 327.01 1523.27
 -29369.68 327.55 1515.51
 -29339.67 328.08 1507.78
 -29309.65 328.61 1500.06
 -29279.64 329.15 1492.37
 -29249.62 329.68 1484.69
 -29219.61 330.21 1477.04
 -29189.59 330.74 1469.42
 -29159.58 331.26 1461.82
 -29129.56 331.79 1454.25
 -29099.55 332.32 1446.70
 -29069.53 332.84 1439.18
 -29039.52 333.36 1431.69
 -29009.50 333.88 1424.23
 -28979.49 334.40 1416.80
 -28949.47 334.92 1409.40
 -28919.46 335.44 1402.02
 -28889.44 335.96 1394.69
 -28859.43 336.47 1387.38
 -28829.41 336.98 1380.10
 -28799.40 337.50 1372.86
 -28769.38 338.01 1365.66
 -28739.37 338.52 1358.49
 -28709.35 339.02 1351.35
 -28679.34 339.53 1344.23
 -28649.32 340.03 1337.14
 -28619.31 340.54 1330.07
 -28589.29 341.04 1323.03
 -28559.28 341.54 1316.00
 -28529.26 342.04 1308.99
 -28499.25 342.54 1302.00
 -28469.23 343.03 1295.03
 -28439.22 343.52 1288.09
 -28409.20 344.02 1281.16
 -28379.19 344.51 1274.26
 -28349.17 345.00 1267.39
 -28319.16 345.49 1260.53
 -28289.14 345.97 1253.71
 -28259.13 346.46 1246.90
 -28229.11 346.94 1240.13
 -28199.10 347.42 1233.37
 -28169.08 347.90 1226.65
 -28139.07 348.38 1219.95
 -28109.05 348.85 1213.29
 -28079.04 349.33 1206.64
 -28049.02 349.80 1200.03
 -28019.01 350.27 1193.45
 -27988.99 350.74 1186.89
 -27958.98 351.21 1180.37
 -27928.96 351.68 1173.88
 -27898.95 352.14 1167.41
 -27868.93 352.60 1160.98
 -27838.92 353.06 1154.58
 -27808.90 353.52 1148.20
 -27778.89 353.98 1141.87
 -27748.87 354.43 1135.56
 -27718.86 354.89 1129.28
 -27688.84 355.34 1123.04
 -27658.83 355.79 1116.83
 -27628.81 356.24 1110.65
 -27598.80 356.68 1104.51
 -27568.78 357.13 1098.40
 -27538.77 357.57 1092.33
 -27508.75 358.01 1086.29
 -27478.74 358.45 1080.28
 -27448.72 358.88 1074.31
 -27418.71 359.32 1068.37
 -27388.69 359.75 1062.47
 -27358.68 360.18 1056.60
 -27328.66 360.61 1050.77
 -27298.65 361.04 1044.97
 -27268.63 361.46 1039.21
 -27238.62 361.88 1033.48
 -27208.60 362.30 1027.79
 -27178.59 362.72 1022.13
 -27148.57 363.14 1016.51
 -27118.56 363.55 1010.93
 -27088.54 363.97 1005.38
 -27058.53 364.38 999.86
 -27028.51 364.79 994.39
 -26998.50 365.19 988.94
 -26968.48 365.60 983.54
 -26938.47 366.00 978.17
 -26908.45 366.40 972.84
 -26878.44 366.80 967.54
 -26848.42 367.19 962.28
 -26818.41 367.59 957.06
 -26788.39 367.98 951.87
 -26758.38 368.37 946.72
 -26728.36 368.76 941.61
 -26698.35 369.14 936.53
 -26668.33 369.53 931.49
 -26638.32 369.91 926.48
 -26608.30 370.29 921.51
 -26578.29 370.66 916.58
 -26548.27 371.04 911.69
 -26518.26 371.41 906.83
 -26488.24 371.78 902.00
 -26458.23 372.15 897.22
 -26428.21 372.52 892.47
 -26398.20 372.88 887.75
 -26368.18 373.24 883.07
 -26338.17 373.60 878.43
 -26308.15 373.96 873.82
 -26278.14 374.31 869.25
 -26248.12 374.66 864.71
 -26218.11 375.01 860.21
 -26188.09 375.36 855.74
 -26158.08 375.71 851.31
 -26128.06 376.05 846.91
 -26098.05 376.39 842.55
 -26068.03 376.73 838.22
 -26038.02 377.07 833.93
 -26008.00 377.40 829.67
 -25977.99 377.73 825.45
 -25947.97 378.06 821.26
 -25917.96 378.39 817.10
 -25887.94 378.71 812.98
 -25857.93 379.04 808.89
 -25827.91 379.36 804.83
 -25797.90 379.67 800.81
 -25767.88 379.99 796.82
 -25737.87 380.30 792.86
 -25707.85 380.61 788.93
 -25677.84 380.92 785.04
 -25647.82 381.23 781.18
 -25617.81 381.53 777.35
 -25587.79 381.83 773.56
 -25557.78 382.13 769.79
 -25527.76 382.43 766.06
 -25497.75 382.72 762.36
 -25467.73 383.01 758.68
 -25437.72 383.30 755.04
 -25407.70 383.59 751.43
 -25377.69 383.87 747.86
 -25347.67 384.15 744.31
 -25317.66 384.43 740.79
 -25287.64 384.71 737.30
 -25257.63 384.98 733.84
 -25227.61 385.25 730.41
 -25197.60 385.52 727.01
 -25167.58 385.79 723.64
 -25137.57 386.05 720.29
 -25107.55 386.31 716.98
 -25077.54 386.57 713.69
 -25047.52 386.83 710.44
 -25017.51 387.08 707.21
 -24987.49 387.34 704.00
 -24957.48 387.59 700.83
 -24927.46 387.83 697.68
 -24897.45 388.08 694.56
 -24867.43 388.32 691.47
 -24837.42 388.56 688.40
 -24807.40 388.79 685.36
 -24777.39 389.03 682.35
 -24747.37 389.26 679.36
 -24717.36 389.49 676.39
 -24687.34 389.71 673.46
 -24657.33 389.94 670.55
 -24627.31 390.16 667.66
 -24597.30 390.38 664.80
 -24567.28 390.59 661.96
 -24537.27 390.81 659.15
 -24507.25 391.02 656.36
 -24477.24 391.23 653.60
 -24447.22 391.43 650.86
 -24417.21 391.63 648.14
 -24387.19 391.83 645.45
 -24357.18 392.03 642.78
 -24327.16 392.23 640.13
 -24297.15 392.42 637.51
 -24267.13 392.61 634.91
 -24237.12 392.80 632.33
 -24207.10 392.98 629.78
 -24177.09 393.17 627.24
 -24147.07 393.35 624.73
 -24117.06 393.52 622.24
 -24087.04 393.70 619.77
 -24057.03 393.87 617.33
 -24027.01 394.04 614.90
 -23997.00 394.20 612.50
 -23966.98 394.37 610.11
 -23936.97 394.53 607.75
 -23906.95 394.69 605.41
 -23876.94 394.84 603.08
 -23846.92 395.00 600.78
 -23816.91 395.15 598.50
 -23786.89 395.30 596.24
 -23756.88 395.44 593.99
 -23726.86 395.58 591.77
 -23696.85 395.72 589.56
 -23666.83 395.86 587.38
 -23636.82 396.00 585.21
 -23606.80 396.13 583.06
 -23576.79 396.26 580.93
 -23546.77 396.39 578.82
 -23516.76 396.51 576.73
 -23486.74 396.63 574.65
 -23456.73 396.75 572.59
 -23426.71 396.87 570.55
 -23396.70 396.98 568.53
 -23366.68 397.09 566.52
 -23336.67 397.20 564.54
 -23306.65 397.31 562.56
 -23276.64 397.41 560.61
 -23246.62 397.51 558.67
 -23216.61 397.61 556.75
 -23186.59 397.70 554.84
 -23156.58 397.80 552.96
 -23126.56 397.89 551.08
 -23096.55 397.97 549.23
 -23066.53 398.06 547.38
 -23036.52 398.14 545.56
 -23006.50 398.22 543.75
 -22976.49 398.30 541.95
 -22946.47 398.37 540.17
 -22916.46 398.44 538.41
 -22886.44 398.51 536.66
 -22856.43 398.58 534.92
 -22826.41 398.64 533.20
 -22796.40 398.70 531.50
 -22766.38 398.76 529.81
 -22736.37 398.81 528.13
 -22706.35 398.87 526.47
 -22676.34 398.92 524.82
 -22646.32 398.97 523.18
 -22616.31 399.01 521.56
 -22586.29 399.05 519.95
 -22556.28 399.09 518.36
 -22526.26 399.13 516.77
 -22496.25 399.16 515.21
 -22466.23 399.20 513.65
 -22436.22 399.23 512.11
 -22406.20 399.25 510.58
 -22376.19 399.28 509.06
 -22346.17 399.30 507.56
 -22316.16 399.32 506.07
 -22286.14 399.33 504.59
 -22256.13 399.35 503.12
 -22226.11 399.36 501.67
 -22196.10 399.37 500.22
 -22166.08 399.37 498.79
 -22136.07 399.37 497.37
 -22106.05 399.37 495.97
 -22076.04 399.37 494.57
 -22046.02 399.37 493.19
 -22016.01 399.36 491.81
 -21985.99 399.35 490.45
 -21955.98 399.34 489.10
 -21925.96 399.32 487.76
 -21895.95 399.31 486.44
 -21865.93 399.29 485.12
 -21835.92 399.26 483.81
 -21805.90 399.24 482.52
 -21775.89 399.21 481.23
 -21745.87 399.18 479.96
 -21715.86 399.15 478.69
 -21685.84 399.11 477.44
 -21655.83 399.07 476.19
 -21625.81 399.03 474.96
 -21595.80 398.99 473.74
 -21565.78 398.95 472.52
 -21535.77 398.90 471.32
 -21505.75 398.85 470.12
 -21475.74 398.79 468.94
 -21445.72 398.74 467.77
 -21415.71 398.68 466.60
 -21385.69 398.62 465.44
 -21355.68 398.56 464.30
 -21325.66 398.49 463.16
 -21295.65 398.42 462.03
 -21265.63 398.35 460.91
 -21235.62 398.28 459.80
 -21205.60 398.21 458.70
 -21175.59 398.13 457.61
 -21145.57 398.05 456.53
 -21115.56 397.96 455.45
 -21085.54 397.88 454.39
 -21055.53 397.79 453.33
 -21025.51 397.70 452.28
 -20995.50 397.61 451.24
 -20965.48 397.51 450.21
 -20935.47 397.42 449.18
 -20905.45 397.32 448.17
 -20875.44 397.21 447.16
 -20845.42 397.11 446.16
 -20815.41 397.00 445.17
 -20785.39 396.89 444.19
 -20755.38 396.78 443.21
 -20725.36 396.67 442.24
 -20695.35 396.55 441.28
 -20665.33 396.43 440.33
 -20635.32 396.31 439.39
 -20605.30 396.19 438.45
 -20575.29 396.06 437.52
 -20545.27 395.93 436.60
 -20515.26 395.80 435.68
 -20485.24 395.67 434.77
 -20455.23 395.54 433.87
 -20425.21 395.40 432.98
 -20395.20 395.26 432.10
 -20365.18 395.12 431.22
 -20335.17 394.97 430.34
 -20305.15 394.82 429.48
 -20275.14 394.68 428.62
 -20245.12 394.52 427.77
 -20215.11 394.37 426.92
 -20185.09 394.22 426.09
 -20155.08 394.06 425.26
 -20125.06 393.90 424.43
 -20095.05 393.74 423.61
 -20065.03 393.57 422.80
 -20035.02 393.40 422.00
 -20005.00 393.23 421.20
 -19974.99 393.06 420.41
 -19944.97 392.89 419.62
 -19914.96 392.71 418.84
 -19884.94 392.54 418.07
 -19854.93 392.36 417.30
 -19824.91 392.17 416.54
 -19794.90 391.99 415.78
 -19764.88 391.80 415.03
 -19734.87 391.61 414.29
 -19704.85 391.42 413.55
 -19674.84 391.23 412.82
 -19644.82 391.04 412.09
 -19614.81 390.84 411.37
 -19584.79 390.64 410.66
 -19554.78 390.44 409.95
 -19524.76 390.24 409.25
 -19494.75 390.03 408.55
 -19464.73 389.82 407.86
 -19434.72 389.61 407.17
 -19404.70 389.40 406.49
 -19374.69 389.19 405.82
 -19344.67 388.97 405.15
 -19314.66 388.76 404.48
 -19284.64 388.54 403.83
 -19254.63 388.31 403.17
 -19224.61 388.09 402.52
 -19194.60 387.87 401.88
 -19164.58 387.64 401.24
 -19134.57 387.41 400.61
 -19104.55 387.18 399.98
 -19074.54 386.94 399.36
 -19044.52 386.71 398.74
 -19014.51 386.47 398.13
 -18984.49 386.23 397.52
 -18954.48 385.99 396.91
 -18924.46 385.75 396.32
 -18894.45 385.50 395.72
 -18864.43 385.26 395.13
 -18834.42 385.01 394.55
 -18804.40 384.76 393.97
 -18774.39 384.51 393.40
 -18744.37 384.25 392.83
 -18714.36 384.00 392.26
 -18684.34 383.74 391.70
 -18654.33 383.48 391.14
 -18624.31 383.22 390.59
 -18594.30 382.95 390.04
 -18564.28 382.69 389.50
 -18534.27 382.42 388.96
 -18504.25 382.15 388.43
 -18474.24 381.88 387.90
 -18444.22 381.61 387.37
 -18414.21 381.34 386.85
 -18384.19 381.06 386.34
 -18354.18 380.78 385.82
 -18324.16 380.51 385.32
 -18294.15 380.23 384.81
 -18264.13 379.94 384.31
 -18234.12 379.66 383.82
 -18204.10 379.37 383.33
 -18174.09 379.09 382.84
 -18144.07 378.80 382.35
 -18114.06 378.51 381.87
 -18084.04 378.21 381.40
 -18054.03 377.92 380.93
 -18024.01 377.63 380.46
 -17994.00 377.33 380.00
 -17963.98 377.03 379.54
 -17933.97 376.73 379.08
 -17903.95 376.43 378.63
 -17873.94 376.13 378.18
 -17843.92 375.82 377.73
 -17813.91 375.51 377.29
 -17783.89 375.21 376.86
 -17753.88 374.90 376.42
 -17723.86 374.59 375.99
 -17693.85 374.27 375.57
 -17663.83 373.96 375.14
 -17633.82 373.65 374.72
 -17603.80 373.33 374.31
 -17573.79 373.01 373.90
 -17543.77 372.69 373.49
 -17513.76 372.37 373.08
 -17483.74 372.05 372.68
 -17453.73 371.72 372.28
 -17423.71 371.40 371.89
 -17393.70 371.07 371.50
 -17363.68 370.74 371.11
 -17333.67 370.42 370.72
 -17303.65 370.08 370.34
 -17273.64 369.75 369.96
 -17243.62 369.42 369.59
 -17213.61 369.09 369.22
 -17183.59 368.75 368.85
 -17153.58 368.41 368.49
 -17123.56 368.07 368.12
 -17093.55 367.73 367.77
 -17063.53 367.39 367.41
 -17033.52 367.05 367.06
 -17003.50 366.71 366.71
 -16973.49 366.36 366.36
 -16943.47 366.02 366.02
 -16913.46 365.67 365.67
 -16883.44 365.32 365.32
 -16853.43 364.97 364.97
 -16823.41 364.62 364.62
 -16793.40 364.27 364.27
 -16763.38 363.92 363.92
 -16733.37 363.56 363.56
 -16703.35 363.21 363.21
 -16673.34 362.85 362.85
 -16643.32 362.49 362.49
 -16613.31 362.13 362.13
 -16583.29 361.77 361.77
 -16553.28 361.41 361.41
 -16523.26 361.05 361.05
 -16493.25 360.69 360.69
 -16463.23 360.32 360.32
 -16433.22 359.96 359.96
 -16403.20 359.59 359.59
 -16373.19 359.23 359.23
 -16343.17 358.86 358.86
 -16313.16 358.49 358.49
 -16283.14 358.12 358.12
 -16253.13 357.75 357.75
 -16223.11 357.38 357.38
 -16193.10 357.00 357.00
 -16163.08 356.63 356.63
 -16133.07 356.26 356.26
 -16103.05 355.88 355.88
 -16073.04 355.50 355.50
 -16043.02 355.13 355.13
 -16013.01 354.75 354.75
 -15982.99 354.37 354.37
 -15952.98 353.99 353.99
 -15922.96 353.61 353.61
 -15892.95 353.23 353.23
 -15862.93 352.84 352.84
 -15832.92 352.46 352.46
 -15802.90 352.08 352.08
 -15772.89 351.69 351.69
 -15742.87 351.31 351.31
 -15712.86 350.92 350.92
 -15682.84 350.53 350.53
 -15652.83 350.14 350.14
 -15622.81 349.76 349.76
 -15592.80 349.37 349.37
 -15562.78 348.98 348.98
 -15532.77 348.58 348.58
 -15502.75 348.19 348.19
 -15472.74 347.80 347.80
 -15442.72 347.41 347.41
 -15412.71 347.01 347.01
 -15382.69 346.62 346.62
 -15352.68 346.22 346.22
 -15322.66 345.83 345.83
 -15292.65 345.43 345.43
 -15262.63 345.04 345.04
 -15232.62 344.64 344.64
 -15202.60 344.24 344.24
 -15172.59 343.84 343.84
 -15142.57 343.44 343.44
 -15112.56 343.04 343.04
 -15082.54 342.64 342.64
 -15052.53 342.24 342.24
 -15022.51 341.84 341.84
 -14992.50 341.44 341.44
 -14962.48 341.04 341.04
 -14932.47 340.63 340.63
 -14902.45 340.23 340.23
 -14872.44 339.83 339.83
 -14842.42 339.42 339.42
 -14812.41 339.02 339.02
 -14782.39 338.61 338.61
 -14752.38 338.21 338.21
 -14722.36 337.80 337.80
 -14692.35 337.39 337.39
 -14662.33 336.99 336.99
 -14632.32 336.58 336.58
 -14602.30 336.17 336.17
 -14572.29 335.77 335.77
 -14542.27 335.36 335.36
 -14512.26 334.95 334.95
 -14482.24 334.54 334.54
 -14452.23 334.13 334.13
 -14422.21 333.72 333.72
 -14392.20 333.31 333.31
 -14362.18 332.90 332.90
 -14332.17 332.49 332.49
 -14302.15 332.08 332.08
 -14272.14 331.67 331.67
 -14242.12 331.26 331.26
 -14212.11 330.84 330.84
 -14182.09 330.43 330.43
 -14152.08 330.02 330.02
 -14122.06 329.61 329.61
 -14092.05 329.19 329.19
 -14062.03 328.78 328.78
 -14032.02 328.37 328.37
 -14002.00 327.96 327.96
 -13971.99 327.54 327.54
 -13941.97 327.13 327.13
 -13911.96 326.71 326.71
 -13881.94 326.30 326.30
 -13851.93 325.89 325.89
 -13821.91 325.47 325.47
 -13791.90 325.06 325.06
 -13761.88 324.64 324.64
 -13731.87 324.23 324.23
 -13701.85 323.82 323.82
 -13671.84 323.40 323.40
 -13641.82 322.99 322.99
 -13611.81 322.57 322.57
 -13581.79 322.16 322.16
 -13551.78 321.74 321.74
 -13521.76 321.33 321.33
 -13491.75 320.91 320.91
 -13461.73 320.50 320.50
 -13431.72 320.08 320.08
 -13401.70 319.67 319.67
 -13371.69 319.25 319.25
 -13341.67 318.84 318.84
 -13311.66 318.42 318.42
 -13281.64 318.01 318.01
 -13251.63 317.59 317.59
 -13221.61 317.18 317.18
 -13191.60 316.76 316.76
 -13161.58 316.35 316.35
 -13131.57 315.93 315.93
 -13101.55 315.52 315.52
 -13071.54 315.10 315.10
 -13041.52 314.69 314.69
 -13011.51 314.28 314.28
 -12981.49 313.86 313.86
 -12951.48 313.45 313.45
 -12921.46 313.03 313.03
 -12891.45 312.62 312.62
 -12861.43 312.21 312.21
 -12831.42 311.79 311.79
 -12801.40 311.38 311.38
 -12771.39 310.97 310.97
 -12741.37 310.56 310.56
 -12711.36 310.14 310.14
 -12681.34 309.73 309.73
 -12651.33 309.32 309.32
 -12621.31 308.91 308.91
 -12591.30 308.50 308.50
 -12561.28 308.08 308.08
 -12531.27 307.67 307.67
 -12501.25 307.26 307.26
 -12471.24 306.85 306.85
 -12441.22 306.44 306.44
 -12411.21 306.03 306.03
 -12381.19 305.62 305.62
 -12351.18 305.21 305.21
 -12321.16 304.80 304.80
 -12291.15 304.39 304.39
 -12261.13 303.98 303.98
 -12231.12 303.58 303.58
 -12201.10 303.17 303.17
 -12171.09 302.76 302.76
 -12141.07 302.35 302.35
 -12111.06 301.95 301.95
 -12081.04 301.54 301.54
 -12051.03 301.13 301.13
 -12021.01 300.73 300.73
 -11991.00 300.32 300.32
 -11960.98 299.92 299.92
 -11930.97 299.51 299.51
 -11900.95 299.11 299.11
 -11870.94 298.71 298.71
 -11840.92 298.30 298.30
 -11810.91 297.90 297.90
 -11780.89 297.50 297.50
 -11750.88 297.10 297.10
 -11720.86 296.69 296.69
 -11690.85 296.29 296.29
 -11660.83 295.89 295.89
 -11630.82 295.49 295.49
 -11600.80 295.09 295.09
 -11570.79 294.69 294.69
 -11540.77 294.29 294.29
 -11510.76 293.90 293.90
 -11480.74 293.50 293.50
 -11450.73 293.10 293.10
 -11420.71 292.70 292.70
 -11390.70 292.31 292.31
 -11360.68 291.91 291.91
 -11330.67 291.52 291.52
 -11300.65 291.12 291.12
 -11270.64 290.73 290.73
 -11240.62 290.34 290.34
 -11210.61 289.94 289.94
 -11180.59 289.55 289.55
 -11150.58 289.16 289.16
 -11120.56 288.77 288.77
 -11090.55 288.38 288.38
 -11060.53 287.99 287.99
 -11030.52 287.60 287.60
 -11000.50 287.21 287.21
 -10970.49 286.82 286.82
 -10940.47 286.43 286.43
 -10910.46 286.05 286.05
 -10880.44 285.66 285.66
 -10850.43 285.27 285.27
 -10820.41 284.89 284.89
 -10790.40 284.51 284.51
 -10760.38 284.12 284.12
 -10730.37 283.74 283.74
 -10700.35 283.36 283.36
 -10670.34 282.97 282.97
 -10640.32 282.59 282.59
 -10610.31 282.21 282.21
 -10580.29 281.83 281.83
 -10550.28 281.45 281.45
 -10520.26 281.08 281.08
 -10490.25 280.70 280.70
 -10460.23 280.32 280.32
 -10430.22 279.95 279.95
 -10400.20 279.57 279.57
 -10370.19 279.20 279.20
 -10340.17 278.82 278.82
 -10310.16 278.45 278.45
 -10280.14 278.08 278.08
 -10250.13 277.70 277.70
 -10220.11 277.33 277.33
 -10190.10 276.96 276.96
 -10160.08 276.59 276.59
 -10130.07 276.23 276.23
 -10100.05 275.86 275.86
 -10070.04 275.49 275.49
 -10040.02 275.12 275.12
 -10010.01 274.76 274.76
  -9979.99 274.39 274.39
  -9949.97 274.03 274.03
  -9919.96 273.67 273.67
  -9889.94 273.30 273.30
  -9859.93 272.94 272.94
  -9829.91 272.58 272.58
  -9799.90 272.22 272.22
  -9769.88 271.86 271.86
  -9739.87 271.50 271.50
  -9709.85 271.15 271.15
  -9679.84 270.79 270.79
  -9649.82 270.43 270.43
  -9619.81 270.08 270.08
  -9589.79 269.73 269.73
  -9559.78 269.37 269.37
  -9529.76 269.02 269.02
  -9499.75 268.67 268.67
  -9469.73 268.32 268.32
  -9439.72 267.97 267.97
  -9409.70 267.62 267.62
  -9379.69 267.27 267.27
  -9349.67 266.92 266.92
  -9319.66 266.58 266.58
  -9289.64 266.23 266.23
  -9259.63 265.89 265.89
  -9229.61 265.54 265.54
  -9199.60 265.20 265.20
  -9169.58 264.86 264.86
  -9139.57 264.52 264.52
  -9109.55 264.18 264.18
  -9079.54 263.84 263.84
  -9049.52 263.50 263.50
  -9019.51 263.16 263.16
  -8989.49 262.83 262.83
  -8959.48 262.49 262.49
  -8929.46 262.16 262.16
  -8899.45 261.82 261.82
  -8869.43 261.49 261.49
  -8839.42 261.16 261.16
  -8809.40 260.83 260.83
  -8779.39 260.50 260.50
  -8749.37 260.17 260.17
  -8719.36 259.84 259.84
  -8689.34 259.52 259.52
  -8659.33 259.19 259.19
  -8629.31 258.87 258.87
  -8599.30 258.54 258.54
  -8569.28 258.22 258.22
  -8539.27 257.90 257.90
  -8509.25 257.58 257.58
  -8479.24 257.26 257.26
  -8449.22 256.94 256.94
  -8419.21 256.62 256.62
  -8389.19 256.30 256.30
  -8359.18 255.99 255.99
  -8329.16 255.67 255.67
  -8299.15 255.36 255.36
  -8269.13 255.04 255.04
  -8239.12 254.73 254.73
  -8209.10 254.42 254.42
  -8179.09 254.11 254.11
  -8149.07 253.80 253.80
  -8119.06 253.49 253.49
  -8089.04 253.19 253.19
  -8059.03 252.88 252.88
  -8029.01 252.58 252.58
  -7999.00 252.27 252.27
  -7968.98 251.97 251.97
  -7938.97 251.67 251.67
  -7908.95 251.37 251.37
  -7878.94 251.07 251.07
  -7848.92 250.77 250.77
  -7818.91 250.47 250.47
  -7788.89 250.17 250.17
  -7758.88 249.88 249.88
  -7728.86 249.58 249.58
  -7698.85 249.29 249.29
  -7668.83 249.00 249.00
  -7638.82 248.71 248.71
  -7608.80 248.42 248.42
  -7578.79 248.13 248.13
  -7548.77 247.84 247.84
  -7518.76 247.55 247.55
  -7488.74 247.26 247.26
  -7458.73 246.98 246.98
  -7428.71 246.69 246.69
  -7398.70 246.41 246.41
  -7368.68 246.13 246.13
  -7338.67 245.85 245.85
  -7308.65 245.57 245.57
  -7278.64 245.29 245.29
  -7248.62 245.01 245.01
  -7218.61 244.74 244.74
  -7188.59 244.46 244.46
  -7158.58 244.19 244.19
  -7128.56 243.91 243.91
  -7098.55 243.64 243.64
  -7068.53 243.37 243.37
  -7038.52 243.10 243.10
  -7008.50 242.83 242.83
  -6978.49 242.56 242.56
  -6948.47 242.30 242.30
  -6918.46 242.03 242.03
  -6888.44 241.77 241.77
  -6858.43 241.50 241.50
  -6828.41 241.24 241.24
  -6798.40 240.98 240.98
  -6768.38 240.72 240.72
  -6738.37 240.46 240.46
  -6708.35 240.20 240.20
  -6678.34 239.95 239.95
  -6648.32 239.69 239.69
  -6618.31 239.44 239.44
  -6588.29 239.18 239.18
  -6558.28 238.93 238.93
  -6528.26 238.68 238.68
  -6498.25 238.43 238.43
  -6468.23 238.18 238.18
  -6438.22 237.93 237.93
  -6408.20 237.69 237.69
  -6378.19 237.44 237.44
  -6348.17 237.20 237.20
  -6318.16 236.95 236.95
  -6288.14 236.71 236.71
  -6258.13 236.47 236.47
  -6228.11 236.23 236.23
  -6198.10 235.99 235.99
  -6168.08 235.75 235.75
  -6138.07 235.52 235.52
  -6108.05 235.28 235.28
  -6078.04 235.05 235.05
  -6048.02 234.81 234.81
  -6018.01 234.58 234.58
  -5987.99 234.35 234.35
  -5957.98 234.12 234.12
  -5927.96 233.89 233.89
  -5897.95 233.66 233.66
  -5867.93 233.44 233.44
  -5837.92 233.21 233.21
  -5807.90 232.99 232.99
  -5777.89 232.77 232.77
  -5747.87 232.54 232.54
  -5717.86 232.32 232.32
  -5687.84 232.10 232.10
  -5657.83 231.88 231.88
  -5627.81 231.67 231.67
  -5597.80 231.45 231.45
  -5567.78 231.24 231.24
  -5537.77 231.02 231.02
  -5507.75 230.81 230.81
  -5477.74 230.60 230.60
  -5447.72 230.39 230.39
  -5417.71 230.18 230.18
  -5387.69 229.97 229.97
  -5357.68 229.76 229.76
  -5327.66 229.56 229.56
  -5297.65 229.35 229.35
  -5267.63 229.15 229.15
  -5237.62 228.95 228.95
  -5207.60 228.75 228.75
  -5177.59 228.55 228.55
  -5147.57 228.35 228.35
  -5117.56 228.15 228.15
  -5087.54 227.95 227.95
  -5057.53 227.76 227.76
  -5027.51 227.56 227.56
  -4997.50 227.37 227.37
  -4967.48 227.18 227.18
  -4937.47 226.99 226.99
  -4907.45 226.80 226.80
  -4877.44 226.61 226.61
  -4847.42 226.42 226.42
  -4817.41 226.24 226.24
  -4787.39 226.05 226.05
  -4757.38 225.87 225.87
  -4727.36 225.68 225.68
  -4697.35 225.50 225.50
  -4667.33 225.32 225.32
  -4637.32 225.14 225.14
  -4607.30 224.96 224.96
  -4577.29 224.79 224.79
  -4547.27 224.61 224.61
  -4517.26 224.44 224.44
  -4487.24 224.26 224.26
  -4457.23 224.09 224.09
  -4427.21 223.92 223.92
  -4397.20 223.75 223.75
  -4367.18 223.58 223.58
  -4337.17 223.41 223.41
  -4307.15 223.25 223.25
  -4277.14 223.08 223.08
  -4247.12 222.92 222.92
  -4217.11 222.76 222.76
  -4187.09 222.59 222.59
  -4157.08 222.43 222.43
  -4127.06 222.27 222.27
  -4097.05 222.12 222.12
  -4067.03 221.96 221.96
  -4037.02 221.80 221.80
  -4007.00 221.65 221.65
  -3976.99 221.49 221.49
  -3946.97 221.34 221.34
  -3916.96 221.19 221.19
  -3886.94 221.04 221.04
  -3856.93 220.89 220.89
  -3826.91 220.74 220.74
  -3796.90 220.60 220.60
  -3766.88 220.45 220.45
  -3736.87 220.31 220.31
  -3706.85 220.16 220.16
  -3676.84 220.02 220.02
  -3646.82 219.88 219.88
  -3616.81 219.74 219.74
  -3586.79 219.60 219.60
  -3556.78 219.46 219.46
  -3526.76 219.33 219.33
  -3496.75 219.19 219.19
  -3466.73 219.06 219.06
  -3436.72 218.93 218.93
  -3406.70 218.79 218.79
  -3376.69 218.66 218.66
  -3346.67 218.53 218.53
  -3316.66 218.41 218.41
  -3286.64 218.28 218.28
  -3256.63 218.15 218.15
  -3226.61 218.03 218.03
  -3196.60 217.90 217.90
  -3166.58 217.78 217.78
  -3136.57 217.66 217.66
  -3106.55 217.54 217.54
  -3076.54 217.42 217.42
  -3046.52 217.30 217.30
  -3016.51 217.19 217.19
  -2986.49 217.07 217.07
  -2956.48 216.96 216.96
  -2926.46 216.85 216.85
  -2896.45 216.73 216.73
  -2866.43 216.62 216.62
  -2836.42 216.51 216.51
  -2806.40 216.40 216.40
  -2776.39 216.30 216.30
  -2746.37 216.19 216.19
  -2716.36 216.09 216.09
  -2686.34 215.98 215.98
  -2656.33 215.88 215.88
  -2626.31 215.78 215.78
  -2596.30 215.68 215.68
  -2566.28 215.58 215.58
  -2536.27 215.48 215.48
  -2506.25 215.38 215.38
  -2476.24 215.29 215.29
  -2446.22 215.19 215.19
  -2416.21 215.10 215.10
  -2386.19 215.01 215.01
  -2356.18 214.92 214.92
  -2326.16 214.83 214.83
  -2296.15 214.74 214.74
  -2266.13 214.65 214.65
  -2236.12 214.56 214.56
  -2206.10 214.48 214.48
  -2176.09 214.40 214.40
  -2146.07 214.31 214.31
  -2116.06 214.23 214.23
  -2086.04 214.15 214.15
  -2056.03 214.07 214.07
  -2026.01 213.99 213.99
  -1996.00 213.91 213.91
  -1965.98 213.84 213.84
  -1935.97 213.76 213.76
  -1905.95 213.69 213.69
  -1875.94 213.62 213.62
  -1845.92 213.55 213.55
  -1815.91 213.48 213.48
  -1785.89 213.41 213.41
  -1755.88 213.34 213.34
  -1725.86 213.27 213.27
  -1695.85 213.21 213.21
  -1665.83 213.14 213.14
  -1635.82 213.08 213.08
  -1605.80 213.02 213.02
  -1575.79 212.96 212.96
  -1545.77 212.90 212.90
  -1515.76 212.84 212.84
  -1485.74 212.78 212.78
  -1455.73 212.72 212.72
  -1425.71 212.67 212.67
  -1395.70 212.61 212.61
  -1365.68 212.56 212.56
  -1335.67 212.51 212.51
  -1305.65 212.46 212.46
  -1275.64 212.41 212.41
  -1245.62 212.36 212.36
  -1215.61 212.31 212.31
  -1185.59 212.27 212.27
  -1155.58 212.22 212.22
  -1125.56 212.18 212.18
  -1095.55 212.14 212.14
  -1065.53 212.09 212.09
  -1035.52 212.05 212.05
  -1005.50 212.02 212.02
   -975.49 211.98 211.98
   -945.47 211.94 211.94
   -915.46 211.91 211.91
   -885.44 211.87 211.87
   -855.43 211.84 211.84
   -825.41 211.81 211.81
   -795.40 211.77 211.77
   -765.38 211.74 211.74
   -735.37 211.72 211.72
   -705.35 211.69 211.69
   -675.34 211.66 211.66
   -645.32 211.64 211.64
   -615.31 211.61 211.61
   -585.29 211.59 211.59
   -555.28 211.57 211.57
   -525.26 211.55 211.55
   -495.25 211.53 211.53
   -465.23 211.51 211.51
   -435.22 211.49 211.49
   -405.20 211.48 211.48
   -375.19 211.46 211.46
   -345.17 211.45 211.45
   -315.16 211.43 211.43
   -285.14 211.42 211.42
   -255.13 211.41 211.41
   -225.11 211.40 211.40
   -195.10 211.39 211.39
   -165.08 211.39 211.39
   -135.07 211.38 211.38
   -105.05 211.38 211.38
    -75.04 211.37 211.37
    -45.02 211.37 211.37
    -15.01 211.37 211.37
     15.01 211.37 211.37
     45.02 211.37 211.37
     75.04 211.37 211.37
    105.05 211.38 211.38
    135.07 211.38 211.38
    165.08 211.39 211.39
    195.10 211.39 211.39
    225.11 211.40 211.40
    255.13 211.41 211.41
    285.14 211.42 211.42
    315.16 211.43 211.43
    345.17 211.45 211.45
    375.19 211.46 211.46
    405.20 211.48 211.48
    435.22 211.49 211.49
    465.23 211.51 211.51
    495.25 211.53 211.53
    525.26 211.55 211.55
    555.28 211.57 211.57
    585.29 211.59 211.59
    615.31 211.61 211.61
    645.32 211.64 211.64
    675.34 211.66 211.66
    705.35 211.69 211.69
    735.37 211.72 211.72
    765.38 211.74 211.74
    795.40 211.77 211.77
    825.41 211.81 211.81
    855.43 211.84 211.84
    885.44 211.87 211.87
    915.46 211.91 211.91
    945.47 211.94 211.94
    975.49 211.98 211.98
   1005.50 212.02 212.02
   1035.52 212.05 212.05
   1065.53 212.09 212.09
   1095.55 212.14 212.14
   1125.56 212.18 212.18
   1155.58 212.22 212.22
   1185.59 212.27 212.27
   1215.61 212.31 212.31
   1245.62 212.36 212.36
   1275.64 212.41 212.41
   1305.65 212.46 212.46
   1335.67 212.51 212.51
   1365.68 212.56 212.56
   1395.70 212.61 212.61
   1425.71 212.67 212.67
   1455.73 212.72 212.72
   1485.74 212.78 212.78
   1515.76 212.84 212.84
   1545.77 212.90 212.90
   1575.79 212.96 212.96
   1605.80 213.02 213.02
   1635.82 213.08 213.08
   1665.83 213.14 213.14
   1695.85 213.21 213.21
   1725.86 213.27 213.27
   1755.88 213.34 213.34
   1785.89 213.41 213.41
   1815.91 213.48 213.48
   1845.92 213.55 213.55
   1875.94 213.62 213.62
   1905.95 213.69 213.69
   1935.97 213.76 213.76
   1965.98 213.84 213.84
   1996.00 213.91 213.91
   2026.01 213.99 213.99
   2056.03 214.07 214.07
   2086.04 214.15 214.15
   2116.06 214.23 214.23
   2146.07 214.31 214.31
   2176.09 214.40 214.40
   2206.10 214.48 214.48
   2236.12 214.56 214.56
   2266.13 214.65 214.65
   2296.15 214.74 214.74
   2326.16 214.83 214.83
   2356.18 214.92 214.92
   2386.19 215.01 215.01
   2416.21 215.10 215.10
   2446.22 215.19 215.19
   2476.24 215.29 215.29
   2506.25 215.38 215.38
   2536.27 215.48 215.48
   2566.28 215.58 215.58
   2596.30 215.68 215.68
   2626.31 215.78 215.78
   2656.33 215.88 215.88
   2686.34 215.98 215.98
   2716.36 216.09 216.09
   2746.37 216.19 216.19
   2776.39 216.30 216.30
   2806.40 216.40 216.40
   2836.42 216.51 216.51
   2866.43 216.62 216.62
   2896.45 216.73 216.73
   2926.46 216.85 216.85
   2956.48 216.96 216.96
   2986.49 217.07 217.07
   3016.51 217.19 217.19
   3046.52 217.30 217.30
   3076.54 217.42 217.42
   3106.55 217.54 217.54
   3136.57 217.66 217.66
   3166.58 217.78 217.78
   3196.60 217.90 217.90
   3226.61 218.03 218.03
   3256.63 218.15 218.15
   3286.64 218.28 218.28
   3316.66 218.41 218.41
   3346.67 218.53 218.53
   3376.69 218.66 218.66
   3406.70 218.79 218.79
   3436.72 218.93 218.93
   3466.73 219.06 219.06
   3496.75 219.19 219.19
   3526.76 219.33 219.33
   3556.78 219.46 219.46
   3586.79 219.60 219.60
   3616.81 219.74 219.74
   3646.82 219.88 219.88
   3676.84 220.02 220.02
   3706.85 220.16 220.16
   3736.87 220.31 220.31
   3766.88 220.45 220.45
   3796.90 220.60 220.60
   3826.91 220.74 220.74
   3856.93 220.89 220.89
   3886.94 221.04 221.04
   3916.96 221.19 221.19
   3946.97 221.34 221.34
   3976.99 221.49 221.49
   4007.00 221.65 221.65
   4037.02 221.80 221.80
   4067.03 221.96 221.96
   4097.05 222.12 222.12
   4127.06 222.27 222.27
   4157.08 222.43 222.43
   4187.09 222.59 222.59
   4217.11 222.76 222.76
   4247.12 222.92 222.92
   4277.14 223.08 223.08
   4307.15 223.25 223.25
   4337.17 223.41 223.41
   4367.18 223.58 223.58
   4397.20 223.75 223.75
   4427.21 223.92 223.92
   4457.23 224.09 224.09
   4487.24 224.26 224.26
   4517.26 224.44 224.44
   4547.27 224.61 224.61
   4577.29 224.79 224.79
   4607.30 224.96 224.96
   4637.32 225.14 225.14
   4667.33 225.32 225.32
   4697.35 225.50 225.50
   4727.36 225.68 225.68
   4757.38 225.87 225.87
   4787.39 226.05 226.05
   4817.41 226.24 226.24
   4847.42 226.42 226.42
   4877.44 226.61 226.61
   4907.45 226.80 226.80
   4937.47 226.99 226.99
   4967.48 227.18 227.18
   4997.50 227.37 227.37
   5027.51 227.56 227.56
   5057.53 227.76 227.76
   5087.54 227.95 227.95
   5117.56 228.15 228.15
   5147.57 228.35 228.35
   5177.59 228.55 228.55
   5207.60 228.75 228.75
   5237.62 228.95 228.95
   5267.63 229.15 229.15
   5297.65 229.35 229.35
   5327.66 229.56 229.56
   5357.68 229.76 229.76
   5387.69 229.97 229.97
   5417.71 230.18 230.18
   5447.72 230.39 230.39
   5477.74 230.60 230.60
   5507.75 230.81 230.81
   5537.77 231.02 231.02
   5567.78 231.24 231.24
   5597.80 231.45 231.45
   5627.81 231.67 231.67
   5657.83 231.88 231.88
   5687.84 232.10 232.10
   5717.86 232.32 232.32
   5747.87 232.54 232.54
   5777.89 232.77 232.77
   5807.90 232.99 232.99
   5837.92 233.21 233.21
   5867.93 233.44 233.44
   5897.95 233.66 233.66
   5927.96 233.89 233.89
   5957.98 234.12 234.12
   5987.99 234.35 234.35
   6018.01 234.58 234.58
   6048.02 234.81 234.81
   6078.04 235.05 235.05
   6108.05 235.28 235.28
   6138.07 235.52 235.52
   6168.08 235.75 235.75
   6198.10 235.99 235.99
   6228.11 236.23 236.23
   6258.13 236.47 236.47
   6288.14 236.71 236.71
   6318.16 236.95 236.95
   6348.17 237.20 237.20
   6378.19 237.44 237.44
   6408.20 237.69 237.69
   6438.22 237.93 237.93
   6468.23 238.18 238.18
   6498.25 238.43 238.43
   6528.26 238.68 238.68
   6558.28 238.93 238.93
   6588.29 239.18 239.18
   6618.31 239.44 239.44
   6648.32 239.69 239.69
   6678.34 239.95 239.95
   6708.35 240.20 240.20
   6738.37 240.46 240.46
   6768.38 240.72 240.72
   6798.40 240.98 240.98
   6828.41 241.24 241.24
   6858.43 241.50 241.50
   6888.44 241.77 241.77
   6918.46 242.03 242.03
   6948.47 242.30 242.30
   6978.49 242.56 242.56
   7008.50 242.83 242.83
   7038.52 243.10 243.10
   7068.53 243.37 243.37
   7098.55 243.64 243.64
   7128.56 243.91 243.91
   7158.58 244.19 244.19
   7188.59 244.46 244.46
   7218.61 244.74 244.74
   7248.62 245.01 245.01
   7278.64 245.29 245.29
   7308.65 245.57 245.57
   7338.67 245.85 245.85
   7368.68 246.13 246.13
   7398.70 246.41 246.41
   7428.71 246.69 246.69
   7458.73 246.98 246.98
   7488.74 247.26 247.26
   7518.76 247.55 247.55
   7548.77 247.84 247.84
   7578.79 248.13 248.13
   7608.80 248.42 248.42
   7638.82 248.71 248.71
   7668.83 249.00 249.00
   7698.85 249.29 249.29
   7728.86 249.58 249.58
   7758.88 249.88 249.88
   7788.89 250.17 250.17
   7818.91 250.47 250.47
   7848.92 250.77 250.77
   7878.94 251.07 251.07
   7908.95 251.37 251.37
   7938.97 251.67 251.67
   7968.98 251.97 251.97
   7999.00 252.27 252.27
   8029.01 252.58 252.58
   8059.03 252.88 252.88
   8089.04 253.19 253.19
   8119.06 253.49 253.49
   8149.07 253.80 253.80
   8179.09 254.11 254.11
   8209.10 254.42 254.42
   8239.12 254.73 254.73
   8269.13 255.04 255.04
   8299.15 255.36 255.36
   8329.16 255.67 255.67
   8359.18 255.99 255.99
   8389.19 256.30 256.30
   8419.21 256.62 256.62
   8449.22 256.94 256.94
   8479.24 257.26 257.26
   8509.25 257.58 257.58
   8539.27 257.90 257.90
   8569.28 258.22 258.22
   8599.30 258.54 258.54
   8629.31 258.87 258.87
   8659.33 259.19 259.19
   8689.34 259.52 259.52
   8719.36 259.84 259.84
   8749.37 260.17 260.17
   8779.39 260.50 260.50
   8809.40 260.83 260.83
   8839.42 261.16 261.16
   8869.43 261.49 261.49
   8899.45 261.82 261.82
   8929.46 262.16 262.16
   8959.48 262.49 262.49
   8989.49 262.83 262.83
   9019.51 263.16 263.16
   9049.52 263.50 263.50
   9079.54 263.84 263.84
   9109.55 264.18 264.18
   9139.57 264.52 264.52
   9169.58 264.86 264.86
   9199.60 265.20 265.20
   9229.61 265.54 265.54
   9259.63 265.89 265.89
   9289.64 266.23 266.23
   9319.66 266.58 266.58
   9349.67 266.92 266.92
   9379.69 267.27 267.27
   9409.70 267.62 267.62
   9439.72 267.97 267.97
   9469.73 268.32 268.32
   9499.75 268.67 268.67
   9529.76 269.02 269.02
   9559.78 269.37 269.37
   9589.79 269.73 269.73
   9619.81 270.08 270.08
   9649.82 270.43 270.43
   9679.84 270.79 270.79
   9709.85 271.15 271.15
   9739.87 271.50 271.50
   9769.88 271.86 271.86
   9799.90 272.22 272.22
   9829.91 272.58 272.58
   9859.93 272.94 272.94
   9889.94 273.30 273.30
   9919.96 273.67 273.67
   9949.97 274.03 274.03
   9979.99 274.39 274.39
  10010.01 274.76 274.76
  10040.02 275.12 275.12
  10070.04 275.49 275.49
  10100.05 275.86 275.86
  10130.07 276.23 276.23
  10160.08 276.59 276.59
  10190.10 276.96 276.96
  10220.11 277.33 277.33
  10250.13 277.70 277.70
  10280.14 278.08 278.08
  10310.16 278.45 278.45
  10340.17 278.82 278.82
  10370.19 279.20 279.20
  10400.20 279.57 279.57
  10430.22 279.95 279.95
  10460.23 280.32 280.32
  10490.25 280.70 280.70
  10520.26 281.08 281.08
  10550.28 281.45 281.45
  10580.29 281.83 281.83
  10610.31 282.21 282.21
  10640.32 282.59 282.59
  10670.34 282.97 282.97
  10700.35 283.36 283.36
  10730.37 283.74 283.74
  10760.38 284.12 284.12
  10790.40 284.51 284.51
  10820.41 284.89 284.89
  10850.43 285.27 285.27
  10880.44 285.66 285.66
  10910.46 286.05 286.05
  10940.47 286.43 286.43
  10970.49 286.82 286.82
  11000.50 287.21 287.21
  11030.52 287.60 287.60
  11060.53 287.99 287.99
  11090.55 288.38 288.38
  11120.56 288.77 288.77
  11150.58 289.16 289.16
  11180.59 289.55 289.55
  11210.61 289.94 289.94
  11240.62 290.34 290.34
  11270.64 290.73 290.73
  11300.65 291.12 291.12
  11330.67 291.52 291.52
  11360.68 291.91 291.91
  11390.70 292.31 292.31
  11420.71 292.70 292.70
  11450.73 293.10 293.10
  11480.74 293.50 293.50
  11510.76 293.90 293.90
  11540.77 294.29 294.29
  11570.79 294.69 294.69
  11600.80 295.09 295.09
  11630.82 295.49 295.49
  11660.83 295.89 295.89
  11690.85 296.29 296.29
  11720.86 296.69 296.69
  11750.88 297.10 297.10
  11780.89 297.50 297.50
  11810.91 297.90 297.90
  11840.92 298.30 298.30
  11870.94 298.71 298.71
  11900.95 299.11 299.11
  11930.97 299.51 299.51
  11960.98 299.92 299.92
  11991.00 300.32 300.32
  12021.01 300.73 300.73
  12051.03 301.13 301.13
  12081.04 301.54 301.54
  12111.06 301.95 301.95
  12141.07 302.35 302.35
  12171.09 302.76 302.76
  12201.10 303.17 303.17
  12231.12 303.58 303.58
  12261.13 303.98 303.98
  12291.15 304.39 304.39
  12321.16 304.80 304.80
  12351.18 305.21 305.21
  12381.19 305.62 305.62
  12411.21 306.03 306.03
  12441.22 306.44 306.44
  12471.24 306.85 306.85
  12501.25 307.26 307.26
  12531.27 307.67 307.67
  12561.28 308.08 308.08
  12591.30 308.50 308.50
  12621.31 308.91 308.91
  12651.33 309.32 309.32
  12681.34 309.73 309.73
  12711.36 310.14 310.14
  12741.37 310.56 310.56
  12771.39 310.97 310.97
  12801.40 311.38 311.38
  12831.42 311.79 311.79
  12861.43 312.21 312.21
  12891.45 312.62 312.62
  12921.46 313.03 313.03
  12951.48 313.45 313.45
  12981.49 313.86 313.86
  13011.51 314.28 314.28
  13041.52 314.69 314.69
  13071.54 315.10 315.10
  13101.55 315.52 315.52
  13131.57 315.93 315.93
  13161.58 316.35 316.35
  13191.60 316.76 316.76
  13221.61 317.18 317.18
  13251.63 317.59 317.59
  13281.64 318.01 318.01
  13311.66 318.42 318.42
  13341.67 318.84 318.84
  13371.69 319.25 319.25
  13401.70 319.67 319.67
  13431.72 320.08 320.08
  13461.73 320.50 320.50
  13491.75 320.91 320.91
  13521.76 321.33 321.33
  13551.78 321.74 321.74
  13581.79 322.16 322.16
  13611.81 322.57 322.57
  13641.82 322.99 322.99
  13671.84 323.40 323.40
  13701.85 323.82 323.82
  13731.87 324.23 324.23
  13761.88 324.64 324.64
  13791.90 325.06 325.06
  13821.91 325.47 325.47
  13851.93 325.89 325.89
  13881.94 326.30 326.30
  13911.96 326.71 326.71
  13941.97 327.13 327.13
  13971.99 327.54 327.54
  14002.00 327.96 327.96
  14032.02 328.37 328.37
  14062.03 328.78 328.78
  14092.05 329.19 329.19
  14122.06 329.61 329.61
  14152.08 330.02 330.02
  14182.09 330.43 330.43
  14212.11 330.84 330.84
  14242.12 331.26 331.26
  14272.14 331.67 331.67
  14302.15 332.08 332.08
  14332.17 332.49 332.49
  14362.18 332.90 332.90
  14392.20 333.31 333.31
  14422.21 333.72 333.72
  14452.23 334.13 334.13
  14482.24 334.54 334.54
  14512.26 334.95 334.95
  14542.27 335.36 335.36
  14572.29 335.77 335.77
  14602.30 336.17 336.17
  14632.32 336.58 336.58
  14662.33 336.99 336.99
  14692.35 337.39 337.39
  14722.36 337.80 337.80
  14752.38 338.21 338.21
  14782.39 338.61 338.61
  14812.41 339.02 339.02
  14842.42 339.42 339.42
  14872.44 339.83 339.83
  14902.45 340.23 340.23
  14932.47 340.63 340.63
  14962.48 341.04 341.04
  14992.50 341.44 341.44
  15022.51 341.84 341.84
  15052.53 342.24 342.24
  15082.54 342.64 342.64
  15112.56 343.04 343.04
  15142.57 343.44 343.44
  15172.59 343.84 343.84
  15202.60 344.24 344.24
  15232.62 344.64 344.64
  15262.63 345.04 345.04
  15292.65 345.43 345.43
  15322.66 345.83 345.83
  15352.68 346.22 346.22
  15382.69 346.62 346.62
  15412.71 347.01 347.01
  15442.72 347.41 347.41
  15472.74 347.80 347.80
  15502.75 348.19 348.19
  15532.77 348.58 348.58
  15562.78 348.98 348.98
  15592.80 349.37 349.37
  15622.81 349.76 349.76
  15652.83 350.14 350.14
  15682.84 350.53 350.53
  15712.86 350.92 350.92
  15742.87 351.31 351.31
  15772.89 351.69 351.69
  15802.90 352.08 352.08
  15832.92 352.46 352.46
  15862.93 352.84 352.84
  15892.95 353.23 353.23
  15922.96 353.61 353.61
  15952.98 353.99 353.99
  15982.99 354.37 354.37
  16013.01 354.75 354.75
  16043.02 355.13 355.13
  16073.04 355.50 355.50
  16103.05 355.88 355.88
  16133.07 356.26 356.26
  16163.08 356.63 356.63
  16193.10 357.00 357.00
  16223.11 357.38 357.38
  16253.13 357.75 357.75
  16283.14 358.12 358.12
  16313.16 358.49 358.49
  16343.17 358.86 358.86
  16373.19 359.23 359.23
  16403.20 359.59 359.59
  16433.22 359.96 359.96
  16463.23 360.32 360.32
  16493.25 360.69 360.69
  16523.26 361.05 361.05
  16553.28 361.41 361.41
  16583.29 361.77 361.77
  16613.31 362.13 362.13
  16643.32 362.49 362.49
  16673.34 362.85 362.85
  16703.35 363.21 363.21
  16733.37 363.56 363.56
  16763.38 363.92 363.92
  16793.40 364.27 364.27
  16823.41 364.62 364.62
  16853.43 364.97 364.97
  16883.44 365.32 365.32
  16913.46 365.67 365.67
  16943.47 366.02 366.02
  16973.49 366.36 366.36
  17003.50 366.71 366.71
  17033.52 367.05 367.06
  17063.53 367.39 367.41
  17093.55 367.73 367.77
  17123.56 368.07 368.12
  17153.58 368.41 368.49
  17183.59 368.75 368.85
  17213.61 369.09 369.22
  17243.62 369.42 369.59
  17273.64 369.75 369.96
  17303.65 370.08 370.34
  17333.67 370.42 370.72
  17363.68 370.74 371.11
  17393.70 371.07 371.50
  17423.71 371.40 371.89
  17453.73 371.72 372.28
  17483.74 372.05 372.68
  17513.76 372.37 373.08
  17543.77 372.69 373.49
  17573.79 373.01 373.90
  17603.80 373.33 374.31
  17633.82 373.65 374.72
  17663.83 373.96 375.14
  17693.85 374.27 375.57
  17723.86 374.59 375.99
  17753.88 374.90 376.42
  17783.89 375.21 376.86
  17813.91 375.51 377.29
  17843.92 375.82 377.73
  17873.94 376.13 378.18
  17903.95 376.43 378.63
  17933.97 376.73 379.08
  17963.98 377.03 379.54
  17994.00 377.33 380.00
  18024.01 377.63 380.46
  18054.03 377.92 380.93
  18084.04 378.21 381.40
  18114.06 378.51 381.87
  18144.07 378.80 382.35
  18174.09 379.09 382.84
  18204.10 379.37 383.33
  18234.12 379.66 383.82
  18264.13 379.94 384.31
  18294.15 380.23 384.81
  18324.16 380.51 385.32
  18354.18 380.78 385.82
  18384.19 381.06 386.34
  18414.21 381.34 386.85
  18444.22 381.61 387.37
  18474.24 381.88 387.90
  18504.25 382.15 388.43
  18534.27 382.42 388.96
  18564.28 382.69 389.50
  18594.30 382.95 390.04
  18624.31 383.22 390.59
  18654.33 383.48 391.14
  18684.34 383.74 391.70
  18714.36 384.00 392.26
  18744.37 384.25 392.83
  18774.39 384.51 393.40
  18804.40 384.76 393.97
  18834.42 385.01 394.55
  18864.43 385.26 395.13
  18894.45 385.50 395.72
  18924.46 385.75 396.32
  18954.48 385.99 396.91
  18984.49 386.23 397.52
  19014.51 386.47 398.13
  19044.52 386.71 398.74
  19074.54 386.94 399.36
  19104.55 387.18 399.98
  19134.57 387.41 400.61
  19164.58 387.64 401.24
  19194.60 387.87 401.88
  19224.61 388.09 402.52
  19254.63 388.31 403.17
  19284.64 388.54 403.83
  19314.66 388.76 404.48
  19344.67 388.97 405.15
  19374.69 389.19 405.82
  19404.70 389.40 406.49
  19434.72 389.61 407.17
  19464.73 389.82 407.86
  19494.75 390.03 408.55
  19524.76 390.24 409.25
  19554.78 390.44 409.95
  19584.79 390.64 410.66
  19614.81 390.84 411.37
  19644.82 391.04 412.09
  19674.84 391.23 412.82
  19704.85 391.42 413.55
  19734.87 391.61 414.29
  19764.88 391.80 415.03
  19794.90 391.99 415.78
  19824.91 392.17 416.54
  19854.93 392.36 417.30
  19884.94 392.54 418.07
  19914.96 392.71 418.84
  19944.97 392.89 419.62
  19974.99 393.06 420.41
  20005.00 393.23 421.20
  20035.02 393.40 422.00
  20065.03 393.57 422.80
  20095.05 393.74 423.61
  20125.06 393.90 424.43
  20155.08 394.06 425.26
  20185.09 394.22 426.09
  20215.11 394.37 426.92
  20245.12 394.52 427.77
  20275.14 394.68 428.62
  20305.15 394.82 429.48
  20335.17 394.97 430.34
  20365.18 395.12 431.22
  20395.20 395.26 432.10
  20425.21 395.40 432.98
  20455.23 395.54 433.87
  20485.24 395.67 434.77
  20515.26 395.80 435.68
  20545.27 395.93 436.60
  20575.29 396.06 437.52
  20605.30 396.19 438.45
  20635.32 396.31 439.39
  20665.33 396.43 440.33
  20695.35 396.55 441.28
  20725.36 396.67 442.24
  20755.38 396.78 443.21
  20785.39 396.89 444.19
  20815.41 397.00 445.17
  20845.42 397.11 446.16
  20875.44 397.21 447.16
  20905.45 397.32 448.17
  20935.47 397.42 449.18
  20965.48 397.51 450.21
  20995.50 397.61 451.24
  21025.51 397.70 452.28
  21055.53 397.79 453.33
  21085.54 397.88 454.39
  21115.56 397.96 455.45
  21145.57 398.05 456.53
  21175.59 398.13 457.61
  21205.60 398.21 458.70
  21235.62 398.28 459.80
  21265.63 398.35 460.91
  21295.65 398.42 462.03
  21325.66 398.49 463.16
  21355.68 398.56 464.30
  21385.69 398.62 465.44
  21415.71 398.68 466.60
  21445.72 398.74 467.77
  21475.74 398.79 468.94
  21505.75 398.85 470.12
  21535.77 398.90 471.32
  21565.78 398.95 472.52
  21595.80 398.99 473.74
  21625.81 399.03 474.96
  21655.83 399.07 476.19
  21685.84 399.11 477.44
  21715.86 399.15 478.69
  21745.87 399.18 479.96
  21775.89 399.21 481.23
  21805.90 399.24 482.52
  21835.92 399.26 483.81
  21865.93 399.29 485.12
  21895.95 399.31 486.44
  21925.96 399.32 487.76
  21955.98 399.34 489.10
  21985.99 399.35 490.45
  22016.01 399.36 491.81
  22046.02 399.37 493.19
  22076.04 399.37 494.57
  22106.05 399.37 495.97
  22136.07 399.37 497.37
  22166.08 399.37 498.79
  22196.10 399.37 500.22
  22226.11 399.36 501.67
  22256.13 399.35 503.12
  22286.14 399.33 504.59
  22316.16 399.32 506.07
  22346.17 399.30 507.56
  22376.19 399.28 509.06
  22406.20 399.25 510.58
  22436.22 399.23 512.11
  22466.23 399.20 513.65
  22496.25 399.16 515.21
  22526.26 399.13 516.77
  22556.28 399.09 518.36
  22586.29 399.05 519.95
  22616.31 399.01 521.56
  22646.32 398.97 523.18
  22676.34 398.92 524.82
  22706.35 398.87 526.47
  22736.37 398.81 528.13
  22766.38 398.76 529.81
  22796.40 398.70 531.50
  22826.41 398.64 533.20
  22856.43 398.58 534.92
  22886.44 398.51 536.66
  22916.46 398.44 538.41
  22946.47 398.37 540.17
  22976.49 398.30 541.95
  23006.50 398.22 543.75
  23036.52 398.14 545.56
  23066.53 398.06 547.38
  23096.55 397.97 549.23
  23126.56 397.89 551.08
  23156.58 397.80 552.96
  23186.59 397.70 554.84
  23216.61 397.61 556.75
  23246.62 397.51 558.67
  23276.64 397.41 560.61
  23306.65 397.31 562.56
  23336.67 397.20 564.54
  23366.68 397.09 566.52
  23396.70 396.98 568.53
  23426.71 396.87 570.55
  23456.73 396.75 572.59
  23486.74 396.63 574.65
  23516.76 396.51 576.73
  23546.77 396.39 578.82
  23576.79 396.26 580.93
  23606.80 396.13 583.06
  23636.82 396.00 585.21
  23666.83 395.86 587.38
  23696.85 395.72 589.56
  23726.86 395.58 591.77
  23756.88 395.44 593.99
  23786.89 395.30 596.24
  23816.91 395.15 598.50
  23846.92 395.00 600.78
  23876.94 394.84 603.08
  23906.95 394.69 605.41
  23936.97 394.53 607.75
  23966.98 394.37 610.11
  23997.00 394.20 612.50
  24027.01 394.04 614.90
  24057.03 393.87 617.33
  24087.04 393.70 619.77
  24117.06 393.52 622.24
  24147.07 393.35 624.73
  24177.09 393.17 627.24
  24207.10 392.98 629.78
  24237.12 392.80 632.33
  24267.13 392.61 634.91
  24297.15 392.42 637.51
  24327.16 392.23 640.13
  24357.18 392.03 642.78
  24387.19 391.83 645.45
  24417.21 391.63 648.14
  24447.22 391.43 650.86
  24477.24 391.23 653.60
  24507.25 391.02 656.36
  24537.27 390.81 659.15
  24567.28 390.59 661.96
  24597.30 390.38 664.80
  24627.31 390.16 667.66
  24657.33 389.94 670.55
  24687.34 389.71 673.46
  24717.36 389.49 676.39
  24747.37 389.26 679.36
  24777.39 389.03 682.35
  24807.40 388.79 685.36
  24837.42 388.56 688.40
  24867.43 388.32 691.47
  24897.45 388.08 694.56
  24927.46 387.83 697.68
  24957.48 387.59 700.83
  24987.49 387.34 704.00
  25017.51 387.08 707.21
  25047.52 386.83 710.44
  25077.54 386.57 713.69
  25107.55 386.31 716.98
  25137.57 386.05 720.29
  25167.58 385.79 723.64
  25197.60 385.52 727.01
  25227.61 385.25 730.41
  25257.63 384.98 733.84
  25287.64 384.71 737.30
  25317.66 384.43 740.79
  25347.67 384.15 744.31
  25377.69 383.87 747.86
  25407.70 383.59 751.43
  25437.72 383.30 755.04
  25467.73 383.01 758.68
  25497.75 382.72 762.36
  25527.76 382.43 766.06
  25557.78 382.13 769.79
  25587.79 381.83 773.56
  25617.81 381.53 777.35
  25647.82 381.23 781.18
  25677.84 380.92 785.04
  25707.85 380.61 788.93
  25737.87 380.30 792.86
  25767.88 379.99 796.82
  25797.90 379.67 800.81
  25827.91 379.36 804.83
  25857.93 379.04 808.89
  25887.94 378.71 812.98
  25917.96 378.39 817.10
  25947.97 378.06 821.26
  25977.99 377.73 825.45
  26008.00 377.40 829.67
  26038.02 377.07 833.93
  26068.03 376.73 838.22
  26098.05 376.39 842.55
  26128.06 376.05 846.91
  26158.08 375.71 851.31
  26188.09 375.36 855.74
  26218.11 375.01 860.21
  26248.12 374.66 864.71
  26278.14 374.31 869.25
  26308.15 373.96 873.82
  26338.17 373.60 878.43
  26368.18 373.24 883.07
  26398.20 372.88 887.75
  26428.21 372.52 892.47
  26458.23 372.15 897.22
  26488.24 371.78 902.00
  26518.26 371.41 906.83
  26548.27 371.04 911.69
  26578.29 370.66 916.58
  26608.30 370.29 921.51
  26638.32 369.91 926.48
  26668.33 369.53 931.49
  26698.35 369.14 936.53
  26728.36 368.76 941.61
  26758.38 368.37 946.72
  26788.39 367.98 951.87
  26818.41 367.59 957.06
  26848.42 367.19 962.28
  26878.44 366.80 967.54
  26908.45 366.40 972.84
  26938.47 366.00 978.17
  26968.48 365.60 983.54
  26998.50 365.19 988.94
  27028.51 364.79 994.39
  27058.53 364.38 999.86
  27088.54 363.97 1005.38
  27118.56 363.55 1010.93
  27148.57 363.14 1016.51
  27178.59 362.72 1022.13
  27208.60 362.30 1027.79
  27238.62 361.88 1033.48
  27268.63 361.46 1039.21
  27298.65 361.04 1044.97
  27328.66 360.61 1050.77
  27358.68 360.18 1056.60
  27388.69 359.75 1062.47
  27418.71 359.32 1068.37
  27448.72 358.88 1074.31
  27478.74 358.45 1080.28
  27508.75 358.01 1086.29
  27538.77 357.57 1092.33
  27568.78 357.13 1098.40
  27598.80 356.68 1104.51
  27628.81 356.24 1110.65
  27658.83 355.79 1116.83
  27688.84 355.34 1123.04
  27718.86 354.89 1129.28
  27748.87 354.43 1135.56
  27778.89 353.98 1141.87
  27808.90 353.52 1148.20
  27838.92 353.06 1154.58
  27868.93 352.60 1160.98
  27898.95 352.14 1167.41
  27928.96 351.68 1173.88
  27958.98 351.21 1180.37
  27988.99 350.74 1186.89
  28019.01 350.27 1193.45
  28049.02 349.80 1200.03
  28079.04 349.33 1206.64
  28109.05 348.85 1213.29
  28139.07 348.38 1219.95
  28169.08 347.90 1226.65
  28199.10 347.42 1233.37
  28229.11 346.94 1240.13
  28259.13 346.46 1246.90
  28289.14 345.97 1253.71
  28319.16 345.49 1260.53
  28349.17 345.00 1267.39
  28379.19 344.51 1274.26
  28409.20 344.02 1281.16
  28439.22 343.52 1288.09
  28469.23 343.03 1295.03
  28499.25 342.54 1302.00
  28529.26 342.04 1308.99
  28559.28 341.54 1316.00
  28589.29 341.04 1323.03
  28619.31 340.54 1330.07
  28649.32 340.03 1337.14
  28679.34 339.53 1344.23
  28709.35 339.02 1351.35
  28739.37 338.52 1358.49
  28769.38 338.01 1365.66
  28799.40 337.50 1372.86
  28829.41 336.98 1380.10
  28859.43 336.47 1387.38
  28889.44 335.96 1394.69
  28919.46 335.44 1402.02
  28949.47 334.92 1409.40
  28979.49 334.40 1416.80
  29009.50 333.88 1424.23
  29039.52 333.36 1431.69
  29069.53 332.84 1439.18
  29099.55 332.32 1446.70
  29129.56 331.79 1454.25
  29159.58 331.26 1461.82
  29189.59 330.74 1469.42
  29219.61 330.21 1477.04
  29249.62 329.68 1484.69
  29279.64 329.15 1492.37
  29309.65 328.61 1500.06
  29339.67 328.08 1507.78
  29369.68 327.55 1515.51
  29399.70 327.01 1523.27
  29429.71 326.47 1531.05
  29459.73 325.93 1538.84
  29489.74 325.39 1546.66
  29519.76 324.85 1554.48
  29549.77 324.31 1562.33
  29579.79 323.77 1570.19
  29609.80 323.23 1578.06
  29639.82 322.68 1585.94
  29669.83 322.14 1593.84
  29699.85 321.59 1601.75
  29729.86 321.04 1609.66
  29759.88 320.49 1617.59
  29789.89 319.94 1625.52
  29819.91 319.39 1633.46
  29849.92 318.84 1641.41
  29879.94 318.29 1649.36
  29909.95 317.73 1657.32
  29939.97 317.18 1665.27
  29969.98 316.62 1673.24
  30000.00 316.07 1681.20
