 -30000.00 262.36 1681.20
 -29969.98 262.73 1673.24
 -29939.97 263.10 1665.27
 -29909.95 263.47 1657.32
 -29879.94 263.84 1649.36
 -29849.92 264.21 1641.41
 -29819.91 264.57 1633.46
 -29789.89 264.94 1625.52
 -29759.88 265.31 1617.59
 -29729.86 265.68 1609.66
 -29699.85 266.04 1601.75
 -29669.83 266.41 1593.84
 -29639.82 266.77 1585.94
 -29609.80 267.14 1578.06
 -29579.79 267.50 1570.19
 -29549.77 267.87 1562.33
 -29519.76 268.23 1554.48
 -29489.74 268.59 1546.66
 -29459.73 268.96 1538.84
 -29429.71 269.32 1531.05
 -29399.70 269.68 1523.27
 -29369.68 270.04 1515.51
 -29339.67 270.40 1507.78
 -29309.65 270.76 1500.06
 -29279.64 271.12 1492.37
 -29249.62 271.48 1484.69
 -29219.61 271.84 1477.04
 -29189.59 272.20 1469.42
 -29159.58 272.55 1461.82
 -29129.56 272.91 1454.25
 -29099.55 273.27 1446.70
 -29069.53 273.62 1439.18
 -29039.52 273.98 1431.69
 -29009.50 274.33 1424.23
 -28979.49 274.68 1416.80
 -28949.47 275.04 1409.40
 -28919.46 275.39 1402.02
 -28889.44 275.74 1394.69
 -28859.43 276.09 1387.38
 -28829.41 276.45 1380.10
 -28799.40 276.80 1372.86
 -28769.38 277.15 1365.66
 -28739.37 277.49 1358.49
 -28709.35 277.84 1351.35
 -28679.34 278.19 1344.23
 -28649.32 278.54 1337.14
 -28619.31 278.89 1330.07
 -28589.29 279.23 1323.03
 -28559.28 279.58 1316.00
 -28529.26 279.92 1308.99
 -28499.25 280.27 1302.00
 -28469.23 280.61 1295.03
 -28439.22 280.95 1288.09
 -28409.20 281.30 1281.16
 -28379.19 281.64 1274.26
 -28349.17 281.98 1267.39
 -28319.16 282.32 1260.53
 -28289.14 282.66 1253.71
 -28259.13 283.00 1246.90
 -28229.11 283.34 1240.13
 -28199.10 283.67 1233.37
 -28169.08 284.01 1226.65
 -28139.07 284.35 1219.95
 -28109.05 284.68 1213.29
 -28079.04 285.02 1206.64
 -28049.02 285.35 1200.03
 -28019.01 285.69 1193.45
 -27988.99 286.02 1186.89
 -27958.98 286.35 1180.37
 -27928.96 286.69 1173.88
 -27898.95 287.02 1167.41
 -27868.93 287.35 1160.98
 -27838.92 287.68 1154.58
 -27808.90 288.01 1148.20
 -27778.89 288.33 1141.87
 -27748.87 288.66 1135.56
 -27718.86 288.99 1129.28
 -27688.84 289.32 1123.04
 -27658.83 289.64 1116.83
 -27628.81 289.97 1110.65
 -27598.80 290.29 1104.51
 -27568.78 290.61 1098.40
 -27538.77 290.94 1092.33
 -27508.75 291.26 1086.29
 -27478.74 291.58 1080.28
 -27448.72 291.90 1074.31
 -27418.71 292.22 1068.37
 -27388.69 292.54 1062.47
 -27358.68 292.86 1056.60
 -27328.66 293.17 1050.77
 -27298.65 293.49 1044.97
 -27268.63 293.81 1039.21
 -27238.62 294.12 1033.48
 -27208.60 294.43 1027.79
 -27178.59 294.75 1022.13
 -27148.57 295.06 1016.51
 -27118.56 295.37 1010.93
 -27088.54 295.68 1005.38
 -27058.53 296.00 999.86
 -27028.51 296.31 994.39
 -26998.50 296.61 988.94
 -26968.48 296.92 983.54
 -26938.47 297.23 978.17
 -26908.45 297.54 972.84
 -26878.44 297.84 967.54
 -26848.42 298.15 962.28
 -26818.41 298.45 957.06
 -26788.39 298.75 951.87
 -26758.38 299.06 946.72
 -26728.36 299.36 941.61
 -26698.35 299.66 936.53
 -26668.33 299.96 931.49
 -26638.32 300.26 926.48
 -26608.30 300.56 921.51
 -26578.29 300.86 916.58
 -26548.27 301.15 911.69
 -26518.26 301.45 906.83
 -26488.24 301.74 902.00
 -26458.23 302.04 897.22
 -26428.21 302.33 892.47
 -26398.20 302.63 887.75
 -26368.18 302.92 883.07
 -26338.17 303.21 878.43
 -26308.15 303.50 873.82
 -26278.14 303.79 869.25
 -26248.12 304.08 864.71
 -26218.11 304.37 860.21
 -26188.09 304.65 855.74
 -26158.08 304.94 851.31
 -26128.06 305.22 846.91
 -26098.05 305.51 842.55
 -26068.03 305.79 838.22
 -26038.02 306.07 833.93
 -26008.00 306.36 829.67
 -25977.99 306.64 825.45
 -25947.97 306.92 821.26
 -25917.96 307.20 817.10
 -25887.94 307.48 812.98
 -25857.93 307.75 808.89
 -25827.91 308.03 804.83
 -25797.90 308.31 800.81
 -25767.88 308.58 796.82
 -25737.87 308.85 792.86
 -25707.85 309.13 788.93
 -25677.84 309.40 785.04
 -25647.82 309.67 781.18
 -25617.81 309.94 777.35
 -25587.79 310.21 773.56
 -25557.78 310.48 769.79
 -25527.76 310.75 766.06
 -25497.75 311.02 762.36
 -25467.73 311.28 758.68
 -25437.72 311.55 755.04
 -25407.70 311.81 751.43
 -25377.69 312.07 747.86
 -25347.67 312.34 744.31
 -25317.66 312.60 740.79
 -25287.64 312.86 737.30
 -25257.63 313.12 733.84
 -25227.61 313.38 730.41
 -25197.60 313.64 727.01
 -25167.58 313.89 723.64
 -25137.57 314.15 720.29
 -25107.55 314.40 716.98
 -25077.54 314.66 713.69
 -25047.52 314.91 710.44
 -25017.51 315.16 707.21
 -24987.49 315.42 704.00
 -24957.48 315.67 700.83
 -24927.46 315.92 697.68
 -24897.45 316.17 694.56
 -24867.43 316.41 691.47
 -24837.42 316.66 688.40
 -24807.40 316.91 685.36
 -24777.39 317.15 682.35
 -24747.37 317.40 679.36
 -24717.36 317.64 676.39
 -24687.34 317.88 673.46
 -24657.33 318.12 670.55
 -24627.31 318.36 667.66
 -24597.30 318.60 664.80
 -24567.28 318.84 661.96
 -24537.27 319.08 659.15
 -24507.25 319.31 656.36
 -24477.24 319.55 653.60
 -24447.22 319.79 650.86
 -24417.21 320.02 648.14
 -24387.19 320.25 645.45
 -24357.18 320.48 642.78
 -24327.16 320.71 640.13
 -24297.15 320.94 637.51
 -24267.13 321.17 634.91
 -24237.12 321.40 632.33
 -24207.10 321.63 629.78
 -24177.09 321.85 627.24
 -24147.07 322.08 624.73
 -24117.06 322.30 622.24
 -24087.04 322.53 619.77
 -24057.03 322.75 617.33
 -24027.01 322.97 614.90
 -23997.00 323.19 612.50
 -23966.98 323.41 610.11
 -23936.97 323.63 607.75
 -23906.95 323.85 605.41
 -23876.94 324.06 603.08
 -23846.92 324.28 600.78
 -23816.91 324.49 598.50
 -23786.89 324.71 596.24
 -23756.88 324.92 593.99
 -23726.86 325.13 591.77
 -23696.85 325.34 589.56
 -23666.83 325.55 587.38
 -23636.82 325.76 585.21
 -23606.80 325.97 583.06
 -23576.79 326.17 580.93
 -23546.77 326.38 578.82
 -23516.76 326.58 576.73
 -23486.74 326.79 574.65
 -23456.73 326.99 572.59
 -23426.71 327.19 570.55
 -23396.70 327.39 568.53
 -23366.68 327.59 566.52
 -23336.67 327.79 564.54
 -23306.65 327.99 562.56
 -23276.64 328.19 560.61
 -23246.62 328.38 558.67
 -23216.61 328.58 556.75
 -23186.59 328.77 554.84
 -23156.58 328.96 552.96
 -23126.56 329.16 551.08
 -23096.55 329.35 549.23
 -23066.53 329.54 547.38
 -23036.52 329.72 545.56
 -23006.50 329.91 543.75
 -22976.49 330.10 541.95
 -22946.47 330.28 540.17
 -22916.46 330.47 538.41
 -22886.44 330.65 536.66
 -22856.43 330.84 534.92
 -22826.41 331.02 533.20
 -22796.40 331.20 531.50
 -22766.38 331.38 529.81
 -22736.37 331.56 528.13
 -22706.35 331.74 526.47
 -22676.34 331.91 524.82
 -22646.32 332.09 523.18
 -22616.31 332.26 521.56
 -22586.29 332.44 519.95
 -22556.28 332.61 518.36
 -22526.26 332.78 516.77
 -22496.25 332.95 515.21
 -22466.23 333.12 513.65
 -22436.22 333.29 512.11
 -22406.20 333.46 510.58
 -22376.19 333.62 509.06
 -22346.17 333.79 507.56
 -22316.16 333.95 506.07
 -22286.14 334.12 504.59
 -22256.13 334.28 503.12
 -22226.11 334.44 501.67
 -22196.10 334.60 500.22
 -22166.08 334.76 498.79
 -22136.07 334.92 497.37
 -22106.05 335.08 495.97
 -22076.04 335.24 494.57
 -22046.02 335.39 493.19
 -22016.01 335.55 491.81
 -21985.99 335.70 490.45
 -21955.98 335.85 489.10
 -21925.96 336.00 487.76
 -21895.95 336.15 486.44
 -21865.93 336.30 485.12
 -21835.92 336.45 483.81
 -21805.90 336.60 482.52
 -21775.89 336.74 481.23
 -21745.87 336.89 479.96
 -21715.86 337.03 478.69
 -21685.84 337.18 477.44
 -21655.83 337.32 476.19
 -21625.81 337.46 474.96
 -21595.80 337.60 473.74
 -21565.78 337.74 472.52
 -21535.77 337.88 471.32
 -21505.75 338.02 470.12
 -21475.74 338.15 468.94
 -21445.72 338.29 467.77
 -21415.71 338.42 466.60
 -21385.69 338.56 465.44
 -21355.68 338.69 464.30
 -21325.66 338.82 463.16
 -21295.65 338.95 462.03
 -21265.63 339.08 460.91
 -21235.62 339.21 459.80
 -21205.60 339.33 458.70
 -21175.59 339.46 457.61
 -21145.57 339.58 456.53
 -21115.56 339.71 455.45
 -21085.54 339.83 454.39
 -21055.53 339.95 453.33
 -21025.51 340.07 452.28
 -20995.50 340.19 451.24
 -20965.48 340.31 450.21
 -20935.47 340.43 449.18
 -20905.45 340.55 448.17
 -20875.44 340.66 447.16
 -20845.42 340.78 446.16
 -20815.41 340.89 445.17
 -20785.39 341.01 444.19
 -20755.38 341.12 443.21
 -20725.36 341.23 442.24
 -20695.35 341.34 441.28
 -20665.33 341.45 440.33
 -20635.32 341.56 439.39
 -20605.30 341.66 438.45
 -20575.29 341.77 437.52
 -20545.27 341.87 436.60
 -20515.26 341.98 435.68
 -20485.24 342.08 434.77
 -20455.23 342.18 433.87
 -20425.21 342.28 432.98
 -20395.20 342.38 432.10
 -20365.18 342.48 431.22
 -20335.17 342.58 430.34
 -20305.15 342.68 429.48
 -20275.14 342.77 428.62
 -20245.12 342.87 427.77
 -20215.11 342.96 426.92
 -20185.09 343.05 426.09
 -20155.08 343.15 425.26
 -20125.06 343.24 424.43
 -20095.05 343.33 423.61
 -20065.03 343.42 422.80
 -20035.02 343.50 422.00
 -20005.00 343.59 421.20
 -19974.99 343.68 420.41
 -19944.97 343.76 419.62
 -19914.96 343.85 418.84
 -19884.94 343.93 418.07
 -19854.93 344.01 417.30
 -19824.91 344.09 416.54
 -19794.90 344.17 415.78
 -19764.88 344.25 415.03
 -19734.87 344.33 414.29
 -19704.85 344.41 413.55
 -19674.84 344.48 412.82
 -19644.82 344.56 412.09
 -19614.81 344.63 411.37
 -19584.79 344.71 410.66
 -19554.78 344.78 409.95
 -19524.76 344.85 409.25
 -19494.75 344.92 408.55
 -19464.73 344.99 407.86
 -19434.72 345.06 407.17
 -19404.70 345.12 406.49
 -19374.69 345.19 405.82
 -19344.67 345.26 405.15
 -19314.66 345.32 404.48
 -19284.64 345.38 403.83
 -19254.63 345.45 403.17
 -19224.61 345.51 402.52
 -19194.60 345.57 401.88
 -19164.58 345.63 401.24
 -19134.57 345.69 400.61
 -19104.55 345.75 399.98
 -19074.54 345.80 399.36
 -19044.52 345.86 398.74
 -19014.51 345.91 398.13
 -18984.49 345.97 397.52
 -18954.48 346.02 396.91
 -18924.46 346.07 396.32
 -18894.45 346.12 395.72
 -18864.43 346.17 395.13
 -18834.42 346.22 394.55
 -18804.40 346.27 393.97
 -18774.39 346.32 393.40
 -18744.37 346.37 392.83
 -18714.36 346.41 392.26
 -18684.34 346.46 391.70
 -18654.33 346.50 391.14
 -18624.31 346.54 390.59
 -18594.30 346.58 390.04
 -18564.28 346.62 389.50
 -18534.27 346.66 388.96
 -18504.25 346.70 388.43
 -18474.24 346.74 387.90
 -18444.22 346.78 387.37
 -18414.21 346.81 386.85
 -18384.19 346.85 386.34
 -18354.18 346.88 385.82
 -18324.16 346.92 385.32
 -18294.15 346.95 384.81
 -18264.13 346.98 384.31
 -18234.12 347.01 383.82
 -18204.10 347.04 383.33
 -18174.09 347.07 382.84
 -18144.07 347.10 382.35
 -18114.06 347.13 381.87
 -18084.04 347.15 381.40
 -18054.03 347.18 380.93
 -18024.01 347.20 380.46
 -17994.00 347.23 380.00
 -17963.98 347.25 379.54
 -17933.97 347.27 379.08
 -17903.95 347.29 378.63
 -17873.94 347.31 378.18
 -17843.92 347.33 377.73
 -17813.91 347.35 377.29
 -17783.89 347.37 376.86
 -17753.88 347.38 376.42
 -17723.86 347.40 375.99
 -17693.85 347.41 375.57
 -17663.83 347.43 375.14
 -17633.82 347.44 374.72
 -17603.80 347.45 374.31
 -17573.79 347.47 373.90
 -17543.77 347.48 373.49
 -17513.76 347.49 373.08
 -17483.74 347.49 372.68
 -17453.73 347.50 372.28
 -17423.71 347.51 371.89
 -17393.70 347.52 371.50
 -17363.68 347.52 371.11
 -17333.67 347.53 370.72
 -17303.65 347.53 370.34
 -17273.64 347.53 369.96
 -17243.62 347.53 369.59
 -17213.61 347.53 369.22
 -17183.59 347.54 368.85
 -17153.58 347.53 368.49
 -17123.56 347.53 368.12
 -17093.55 347.53 367.77
 -17063.53 347.53 367.41
 -17033.52 347.52 367.06
 -17003.50 347.52 366.71
 -16973.49 347.51 366.36
 -16943.47 347.51 366.02
 -16913.46 347.50 365.68
 -16883.44 347.49 365.34
 -16853.43 347.48 365.01
 -16823.41 347.47 364.68
 -16793.40 347.46 364.35
 -16763.38 347.45 364.03
 -16733.37 347.44 363.70
 -16703.35 347.43 363.38
 -16673.34 347.42 363.07
 -16643.32 347.40 362.75
 -16613.31 347.39 362.44
 -16583.29 347.37 362.14
 -16553.28 347.35 361.83
 -16523.26 347.34 361.53
 -16493.25 347.32 361.23
 -16463.23 347.30 360.93
 -16433.22 347.28 360.64
 -16403.20 347.26 360.35
 -16373.19 347.24 360.06
 -16343.17 347.21 359.77
 -16313.16 347.19 359.49
 -16283.14 347.17 359.21
 -16253.13 347.14 358.93
 -16223.11 347.12 358.66
 -16193.10 347.09 358.39
 -16163.08 347.07 358.12
 -16133.07 347.04 357.85
 -16103.05 347.01 357.58
 -16073.04 346.98 357.32
 -16043.02 346.95 357.06
 -16013.01 346.92 356.80
 -15982.99 346.89 356.55
 -15952.98 346.86 356.30
 -15922.96 346.83 356.05
 -15892.95 346.79 355.80
 -15862.93 346.76 355.55
 -15832.92 346.73 355.31
 -15802.90 346.69 355.07
 -15772.89 346.65 354.83
 -15742.87 346.62 354.59
 -15712.86 346.58 354.36
 -15682.84 346.54 354.13
 -15652.83 346.50 353.90
 -15622.81 346.46 353.67
 -15592.80 346.42 353.45
 -15562.78 346.38 353.23
 -15532.77 346.34 353.01
 -15502.75 346.30 352.79
 -15472.74 346.25 352.57
 -15442.72 346.21 352.36
 -15412.71 346.17 352.15
 -15382.69 346.12 351.94
 -15352.68 346.07 351.73
 -15322.66 346.03 351.52
 -15292.65 345.98 351.32
 -15262.63 345.93 351.12
 -15232.62 345.88 350.92
 -15202.60 345.84 350.72
 -15172.59 345.79 350.53
 -15142.57 345.74 350.33
 -15112.56 345.68 350.14
 -15082.54 345.63 349.95
 -15052.53 345.58 349.77
 -15022.51 345.53 349.58
 -14992.50 345.47 349.40
 -14962.48 345.42 349.21
 -14932.47 345.36 349.03
 -14902.45 345.31 348.86
 -14872.44 345.25 348.68
 -14842.42 345.20 348.50
 -14812.41 345.14 348.33
 -14782.39 345.08 348.16
 -14752.38 345.02 347.99
 -14722.36 344.96 347.82
 -14692.35 344.90 347.66
 -14662.33 344.84 347.49
 -14632.32 344.78 347.33
 -14602.30 344.72 347.17
 -14572.29 344.66 347.01
 -14542.27 344.59 346.85
 -14512.26 344.53 346.70
 -14482.24 344.47 346.55
 -14452.23 344.40 346.39
 -14422.21 344.34 346.24
 -14392.20 344.27 346.09
 -14362.18 344.21 345.94
 -14332.17 344.14 345.80
 -14302.15 344.07 345.65
 -14272.14 344.00 345.51
 -14242.12 343.93 345.37
 -14212.11 343.87 345.23
 -14182.09 343.80 345.09
 -14152.08 343.73 344.95
 -14122.06 343.65 344.82
 -14092.05 343.58 344.68
 -14062.03 343.51 344.55
 -14032.02 343.44 344.42
 -14002.00 343.37 344.29
 -13971.99 343.29 344.16
 -13941.97 343.22 344.03
 -13911.96 343.14 343.90
 -13881.94 343.07 343.78
 -13851.93 342.99 343.66
 -13821.91 342.92 343.53
 -13791.90 342.84 343.41
 -13761.88 342.76 343.29
 -13731.87 342.69 343.18
 -13701.85 342.61 343.06
 -13671.84 342.53 342.94
 -13641.82 342.45 342.83
 -13611.81 342.37 342.71
 -13581.79 342.29 342.60
 -13551.78 342.21 342.49
 -13521.76 342.13 342.38
 -13491.75 342.05 342.27
 -13461.73 341.97 342.16
 -13431.72 341.88 342.06
 -13401.70 341.80 341.95
 -13371.69 341.72 341.85
 -13341.67 341.63 341.75
 -13311.66 341.55 341.64
 -13281.64 341.46 341.54
 -13251.63 341.38 341.44
 -13221.61 341.29 341.34
 -13191.60 341.21 341.25
 -13161.58 341.12 341.15
 -13131.57 341.03 341.05
 -13101.55 340.95 340.96
 -13071.54 340.86 340.87
 -13041.52 340.77 340.77
 -13011.51 340.68 340.68
 -12981.49 340.59 340.59
 -12951.48 340.50 340.50
 -12921.46 340.41 340.41
 -12891.45 340.32 340.32
 -12861.43 340.23 340.23
 -12831.42 340.14 340.14
 -12801.40 340.05 340.05
 -12771.39 339.96 339.96
 -12741.37 339.86 339.86
 -12711.36 339.77 339.77
 -12681.34 339.68 339.68
 -12651.33 339.59 339.59
 -12621.31 339.49 339.49
 -12591.30 339.40 339.40
 -12561.28 339.30 339.30
 -12531.27 339.21 339.21
 -12501.25 339.11 339.11
 -12471.24 339.02 339.02
 -12441.22 338.92 338.92
 -12411.21 338.82 338.82
 -12381.19 338.73 338.73
 -12351.18 338.63 338.63
 -12321.16 338.53 338.53
 -12291.15 338.43 338.43
 -12261.13 338.34 338.34
 -12231.12 338.24 338.24
 -12201.10 338.14 338.14
 -12171.09 338.04 338.04
 -12141.07 337.94 337.94
 -12111.06 337.84 337.84
 -12081.04 337.74 337.74
 -12051.03 337.64 337.64
 -12021.01 337.54 337.54
 -11991.00 337.44 337.44
 -11960.98 337.34 337.34
 -11930.97 337.24 337.24
 -11900.95 337.13 337.13
 -11870.94 337.03 337.03
 -11840.92 336.93 336.93
 -11810.91 336.83 336.83
 -11780.89 336.72 336.72
 -11750.88 336.62 336.62
 -11720.86 336.52 336.52
 -11690.85 336.41 336.41
 -11660.83 336.31 336.31
 -11630.82 336.20 336.20
 -11600.80 336.10 336.10
 -11570.79 335.99 335.99
 -11540.77 335.89 335.89
 -11510.76 335.78 335.78
 -11480.74 335.68 335.68
 -11450.73 335.57 335.57
 -11420.71 335.46 335.46
 -11390.70 335.36 335.36
 -11360.68 335.25 335.25
 -11330.67 335.14 335.14
 -11300.65 335.04 335.04
 -11270.64 334.93 334.93
 -11240.62 334.82 334.82
 -11210.61 334.72 334.72
 -11180.59 334.61 334.61
 -11150.58 334.50 334.50
 -11120.56 334.39 334.39
 -11090.55 334.28 334.28
 -11060.53 334.17 334.17
 -11030.52 334.06 334.06
 -11000.50 333.95 333.95
 -10970.49 333.85 333.85
 -10940.47 333.74 333.74
 -10910.46 333.63 333.63
 -10880.44 333.52 333.52
 -10850.43 333.41 333.41
 -10820.41 333.30 333.30
 -10790.40 333.19 333.19
 -10760.38 333.07 333.07
 -10730.37 332.96 332.96
 -10700.35 332.85 332.85
 -10670.34 332.74 332.74
 -10640.32 332.63 332.63
 -10610.31 332.52 332.52
 -10580.29 332.41 332.41
 -10550.28 332.30 332.30
 -10520.26 332.18 332.18
 -10490.25 332.07 332.07
 -10460.23 331.96 331.96
 -10430.22 331.85 331.85
 -10400.20 331.74 331.74
 -10370.19 331.62 331.62
 -10340.17 331.51 331.51
 -10310.16 331.40 331.40
 -10280.14 331.28 331.28
 -10250.13 331.17 331.17
 -10220.11 331.06 331.06
 -10190.10 330.95 330.95
 -10160.08 330.83 330.83
 -10130.07 330.72 330.72
 -10100.05 330.61 330.61
 -10070.04 330.49 330.49
 -10040.02 330.38 330.38
 -10010.01 330.27 330.27
  -9979.99 330.15 330.15
  -9949.97 330.04 330.04
  -9919.96 329.92 329.92
  -9889.94 329.81 329.81
  -9859.93 329.70 329.70
  -9829.91 329.58 329.58
  -9799.90 329.47 329.47
  -9769.88 329.35 329.35
  -9739.87 329.24 329.24
  -9709.85 329.13 329.13
  -9679.84 329.01 329.01
  -9649.82 328.90 328.90
  -9619.81 328.78 328.78
  -9589.79 328.67 328.67
  -9559.78 328.55 328.55
  -9529.76 328.44 328.44
  -9499.75 328.32 328.32
  -9469.73 328.21 328.21
  -9439.72 328.10 328.10
  -9409.70 327.98 327.98
  -9379.69 327.87 327.87
  -9349.67 327.75 327.75
  -9319.66 327.64 327.64
  -9289.64 327.52 327.52
  -9259.63 327.41 327.41
  -9229.61 327.29 327.29
  -9199.60 327.18 327.18
  -9169.58 327.06 327.06
  -9139.57 326.95 326.95
  -9109.55 326.84 326.84
  -9079.54 326.72 326.72
  -9049.52 326.61 326.61
  -9019.51 326.49 326.49
  -8989.49 326.38 326.38
  -8959.48 326.26 326.26
  -8929.46 326.15 326.15
  -8899.45 326.03 326.03
  -8869.43 325.92 325.92
  -8839.42 325.81 325.81
  -8809.40 325.69 325.69
  -8779.39 325.58 325.58
  -8749.37 325.46 325.46
  -8719.36 325.35 325.35
  -8689.34 325.24 325.24
  -8659.33 325.12 325.12
  -8629.31 325.01 325.01
  -8599.30 324.89 324.89
  -8569.28 324.78 324.78
  -8539.27 324.67 324.67
  -8509.25 324.55 324.55
  -8479.24 324.44 324.44
  -8449.22 324.33 324.33
  -8419.21 324.21 324.21
  -8389.19 324.10 324.10
  -8359.18 323.99 323.99
  -8329.16 323.87 323.87
  -8299.15 323.76 323.76
  -8269.13 323.65 323.65
  -8239.12 323.54 323.54
  -8209.10 323.42 323.42
  -8179.09 323.31 323.31
  -8149.07 323.20 323.20
  -8119.06 323.09 323.09
  -8089.04 322.98 322.98
  -8059.03 322.86 322.86
  -8029.01 322.75 322.75
  -7999.00 322.64 322.64
  -7968.98 322.53 322.53
  -7938.97 322.42 322.42
  -7908.95 322.31 322.31
  -7878.94 322.20 322.20
  -7848.92 322.08 322.08
  -7818.91 321.97 321.97
  -7788.89 321.86 321.86
  -7758.88 321.75 321.75
  -7728.86 321.64 321.64
  -7698.85 321.53 321.53
  -7668.83 321.42 321.42
  -7638.82 321.31 321.31
  -7608.80 321.20 321.20
  -7578.79 321.09 321.09
  -7548.77 320.98 320.98
  -7518.76 320.88 320.88
  -7488.74 320.77 320.77
  -7458.73 320.66 320.66
  -7428.71 320.55 320.55
  -7398.70 320.44 320.44
  -7368.68 320.33 320.33
  -7338.67 320.23 320.23
  -7308.65 320.12 320.12
  -7278.64 320.01 320.01
  -7248.62 319.90 319.90
  -7218.61 319.80 319.80
  -7188.59 319.69 319.69
  -7158.58 319.58 319.58
  -7128.56 319.48 319.48
  -7098.55 319.37 319.37
  -7068.53 319.26 319.26
  -7038.52 319.16 319.16
  -7008.50 319.05 319.05
  -6978.49 318.95 318.95
  -6948.47 318.84 318.84
  -6918.46 318.74 318.74
  -6888.44 318.63 318.63
  -6858.43 318.53 318.53
  -6828.41 318.42 318.42
  -6798.40 318.32 318.32
  -6768.38 318.22 318.22
  -6738.37 318.11 318.11
  -6708.35 318.01 318.01
  -6678.34 317.91 317.91
  -6648.32 317.80 317.80
  -6618.31 317.70 317.70
  -6588.29 317.60 317.60
  -6558.28 317.50 317.50
  -6528.26 317.40 317.40
  -6498.25 317.29 317.29
  -6468.23 317.19 317.19
  -6438.22 317.09 317.09
  -6408.20 316.99 316.99
  -6378.19 316.89 316.89
  -6348.17 316.79 316.79
  -6318.16 316.69 316.69
  -6288.14 316.59 316.59
  -6258.13 316.49 316.49
  -6228.11 316.40 316.40
  -6198.10 316.30 316.30
  -6168.08 316.20 316.20
  -6138.07 316.10 316.10
  -6108.05 316.00 316.00
  -6078.04 315.91 315.91
  -6048.02 315.81 315.81
  -6018.01 315.71 315.71
  -5987.99 315.62 315.62
  -5957.98 315.52 315.52
  -5927.96 315.43 315.43
  -5897.95 315.33 315.33
  -5867.93 315.24 315.24
  -5837.92 315.14 315.14
  -5807.90 315.05 315.05
  -5777.89 314.95 314.95
  -5747.87 314.86 314.86
  -5717.86 314.77 314.77
  -5687.84 314.67 314.67
  -5657.83 314.58 314.58
  -5627.81 314.49 314.49
  -5597.80 314.40 314.40
  -5567.78 314.30 314.30
  -5537.77 314.21 314.21
  -5507.75 314.12 314.12
  -5477.74 314.03 314.03
  -5447.72 313.94 313.94
  -5417.71 313.85 313.85
  -5387.69 313.76 313.76
  -5357.68 313.67 313.67
  -5327.66 313.58 313.58
  -5297.65 313.50 313.50
  -5267.63 313.41 313.41
  -5237.62 313.32 313.32
  -5207.60 313.23 313.23
  -5177.59 313.15 313.15
  -5147.57 313.06 313.06
  -5117.56 312.97 312.97
  -5087.54 312.89 312.89
  -5057.53 312.80 312.80
  -5027.51 312.72 312.72
  -4997.50 312.63 312.63
  -4967.48 312.55 312.55
  -4937.47 312.46 312.46
  -4907.45 312.38 312.38
  -4877.44 312.30 312.30
  -4847.42 312.22 312.22
  -4817.41 312.13 312.13
  -4787.39 312.05 312.05
  -4757.38 311.97 311.97
  -4727.36 311.89 311.89
  -4697.35 311.81 311.81
  -4667.33 311.73 311.73
  -4637.32 311.65 311.65
  -4607.30 311.57 311.57
  -4577.29 311.49 311.49
  -4547.27 311.41 311.41
  -4517.26 311.33 311.33
  -4487.24 311.26 311.26
  -4457.23 311.18 311.18
  -4427.21 311.10 311.10
  -4397.20 311.03 311.03
  -4367.18 310.95 310.95
  -4337.17 310.87 310.87
  -4307.15 310.80 310.80
  -4277.14 310.72 310.72
  -4247.12 310.65 310.65
  -4217.11 310.58 310.58
  -4187.09 310.50 310.50
  -4157.08 310.43 310.43
  -4127.06 310.36 310.36
  -4097.05 310.29 310.29
  -4067.03 310.21 310.21
  -4037.02 310.14 310.14
  -4007.00 310.07 310.07
  -3976.99 310.00 310.00
  -3946.97 309.93 309.93
  -3916.96 309.86 309.86
  -3886.94 309.79 309.79
  -3856.93 309.73 309.73
  -3826.91 309.66 309.66
  -3796.90 309.59 309.59
  -3766.88 309.52 309.52
  -3736.87 309.46 309.46
  -3706.85 309.39 309.39
  -3676.84 309.33 309.33
  -3646.82 309.26 309.26
  -3616.81 309.20 309.20
  -3586.79 309.13 309.13
  -3556.78 309.07 309.07
  -3526.76 309.00 309.00
  -3496.75 308.94 308.94
  -3466.73 308.88 308.88
  -3436.72 308.82 308.82
  -3406.70 308.76 308.76
  -3376.69 308.70 308.70
  -3346.67 308.63 308.63
  -3316.66 308.58 308.58
  -3286.64 308.52 308.52
  -3256.63 308.46 308.46
  -3226.61 308.40 308.40
  -3196.60 308.34 308.34
  -3166.58 308.28 308.28
  -3136.57 308.23 308.23
  -3106.55 308.17 308.17
  -3076.54 308.11 308.11
  -3046.52 308.06 308.06
  -3016.51 308.00 308.00
  -2986.49 307.95 307.95
  -2956.48 307.90 307.90
  -2926.46 307.84 307.84
  -2896.45 307.79 307.79
  -2866.43 307.74 307.74
  -2836.42 307.68 307.68
  -2806.40 307.63 307.63
  -2776.39 307.58 307.58
  -2746.37 307.53 307.53
  -2716.36 307.48 307.48
  -2686.34 307.43 307.43
  -2656.33 307.38 307.38
  -2626.31 307.34 307.34
  -2596.30 307.29 307.29
  -2566.28 307.24 307.24
  -2536.27 307.19 307.19
  -2506.25 307.15 307.15
  -2476.24 307.10 307.10
  -2446.22 307.06 307.06
  -2416.21 307.01 307.01
  -2386.19 306.97 306.97
  -2356.18 306.92 306.92
  -2326.16 306.88 306.88
  -2296.15 306.84 306.84
  -2266.13 306.80 306.80
  -2236.12 306.75 306.75
  -2206.10 306.71 306.71
  -2176.09 306.67 306.67
  -2146.07 306.63 306.63
  -2116.06 306.59 306.59
  -2086.04 306.56 306.56
  -2056.03 306.52 306.52
  -2026.01 306.48 306.48
  -1996.00 306.44 306.44
  -1965.98 306.40 306.40
  -1935.97 306.37 306.37
  -1905.95 306.33 306.33
  -1875.94 306.30 306.30
  -1845.92 306.26 306.26
  -1815.91 306.23 306.23
  -1785.89 306.20 306.20
  -1755.88 306.16 306.16
  -1725.86 306.13 306.13
  -1695.85 306.10 306.10
  -1665.83 306.07 306.07
  -1635.82 306.04 306.04
  -1605.80 306.01 306.01
  -1575.79 305.98 305.98
  -1545.77 305.95 305.95
  -1515.76 305.92 305.92
  -1485.74 305.89 305.89
  -1455.73 305.86 305.86
  -1425.71 305.84 305.84
  -1395.70 305.81 305.81
  -1365.68 305.78 305.78
  -1335.67 305.76 305.76
  -1305.65 305.73 305.73
  -1275.64 305.71 305.71
  -1245.62 305.69 305.69
  -1215.61 305.66 305.66
  -1185.59 305.64 305.64
  -1155.58 305.62 305.62
  -1125.56 305.60 305.60
  -1095.55 305.58 305.58
  -1065.53 305.56 305.56
  -1035.52 305.54 305.54
  -1005.50 305.52 305.52
   -975.49 305.50 305.50
   -945.47 305.48 305.48
   -915.46 305.46 305.46
   -885.44 305.45 305.45
   -855.43 305.43 305.43
   -825.41 305.42 305.42
   -795.40 305.40 305.40
   -765.38 305.39 305.39
   -735.37 305.37 305.37
   -705.35 305.36 305.36
   -675.34 305.34 305.34
   -645.32 305.33 305.33
   -615.31 305.32 305.32
   -585.29 305.31 305.31
   -555.28 305.30 305.30
   -525.26 305.29 305.29
   -495.25 305.28 305.28
   -465.23 305.27 305.27
   -435.22 305.26 305.26
   -405.20 305.25 305.25
   -375.19 305.25 305.25
   -345.17 305.24 305.24
   -315.16 305.23 305.23
   -285.14 305.23 305.23
   -255.13 305.22 305.22
   -225.11 305.22 305.22
   -195.10 305.21 305.21
   -165.08 305.21 305.21
   -135.07 305.21 305.21
   -105.05 305.21 305.21
    -75.04 305.20 305.20
    -45.02 305.20 305.20
    -15.01 305.20 305.20
     15.01 305.20 305.20
     45.02 305.20 305.20
     75.04 305.20 305.20
    105.05 305.21 305.21
    135.07 305.21 305.21
    165.08 305.21 305.21
    195.10 305.21 305.21
    225.11 305.22 305.22
    255.13 305.22 305.22
    285.14 305.23 305.23
    315.16 305.23 305.23
    345.17 305.24 305.24
    375.19 305.25 305.25
    405.20 305.25 305.25
    435.22 305.26 305.26
    465.23 305.27 305.27
    495.25 305.28 305.28
    525.26 305.29 305.29
    555.28 305.30 305.30
    585.29 305.31 305.31
    615.31 305.32 305.32
    645.32 305.33 305.33
    675.34 305.34 305.34
    705.35 305.36 305.36
    735.37 305.37 305.37
    765.38 305.39 305.39
    795.40 305.40 305.40
    825.41 305.42 305.42
    855.43 305.43 305.43
    885.44 305.45 305.45
    915.46 305.46 305.46
    945.47 305.48 305.48
    975.49 305.50 305.50
   1005.50 305.52 305.52
   1035.52 305.54 305.54
   1065.53 305.56 305.56
   1095.55 305.58 305.58
   1125.56 305.60 305.60
   1155.58 305.62 305.62
   1185.59 305.64 305.64
   1215.61 305.66 305.66
   1245.62 305.69 305.69
   1275.64 305.71 305.71
   1305.65 305.73 305.73
   1335.67 305.76 305.76
   1365.68 305.78 305.78
   1395.70 305.81 305.81
   1425.71 305.84 305.84
   1455.73 305.86 305.86
   1485.74 305.89 305.89
   1515.76 305.92 305.92
   1545.77 305.95 305.95
   1575.79 305.98 305.98
   1605.80 306.01 306.01
   1635.82 306.04 306.04
   1665.83 306.07 306.07
   1695.85 306.10 306.10
   1725.86 306.13 306.13
   1755.88 306.16 306.16
   1785.89 306.20 306.20
   1815.91 306.23 306.23
   1845.92 306.26 306.26
   1875.94 306.30 306.30
   1905.95 306.33 306.33
   1935.97 306.37 306.37
   1965.98 306.40 306.40
   1996.00 306.44 306.44
   2026.01 306.48 306.48
   2056.03 306.52 306.52
   2086.04 306.56 306.56
   2116.06 306.59 306.59
   2146.07 306.63 306.63
   2176.09 306.67 306.67
   2206.10 306.71 306.71
   2236.12 306.75 306.75
   2266.13 306.80 306.80
   2296.15 306.84 306.84
   2326.16 306.88 306.88
   2356.18 306.92 306.92
   2386.19 306.97 306.97
   2416.21 307.01 307.01
   2446.22 307.06 307.06
   2476.24 307.10 307.10
   2506.25 307.15 307.15
   2536.27 307.19 307.19
   2566.28 307.24 307.24
   2596.30 307.29 307.29
   2626.31 307.34 307.34
   2656.33 307.38 307.38
   2686.34 307.43 307.43
   2716.36 307.48 307.48
   2746.37 307.53 307.53
   2776.39 307.58 307.58
   2806.40 307.63 307.63
   2836.42 307.68 307.68
   2866.43 307.74 307.74
   2896.45 307.79 307.79
   2926.46 307.84 307.84
   2956.48 307.90 307.90
   2986.49 307.95 307.95
   3016.51 308.00 308.00
   3046.52 308.06 308.06
   3076.54 308.11 308.11
   3106.55 308.17 308.17
   3136.57 308.23 308.23
   3166.58 308.28 308.28
   3196.60 308.34 308.34
   3226.61 308.40 308.40
   3256.63 308.46 308.46
   3286.64 308.52 308.52
   3316.66 308.58 308.58
   3346.67 308.63 308.63
   3376.69 308.70 308.70
   3406.70 308.76 308.76
   3436.72 308.82 308.82
   3466.73 308.88 308.88
   3496.75 308.94 308.94
   3526.76 309.00 309.00
   3556.78 309.07 309.07
   3586.79 309.13 309.13
   3616.81 309.20 309.20
   3646.82 309.26 309.26
   3676.84 309.33 309.33
   3706.85 309.39 309.39
   3736.87 309.46 309.46
   3766.88 309.52 309.52
   3796.90 309.59 309.59
   3826.91 309.66 309.66
   3856.93 309.73 309.73
   3886.94 309.79 309.79
   3916.96 309.86 309.86
   3946.97 309.93 309.93
   3976.99 310.00 310.00
   4007.00 310.07 310.07
   4037.02 310.14 310.14
   4067.03 310.21 310.21
   4097.05 310.29 310.29
   4127.06 310.36 310.36
   4157.08 310.43 310.43
   4187.09 310.50 310.50
   4217.11 310.58 310.58
   4247.12 310.65 310.65
   4277.14 310.72 310.72
   4307.15 310.80 310.80
   4337.17 310.87 310.87
   4367.18 310.95 310.95
   4397.20 311.03 311.03
   4427.21 311.10 311.10
   4457.23 311.18 311.18
   4487.24 311.26 311.26
   4517.26 311.33 311.33
   4547.27 311.41 311.41
   4577.29 311.49 311.49
   4607.30 311.57 311.57
   4637.32 311.65 311.65
   4667.33 311.73 311.73
   4697.35 311.81 311.81
   4727.36 311.89 311.89
   4757.38 311.97 311.97
   4787.39 312.05 312.05
   4817.41 312.13 312.13
   4847.42 312.22 312.22
   4877.44 312.30 312.30
   4907.45 312.38 312.38
   4937.47 312.46 312.46
   4967.48 312.55 312.55
   4997.50 312.63 312.63
   5027.51 312.72 312.72
   5057.53 312.80 312.80
   5087.54 312.89 312.89
   5117.56 312.97 312.97
   5147.57 313.06 313.06
   5177.59 313.15 313.15
   5207.60 313.23 313.23
   5237.62 313.32 313.32
   5267.63 313.41 313.41
   5297.65 313.50 313.50
   5327.66 313.58 313.58
   5357.68 313.67 313.67
   5387.69 313.76 313.76
   5417.71 313.85 313.85
   5447.72 313.94 313.94
   5477.74 314.03 314.03
   5507.75 314.12 314.12
   5537.77 314.21 314.21
   5567.78 314.30 314.30
   5597.80 314.40 314.40
   5627.81 314.49 314.49
   5657.83 314.58 314.58
   5687.84 314.67 314.67
   5717.86 314.77 314.77
   5747.87 314.86 314.86
   5777.89 314.95 314.95
   5807.90 315.05 315.05
   5837.92 315.14 315.14
   5867.93 315.24 315.24
   5897.95 315.33 315.33
   5927.96 315.43 315.43
   5957.98 315.52 315.52
   5987.99 315.62 315.62
   6018.01 315.71 315.71
   6048.02 315.81 315.81
   6078.04 315.91 315.91
   6108.05 316.00 316.00
   6138.07 316.10 316.10
   6168.08 316.20 316.20
   6198.10 316.30 316.30
   6228.11 316.40 316.40
   6258.13 316.49 316.49
   6288.14 316.59 316.59
   6318.16 316.69 316.69
   6348.17 316.79 316.79
   6378.19 316.89 316.89
   6408.20 316.99 316.99
   6438.22 317.09 317.09
   6468.23 317.19 317.19
   6498.25 317.29 317.29
   6528.26 317.40 317.40
   6558.28 317.50 317.50
   6588.29 317.60 317.60
   6618.31 317.70 317.70
   6648.32 317.80 317.80
   6678.34 317.91 317.91
   6708.35 318.01 318.01
   6738.37 318.11 318.11
   6768.38 318.22 318.22
   6798.40 318.32 318.32
   6828.41 318.42 318.42
   6858.43 318.53 318.53
   6888.44 318.63 318.63
   6918.46 318.74 318.74
   6948.47 318.84 318.84
   6978.49 318.95 318.95
   7008.50 319.05 319.05
   7038.52 319.16 319.16
   7068.53 319.26 319.26
   7098.55 319.37 319.37
   7128.56 319.48 319.48
   7158.58 319.58 319.58
   7188.59 319.69 319.69
   7218.61 319.80 319.80
   7248.62 319.90 319.90
   7278.64 320.01 320.01
   7308.65 320.12 320.12
   7338.67 320.23 320.23
   7368.68 320.33 320.33
   7398.70 320.44 320.44
   7428.71 320.55 320.55
   7458.73 320.66 320.66
   7488.74 320.77 320.77
   7518.76 320.88 320.88
   7548.77 320.98 320.98
   7578.79 321.09 321.09
   7608.80 321.20 321.20
   7638.82 321.31 321.31
   7668.83 321.42 321.42
   7698.85 321.53 321.53
   7728.86 321.64 321.64
   7758.88 321.75 321.75
   7788.89 321.86 321.86
   7818.91 321.97 321.97
   7848.92 322.08 322.08
   7878.94 322.20 322.20
   7908.95 322.31 322.31
   7938.97 322.42 322.42
   7968.98 322.53 322.53
   7999.00 322.64 322.64
   8029.01 322.75 322.75
   8059.03 322.86 322.86
   8089.04 322.98 322.98
   8119.06 323.09 323.09
   8149.07 323.20 323.20
   8179.09 323.31 323.31
   8209.10 323.42 323.42
   8239.12 323.54 323.54
   8269.13 323.65 323.65
   8299.15 323.76 323.76
   8329.16 323.87 323.87
   8359.18 323.99 323.99
   8389.19 324.10 324.10
   8419.21 324.21 324.21
   8449.22 324.33 324.33
   8479.24 324.44 324.44
   8509.25 324.55 324.55
   8539.27 324.67 324.67
   8569.28 324.78 324.78
   8599.30 324.89 324.89
   8629.31 325.01 325.01
   8659.33 325.12 325.12
   8689.34 325.24 325.24
   8719.36 325.35 325.35
   8749.37 325.46 325.46
   8779.39 325.58 325.58
   8809.40 325.69 325.69
   8839.42 325.81 325.81
   8869.43 325.92 325.92
   8899.45 326.03 326.03
   8929.46 326.15 326.15
   8959.48 326.26 326.26
   8989.49 326.38 326.38
   9019.51 326.49 326.49
   9049.52 326.61 326.61
   9079.54 326.72 326.72
   9109.55 326.84 326.84
   9139.57 326.95 326.95
   9169.58 327.06 327.06
   9199.60 327.18 327.18
   9229.61 327.29 327.29
   9259.63 327.41 327.41
   9289.64 327.52 327.52
   9319.66 327.64 327.64
   9349.67 327.75 327.75
   9379.69 327.87 327.87
   9409.70 327.98 327.98
   9439.72 328.10 328.10
   9469.73 328.21 328.21
   9499.75 328.32 328.32
   9529.76 328.44 328.44
   9559.78 328.55 328.55
   9589.79 328.67 328.67
   9619.81 328.78 328.78
   9649.82 328.90 328.90
   9679.84 329.01 329.01
   9709.85 329.13 329.13
   9739.87 329.24 329.24
   9769.88 329.35 329.35
   9799.90 329.47 329.47
   9829.91 329.58 329.58
   9859.93 329.70 329.70
   9889.94 329.81 329.81
   9919.96 329.92 329.92
   9949.97 330.04 330.04
   9979.99 330.15 330.15
  10010.01 330.27 330.27
  10040.02 330.38 330.38
  10070.04 330.49 330.49
  10100.05 330.61 330.61
  10130.07 330.72 330.72
  10160.08 330.83 330.83
  10190.10 330.95 330.95
  10220.11 331.06 331.06
  10250.13 331.17 331.17
  10280.14 331.28 331.28
  10310.16 331.40 331.40
  10340.17 331.51 331.51
  10370.19 331.62 331.62
  10400.20 331.74 331.74
  10430.22 331.85 331.85
  10460.23 331.96 331.96
  10490.25 332.07 332.07
  10520.26 332.18 332.18
  10550.28 332.30 332.30
  10580.29 332.41 332.41
  10610.31 332.52 332.52
  10640.32 332.63 332.63
  10670.34 332.74 332.74
  10700.35 332.85 332.85
  10730.37 332.96 332.96
  10760.38 333.07 333.07
  10790.40 333.19 333.19
  10820.41 333.30 333.30
  10850.43 333.41 333.41
  10880.44 333.52 333.52
  10910.46 333.63 333.63
  10940.47 333.74 333.74
  10970.49 333.85 333.85
  11000.50 333.95 333.95
  11030.52 334.06 334.06
  11060.53 334.17 334.17
  11090.55 334.28 334.28
  11120.56 334.39 334.39
  11150.58 334.50 334.50
  11180.59 334.61 334.61
  11210.61 334.72 334.72
  11240.62 334.82 334.82
  11270.64 334.93 334.93
  11300.65 335.04 335.04
  11330.67 335.14 335.14
  11360.68 335.25 335.25
  11390.70 335.36 335.36
  11420.71 335.46 335.46
  11450.73 335.57 335.57
  11480.74 335.68 335.68
  11510.76 335.78 335.78
  11540.77 335.89 335.89
  11570.79 335.99 335.99
  11600.80 336.10 336.10
  11630.82 336.20 336.20
  11660.83 336.31 336.31
  11690.85 336.41 336.41
  11720.86 336.52 336.52
  11750.88 336.62 336.62
  11780.89 336.72 336.72
  11810.91 336.83 336.83
  11840.92 336.93 336.93
  11870.94 337.03 337.03
  11900.95 337.13 337.13
  11930.97 337.24 337.24
  11960.98 337.34 337.34
  11991.00 337.44 337.44
  12021.01 337.54 337.54
  12051.03 337.64 337.64
  12081.04 337.74 337.74
  12111.06 337.84 337.84
  12141.07 337.94 337.94
  12171.09 338.04 338.04
  12201.10 338.14 338.14
  12231.12 338.24 338.24
  12261.13 338.34 338.34
  12291.15 338.43 338.43
  12321.16 338.53 338.53
  12351.18 338.63 338.63
  12381.19 338.73 338.73
  12411.21 338.82 338.82
  12441.22 338.92 338.92
  12471.24 339.02 339.02
  12501.25 339.11 339.11
  12531.27 339.21 339.21
  12561.28 339.30 339.30
  12591.30 339.40 339.40
  12621.31 339.49 339.49
  12651.33 339.59 339.59
  12681.34 339.68 339.68
  12711.36 339.77 339.77
  12741.37 339.86 339.86
  12771.39 339.96 339.96
  12801.40 340.05 340.05
  12831.42 340.14 340.14
  12861.43 340.23 340.23
  12891.45 340.32 340.32
  12921.46 340.41 340.41
  12951.48 340.50 340.50
  12981.49 340.59 340.59
  13011.51 340.68 340.68
  13041.52 340.77 340.77
  13071.54 340.86 340.87
  13101.55 340.95 340.96
  13131.57 341.03 341.05
  13161.58 341.12 341.15
  13191.60 341.21 341.25
  13221.61 341.29 341.34
  13251.63 341.38 341.44
  13281.64 341.46 341.54
  13311.66 341.55 341.64
  13341.67 341.63 341.75
  13371.69 341.72 341.85
  13401.70 341.80 341.95
  13431.72 341.88 342.06
  13461.73 341.97 342.16
  13491.75 342.05 342.27
  13521.76 342.13 342.38
  13551.78 342.21 342.49
  13581.79 342.29 342.60
  13611.81 342.37 342.71
  13641.82 342.45 342.83
  13671.84 342.53 342.94
  13701.85 342.61 343.06
  13731.87 342.69 343.18
  13761.88 342.76 343.29
  13791.90 342.84 343.41
  13821.91 342.92 343.53
  13851.93 342.99 343.66
  13881.94 343.07 343.78
  13911.96 343.14 343.90
  13941.97 343.22 344.03
  13971.99 343.29 344.16
  14002.00 343.37 344.29
  14032.02 343.44 344.42
  14062.03 343.51 344.55
  14092.05 343.58 344.68
  14122.06 343.65 344.82
  14152.08 343.73 344.95
  14182.09 343.80 345.09
  14212.11 343.87 345.23
  14242.12 343.93 345.37
  14272.14 344.00 345.51
  14302.15 344.07 345.65
  14332.17 344.14 345.80
  14362.18 344.21 345.94
  14392.20 344.27 346.09
  14422.21 344.34 346.24
  14452.23 344.40 346.39
  14482.24 344.47 346.55
  14512.26 344.53 346.70
  14542.27 344.59 346.85
  14572.29 344.66 347.01
  14602.30 344.72 347.17
  14632.32 344.78 347.33
  14662.33 344.84 347.49
  14692.35 344.90 347.66
  14722.36 344.96 347.82
  14752.38 345.02 347.99
  14782.39 345.08 348.16
  14812.41 345.14 348.33
  14842.42 345.20 348.50
  14872.44 345.25 348.68
  14902.45 345.31 348.86
  14932.47 345.36 349.03
  14962.48 345.42 349.21
  14992.50 345.47 349.40
  15022.51 345.53 349.58
  15052.53 345.58 349.77
  15082.54 345.63 349.95
  15112.56 345.68 350.14
  15142.57 345.74 350.33
  15172.59 345.79 350.53
  15202.60 345.84 350.72
  15232.62 345.88 350.92
  15262.63 345.93 351.12
  15292.65 345.98 351.32
  15322.66 346.03 351.52
  15352.68 346.07 351.73
  15382.69 346.12 351.94
  15412.71 346.17 352.15
  15442.72 346.21 352.36
  15472.74 346.25 352.57
  15502.75 346.30 352.79
  15532.77 346.34 353.01
  15562.78 346.38 353.23
  15592.80 346.42 353.45
  15622.81 346.46 353.67
  15652.83 346.50 353.90
  15682.84 346.54 354.13
  15712.86 346.58 354.36
  15742.87 346.62 354.59
  15772.89 346.65 354.83
  15802.90 346.69 355.07
  15832.92 346.73 355.31
  15862.93 346.76 355.55
  15892.95 346.79 355.80
  15922.96 346.83 356.05
  15952.98 346.86 356.30
  15982.99 346.89 356.55
  16013.01 346.92 356.80
  16043.02 346.95 357.06
  16073.04 346.98 357.32
  16103.05 347.01 357.58
  16133.07 347.04 357.85
  16163.08 347.07 358.12
  16193.10 347.09 358.39
  16223.11 347.12 358.66
  16253.13 347.14 358.93
  16283.14 347.17 359.21
  16313.16 347.19 359.49
  16343.17 347.21 359.77
  16373.19 347.24 360.06
  16403.20 347.26 360.35
  16433.22 347.28 360.64
  16463.23 347.30 360.93
  16493.25 347.32 361.23
  16523.26 347.34 361.53
  16553.28 347.35 361.83
  16583.29 347.37 362.14
  16613.31 347.39 362.44
  16643.32 347.40 362.75
  16673.34 347.42 363.07
  16703.35 347.43 363.38
  16733.37 347.44 363.70
  16763.38 347.45 364.03
  16793.40 347.46 364.35
  16823.41 347.47 364.68
  16853.43 347.48 365.01
  16883.44 347.49 365.34
  16913.46 347.50 365.68
  16943.47 347.51 366.02
  16973.49 347.51 366.36
  17003.50 347.52 366.71
  17033.52 347.52 367.06
  17063.53 347.53 367.41
  17093.55 347.53 367.77
  17123.56 347.53 368.12
  17153.58 347.53 368.49
  17183.59 347.54 368.85
  17213.61 347.53 369.22
  17243.62 347.53 369.59
  17273.64 347.53 369.96
  17303.65 347.53 370.34
  17333.67 347.53 370.72
  17363.68 347.52 371.11
  17393.70 347.52 371.50
  17423.71 347.51 371.89
  17453.73 347.50 372.28
  17483.74 347.49 372.68
  17513.76 347.49 373.08
  17543.77 347.48 373.49
  17573.79 347.47 373.90
  17603.80 347.45 374.31
  17633.82 347.44 374.72
  17663.83 347.43 375.14
  17693.85 347.41 375.57
  17723.86 347.40 375.99
  17753.88 347.38 376.42
  17783.89 347.37 376.86
  17813.91 347.35 377.29
  17843.92 347.33 377.73
  17873.94 347.31 378.18
  17903.95 347.29 378.63
  17933.97 347.27 379.08
  17963.98 347.25 379.54
  17994.00 347.23 380.00
  18024.01 347.20 380.46
  18054.03 347.18 380.93
  18084.04 347.15 381.40
  18114.06 347.13 381.87
  18144.07 347.10 382.35
  18174.09 347.07 382.84
  18204.10 347.04 383.33
  18234.12 347.01 383.82
  18264.13 346.98 384.31
  18294.15 346.95 384.81
  18324.16 346.92 385.32
  18354.18 346.88 385.82
  18384.19 346.85 386.34
  18414.21 346.81 386.85
  18444.22 346.78 387.37
  18474.24 346.74 387.90
  18504.25 346.70 388.43
  18534.27 346.66 388.96
  18564.28 346.62 389.50
  18594.30 346.58 390.04
  18624.31 346.54 390.59
  18654.33 346.50 391.14
  18684.34 346.46 391.70
  18714.36 346.41 392.26
  18744.37 346.37 392.83
  18774.39 346.32 393.40
  18804.40 346.27 393.97
  18834.42 346.22 394.55
  18864.43 346.17 395.13
  18894.45 346.12 395.72
  18924.46 346.07 396.32
  18954.48 346.02 396.91
  18984.49 345.97 397.52
  19014.51 345.91 398.13
  19044.52 345.86 398.74
  19074.54 345.80 399.36
  19104.55 345.75 399.98
  19134.57 345.69 400.61
  19164.58 345.63 401.24
  19194.60 345.57 401.88
  19224.61 345.51 402.52
  19254.63 345.45 403.17
  19284.64 345.38 403.83
  19314.66 345.32 404.48
  19344.67 345.26 405.15
  19374.69 345.19 405.82
  19404.70 345.12 406.49
  19434.72 345.06 407.17
  19464.73 344.99 407.86
  19494.75 344.92 408.55
  19524.76 344.85 409.25
  19554.78 344.78 409.95
  19584.79 344.71 410.66
  19614.81 344.63 411.37
  19644.82 344.56 412.09
  19674.84 344.48 412.82
  19704.85 344.41 413.55
  19734.87 344.33 414.29
  19764.88 344.25 415.03
  19794.90 344.17 415.78
  19824.91 344.09 416.54
  19854.93 344.01 417.30
  19884.94 343.93 418.07
  19914.96 343.85 418.84
  19944.97 343.76 419.62
  19974.99 343.68 420.41
  20005.00 343.59 421.20
  20035.02 343.50 422.00
  20065.03 343.42 422.80
  20095.05 343.33 423.61
  20125.06 343.24 424.43
  20155.08 343.15 425.26
  20185.09 343.05 426.09
  20215.11 342.96 426.92
  20245.12 342.87 427.77
  20275.14 342.77 428.62
  20305.15 342.68 429.48
  20335.17 342.58 430.34
  20365.18 342.48 431.22
  20395.20 342.38 432.10
  20425.21 342.28 432.98
  20455.23 342.18 433.87
  20485.24 342.08 434.77
  20515.26 341.98 435.68
  20545.27 341.87 436.60
  20575.29 341.77 437.52
  20605.30 341.66 438.45
  20635.32 341.56 439.39
  20665.33 341.45 440.33
  20695.35 341.34 441.28
  20725.36 341.23 442.24
  20755.38 341.12 443.21
  20785.39 341.01 444.19
  20815.41 340.89 445.17
  20845.42 340.78 446.16
  20875.44 340.66 447.16
  20905.45 340.55 448.17
  20935.47 340.43 449.18
  20965.48 340.31 450.21
  20995.50 340.19 451.24
  21025.51 340.07 452.28
  21055.53 339.95 453.33
  21085.54 339.83 454.39
  21115.56 339.71 455.45
  21145.57 339.58 456.53
  21175.59 339.46 457.61
  21205.60 339.33 458.70
  21235.62 339.21 459.80
  21265.63 339.08 460.91
  21295.65 338.95 462.03
  21325.66 338.82 463.16
  21355.68 338.69 464.30
  21385.69 338.56 465.44
  21415.71 338.42 466.60
  21445.72 338.29 467.77
  21475.74 338.15 468.94
  21505.75 338.02 470.12
  21535.77 337.88 471.32
  21565.78 337.74 472.52
  21595.80 337.60 473.74
  21625.81 337.46 474.96
  21655.83 337.32 476.19
  21685.84 337.18 477.44
  21715.86 337.03 478.69
  21745.87 336.89 479.96
  21775.89 336.74 481.23
  21805.90 336.60 482.52
  21835.92 336.45 483.81
  21865.93 336.30 485.12
  21895.95 336.15 486.44
  21925.96 336.00 487.76
  21955.98 335.85 489.10
  21985.99 335.70 490.45
  22016.01 335.55 491.81
  22046.02 335.39 493.19
  22076.04 335.24 494.57
  22106.05 335.08 495.97
  22136.07 334.92 497.37
  22166.08 334.76 498.79
  22196.10 334.60 500.22
  22226.11 334.44 501.67
  22256.13 334.28 503.12
  22286.14 334.12 504.59
  22316.16 333.95 506.07
  22346.17 333.79 507.56
  22376.19 333.62 509.06
  22406.20 333.46 510.58
  22436.22 333.29 512.11
  22466.23 333.12 513.65
  22496.25 332.95 515.21
  22526.26 332.78 516.77
  22556.28 332.61 518.36
  22586.29 332.44 519.95
  22616.31 332.26 521.56
  22646.32 332.09 523.18
  22676.34 331.91 524.82
  22706.35 331.74 526.47
  22736.37 331.56 528.13
  22766.38 331.38 529.81
  22796.40 331.20 531.50
  22826.41 331.02 533.20
  22856.43 330.84 534.92
  22886.44 330.65 536.66
  22916.46 330.47 538.41
  22946.47 330.28 540.17
  22976.49 330.10 541.95
  23006.50 329.91 543.75
  23036.52 329.72 545.56
  23066.53 329.54 547.38
  23096.55 329.35 549.23
  23126.56 329.16 551.08
  23156.58 328.96 552.96
  23186.59 328.77 554.84
  23216.61 328.58 556.75
  23246.62 328.38 558.67
  23276.64 328.19 560.61
  23306.65 327.99 562.56
  23336.67 327.79 564.54
  23366.68 327.59 566.52
  23396.70 327.39 568.53
  23426.71 327.19 570.55
  23456.73 326.99 572.59
  23486.74 326.79 574.65
  23516.76 326.58 576.73
  23546.77 326.38 578.82
  23576.79 326.17 580.93
  23606.80 325.97 583.06
  23636.82 325.76 585.21
  23666.83 325.55 587.38
  23696.85 325.34 589.56
  23726.86 325.13 591.77
  23756.88 324.92 593.99
  23786.89 324.71 596.24
  23816.91 324.49 598.50
  23846.92 324.28 600.78
  23876.94 324.06 603.08
  23906.95 323.85 605.41
  23936.97 323.63 607.75
  23966.98 323.41 610.11
  23997.00 323.19 612.50
  24027.01 322.97 614.90
  24057.03 322.75 617.33
  24087.04 322.53 619.77
  24117.06 322.30 622.24
  24147.07 322.08 624.73
  24177.09 321.85 627.24
  24207.10 321.63 629.78
  24237.12 321.40 632.33
  24267.13 321.17 634.91
  24297.15 320.94 637.51
  24327.16 320.71 640.13
  24357.18 320.48 642.78
  24387.19 320.25 645.45
  24417.21 320.02 648.14
  24447.22 319.79 650.86
  24477.24 319.55 653.60
  24507.25 319.31 656.36
  24537.27 319.08 659.15
  24567.28 318.84 661.96
  24597.30 318.60 664.80
  24627.31 318.36 667.66
  24657.33 318.12 670.55
  24687.34 317.88 673.46
  24717.36 317.64 676.39
  24747.37 317.40 679.36
  24777.39 317.15 682.35
  24807.40 316.91 685.36
  24837.42 316.66 688.40
  24867.43 316.41 691.47
  24897.45 316.17 694.56
  24927.46 315.92 697.68
  24957.48 315.67 700.83
  24987.49 315.42 704.00
  25017.51 315.16 707.21
  25047.52 314.91 710.44
  25077.54 314.66 713.69
  25107.55 314.40 716.98
  25137.57 314.15 720.29
  25167.58 313.89 723.64
  25197.60 313.64 727.01
  25227.61 313.38 730.41
  25257.63 313.12 733.84
  25287.64 312.86 737.30
  25317.66 312.60 740.79
  25347.67 312.34 744.31
  25377.69 312.07 747.86
  25407.70 311.81 751.43
  25437.72 311.55 755.04
  25467.73 311.28 758.68
  25497.75 311.02 762.36
  25527.76 310.75 766.06
  25557.78 310.48 769.79
  25587.79 310.21 773.56
  25617.81 309.94 777.35
  25647.82 309.67 781.18
  25677.84 309.40 785.04
  25707.85 309.13 788.93
  25737.87 308.85 792.86
  25767.88 308.58 796.82
  25797.90 308.31 800.81
  25827.91 308.03 804.83
  25857.93 307.75 808.89
  25887.94 307.48 812.98
  25917.96 307.20 817.10
  25947.97 306.92 821.26
  25977.99 306.64 825.45
  26008.00 306.36 829.67
  26038.02 306.07 833.93
  26068.03 305.79 838.22
  26098.05 305.51 842.55
  26128.06 305.22 846.91
  26158.08 304.94 851.31
  26188.09 304.65 855.74
  26218.11 304.37 860.21
  26248.12 304.08 864.71
  26278.14 303.79 869.25
  26308.15 303.50 873.82
  26338.17 303.21 878.43
  26368.18 302.92 883.07
  26398.20 302.63 887.75
  26428.21 302.33 892.47
  26458.23 302.04 897.22
  26488.24 301.74 902.00
  26518.26 301.45 906.83
  26548.27 301.15 911.69
  26578.29 300.86 916.58
  26608.30 300.56 921.51
  26638.32 300.26 926.48
  26668.33 299.96 931.49
  26698.35 299.66 936.53
  26728.36 299.36 941.61
  26758.38 299.06 946.72
  26788.39 298.75 951.87
  26818.41 298.45 957.06
  26848.42 298.15 962.28
  26878.44 297.84 967.54
  26908.45 297.54 972.84
  26938.47 297.23 978.17
  26968.48 296.92 983.54
  26998.50 296.61 988.94
  27028.51 296.31 994.39
  27058.53 296.00 999.86
  27088.54 295.68 1005.38
  27118.56 295.37 1010.93
  27148.57 295.06 1016.51
  27178.59 294.75 1022.13
  27208.60 294.43 1027.79
  27238.62 294.12 1033.48
  27268.63 293.81 1039.21
  27298.65 293.49 1044.97
  27328.66 293.17 1050.77
  27358.68 292.86 1056.60
  27388.69 292.54 1062.47
  27418.71 292.22 1068.37
  27448.72 291.90 1074.31
  27478.74 291.58 1080.28
  27508.75 291.26 1086.29
  27538.77 290.94 1092.33
  27568.78 290.61 1098.40
  27598.80 290.29 1104.51
  27628.81 289.97 1110.65
  27658.83 289.64 1116.83
  27688.84 289.32 1123.04
  27718.86 288.99 1129.28
  27748.87 288.66 1135.56
  27778.89 288.33 1141.87
  27808.90 288.01 1148.20
  27838.92 287.68 1154.58
  27868.93 287.35 1160.98
  27898.95 287.02 1167.41
  27928.96 286.69 1173.88
  27958.98 286.35 1180.37
  27988.99 286.02 1186.89
  28019.01 285.69 1193.45
  28049.02 285.35 1200.03
  28079.04 285.02 1206.64
  28109.05 284.68 1213.29
  28139.07 284.35 1219.95
  28169.08 284.01 1226.65
  28199.10 283.67 1233.37
  28229.11 283.34 1240.13
  28259.13 283.00 1246.90
  28289.14 282.66 1253.71
  28319.16 282.32 1260.53
  28349.17 281.98 1267.39
  28379.19 281.64 1274.26
  28409.20 281.30 1281.16
  28439.22 280.95 1288.09
  28469.23 280.61 1295.03
  28499.25 280.27 1302.00
  28529.26 279.92 1308.99
  28559.28 279.58 1316.00
  28589.29 279.23 1323.03
  28619.31 278.89 1330.07
  28649.32 278.54 1337.14
  28679.34 278.19 1344.23
  28709.35 277.84 1351.35
  28739.37 277.49 1358.49
  28769.38 277.15 1365.66
  28799.40 276.80 1372.86
  28829.41 276.45 1380.10
  28859.43 276.09 1387.38
  28889.44 275.74 1394.69
  28919.46 275.39 1402.02
  28949.47 275.04 1409.40
  28979.49 274.68 1416.80
  29009.50 274.33 1424.23
  29039.52 273.98 1431.69
  29069.53 273.62 1439.18
  29099.55 273.27 1446.70
  29129.56 272.91 1454.25
  29159.58 272.55 1461.82
  29189.59 272.20 1469.42
  29219.61 271.84 1477.04
  29249.62 271.48 1484.69
  29279.64 271.12 1492.37
  29309.65 270.76 1500.06
  29339.67 270.40 1507.78
  29369.68 270.04 1515.51
  29399.70 269.68 1523.27
  29429.71 269.32 1531.05
  29459.73 268.96 1538.84
  29489.74 268.59 1546.66
  29519.76 268.23 1554.48
  29549.77 267.87 1562.33
  29579.79 267.50 1570.19
  29609.80 267.14 1578.06
  29639.82 266.77 1585.94
  29669.83 266.41 1593.84
  29699.85 266.04 1601.75
  29729.86 265.68 1609.66
  29759.88 265.31 1617.59
  29789.89 264.94 1625.52
  29819.91 264.57 1633.46
  29849.92 264.21 1641.41
  29879.94 263.84 1649.36
  29909.95 263.47 1657.32
  29939.97 263.10 1665.27
  29969.98 262.73 1673.24
  30000.00 262.36 1681.20
