 -30000.00 159.61 1681.20
 -29969.98 159.81 1673.24
 -29939.97 160.01 1665.27
 -29909.95 160.21 1657.32
 -29879.94 160.41 1649.36
 -29849.92 160.60 1641.41
 -29819.91 160.80 1633.46
 -29789.89 161.00 1625.52
 -29759.88 161.20 1617.59
 -29729.86 161.39 1609.66
 -29699.85 161.59 1601.75
 -29669.83 161.79 1593.84
 -29639.82 161.99 1585.94
 -29609.80 162.18 1578.06
 -29579.79 162.38 1570.19
 -29549.77 162.58 1562.33
 -29519.76 162.78 1554.48
 -29489.74 162.97 1546.66
 -29459.73 163.17 1538.84
 -29429.71 163.37 1531.05
 -29399.70 163.57 1523.27
 -29369.68 163.76 1515.51
 -29339.67 163.96 1507.78
 -29309.65 164.16 1500.06
 -29279.64 164.35 1492.37
 -29249.62 164.55 1484.69
 -29219.61 164.75 1477.04
 -29189.59 164.94 1469.42
 -29159.58 165.14 1461.82
 -29129.56 165.34 1454.25
 -29099.55 165.53 1446.70
 -29069.53 165.73 1439.18
 -29039.52 165.93 1431.69
 -29009.50 166.12 1424.23
 -28979.49 166.32 1416.80
 -28949.47 166.51 1409.40
 -28919.46 166.71 1402.02
 -28889.44 166.91 1394.69
 -28859.43 167.10 1387.38
 -28829.41 167.30 1380.10
 -28799.40 167.50 1372.86
 -28769.38 167.69 1365.66
 -28739.37 167.89 1358.49
 -28709.35 168.08 1351.35
 -28679.34 168.28 1344.23
 -28649.32 168.47 1337.14
 -28619.31 168.67 1330.07
 -28589.29 168.87 1323.03
 -28559.28 169.06 1316.00
 -28529.26 169.26 1308.99
 -28499.25 169.45 1302.00
 -28469.23 169.65 1295.03
 -28439.22 169.84 1288.09
 -28409.20 170.04 1281.16
 -28379.19 170.23 1274.26
 -28349.17 170.43 1267.39
 -28319.16 170.62 1260.53
 -28289.14 170.82 1253.71
 -28259.13 171.01 1246.90
 -28229.11 171.21 1240.13
 -28199.10 171.40 1233.37
 -28169.08 171.60 1226.65
 -28139.07 171.79 1219.95
 -28109.05 171.98 1213.29
 -28079.04 172.18 1206.64
 -28049.02 172.37 1200.03
 -28019.01 172.57 1193.45
 -27988.99 172.76 1186.89
 -27958.98 172.96 1180.37
 -27928.96 173.15 1173.88
 -27898.95 173.34 1167.41
 -27868.93 173.54 1160.98
 -27838.92 173.73 1154.58
 -27808.90 173.93 1148.20
 -27778.89 174.12 1141.87
 -27748.87 174.31 1135.56
 -27718.86 174.51 1129.28
 -27688.84 174.70 1123.04
 -27658.83 174.89 1116.83
 -27628.81 175.09 1110.65
 -27598.80 175.28 1104.51
 -27568.78 175.47 1098.40
 -27538.77 175.67 1092.33
 -27508.75 175.86 1086.29
 -27478.74 176.05 1080.28
 -27448.72 176.24 1074.31
 -27418.71 176.44 1068.37
 -27388.69 176.63 1062.47
 -27358.68 176.82 1056.60
 -27328.66 177.01 1050.77
 -27298.65 177.21 1044.97
 -27268.63 177.40 1039.21
 -27238.62 177.59 1033.48
 -27208.60 177.78 1027.79
 -27178.59 177.97 1022.13
 -27148.57 178.17 1016.51
 -27118.56 178.36 1010.93
 -27088.54 178.55 1005.38
 -27058.53 178.74 999.86
 -27028.51 178.93 994.39
 -26998.50 179.12 988.94
 -26968.48 179.32 983.54
 -26938.47 179.51 978.17
 -26908.45 179.70 972.84
 -26878.44 179.89 967.54
 -26848.42 180.08 962.28
 -26818.41 180.27 957.06
 -26788.39 180.46 951.87
 -26758.38 180.65 946.72
 -26728.36 180.84 941.61
 -26698.35 181.03 936.53
 -26668.33 181.22 931.49
 -26638.32 181.41 926.48
 -26608.30 181.60 921.51
 -26578.29 181.79 916.58
 -26548.27 181.98 911.69
 -26518.26 182.17 906.83
 -26488.24 182.36 902.00
 -26458.23 182.55 897.22
 -26428.21 182.74 892.47
 -26398.20 182.93 887.75
 -26368.18 183.12 883.07
 -26338.17 183.31 878.43
 -26308.15 183.50 873.82
 -26278.14 183.69 869.25
 -26248.12 183.88 864.71
 -26218.11 184.07 860.21
 -26188.09 184.26 855.74
 -26158.08 184.45 851.31
 -26128.06 184.63 846.91
 -26098.05 184.82 842.55
 -26068.03 185.01 838.22
 -26038.02 185.20 833.93
 -26008.00 185.39 829.67
 -25977.99 185.58 825.45
 -25947.97 185.76 821.26
 -25917.96 185.95 817.10
 -25887.94 186.14 812.98
 -25857.93 186.33 808.89
 -25827.91 186.51 804.83
 -25797.90 186.70 800.81
 -25767.88 186.89 796.82
 -25737.87 187.08 792.86
 -25707.85 187.26 788.93
 -25677.84 187.45 785.04
 -25647.82 187.64 781.18
 -25617.81 187.82 777.35
 -25587.79 188.01 773.56
 -25557.78 188.20 769.79
 -25527.76 188.38 766.06
 -25497.75 188.57 762.36
 -25467.73 188.76 758.68
 -25437.72 188.94 755.04
 -25407.70 189.13 751.43
 -25377.69 189.31 747.86
 -25347.67 189.50 744.31
 -25317.66 189.69 740.79
 -25287.64 189.87 737.30
 -25257.63 190.06 733.84
 -25227.61 190.24 730.41
 -25197.60 190.43 727.01
 -25167.58 190.61 723.64
 -25137.57 190.80 720.29
 -25107.55 190.98 716.98
 -25077.54 191.17 713.69
 -25047.52 191.35 710.44
 -25017.51 191.54 707.21
 -24987.49 191.72 704.00
 -24957.48 191.90 700.83
 -24927.46 192.09 697.68
 -24897.45 192.27 694.56
 -24867.43 192.46 691.47
 -24837.42 192.64 688.40
 -24807.40 192.82 685.36
 -24777.39 193.01 682.35
 -24747.37 193.19 679.36
 -24717.36 193.37 676.39
 -24687.34 193.56 673.46
 -24657.33 193.74 670.55
 -24627.31 193.92 667.66
 -24597.30 194.10 664.80
 -24567.28 194.29 661.96
 -24537.27 194.47 659.15
 -24507.25 194.65 656.36
 -24477.24 194.83 653.60
 -24447.22 195.01 650.86
 -24417.21 195.20 648.14
 -24387.19 195.38 645.45
 -24357.18 195.56 642.78
 -24327.16 195.74 640.13
 -24297.15 195.92 637.51
 -24267.13 196.10 634.91
 -24237.12 196.29 632.33
 -24207.10 196.47 629.78
 -24177.09 196.65 627.24
 -24147.07 196.83 624.73
 -24117.06 197.01 622.24
 -24087.04 197.19 619.77
 -24057.03 197.37 617.33
 -24027.01 197.55 614.90
 -23997.00 197.73 612.50
 -23966.98 197.91 610.11
 -23936.97 198.09 607.75
 -23906.95 198.27 605.41
 -23876.94 198.45 603.08
 -23846.92 198.63 600.78
 -23816.91 198.81 598.50
 -23786.89 198.98 596.24
 -23756.88 199.16 593.99
 -23726.86 199.34 591.77
 -23696.85 199.52 589.56
 -23666.83 199.70 587.38
 -23636.82 199.88 585.21
 -23606.80 200.06 583.06
 -23576.79 200.23 580.93
 -23546.77 200.41 578.82
 -23516.76 200.59 576.73
 -23486.74 200.77 574.65
 -23456.73 200.94 572.59
 -23426.71 201.12 570.55
 -23396.70 201.30 568.53
 -23366.68 201.48 566.52
 -23336.67 201.65 564.54
 -23306.65 201.83 562.56
 -23276.64 202.01 560.61
 -23246.62 202.18 558.67
 -23216.61 202.36 556.75
 -23186.59 202.53 554.84
 -23156.58 202.71 552.96
 -23126.56 202.89 551.08
 -23096.55 203.06 549.23
 -23066.53 203.24 547.38
 -23036.52 203.41 545.56
 -23006.50 203.59 543.75
 -22976.49 203.76 541.95
 -22946.47 203.94 540.17
 -22916.46 204.11 538.41
 -22886.44 204.29 536.66
 -22856.43 204.46 534.92
 -22826.41 204.64 533.20
 -22796.40 204.81 531.50
 -22766.38 204.98 529.81
 -22736.37 205.16 528.13
 -22706.35 205.33 526.47
 -22676.34 205.50 524.82
 -22646.32 205.68 523.18
 -22616.31 205.85 521.56
 -22586.29 206.02 519.95
 -22556.28 206.20 518.36
 -22526.26 206.37 516.77
 -22496.25 206.54 515.21
 -22466.23 206.71 513.65
 -22436.22 206.89 512.11
 -22406.20 207.06 510.58
 -22376.19 207.23 509.06
 -22346.17 207.40 507.56
 -22316.16 207.57 506.07
 -22286.14 207.75 504.59
 -22256.13 207.92 503.12
 -22226.11 208.09 501.67
 -22196.10 208.26 500.22
 -22166.08 208.43 498.79
 -22136.07 208.60 497.37
 -22106.05 208.77 495.97
 -22076.04 208.94 494.57
 -22046.02 209.11 493.19
 -22016.01 209.28 491.81
 -21985.99 209.45 490.45
 -21955.98 209.62 489.10
 -21925.96 209.79 487.76
 -21895.95 209.96 486.44
 -21865.93 210.13 485.12
 -21835.92 210.30 483.81
 -21805.90 210.47 482.52
 -21775.89 210.64 481.23
 -21745.87 210.80 479.96
 -21715.86 210.97 478.69
 -21685.84 211.14 477.44
 -21655.83 211.31 476.19
 -21625.81 211.48 474.96
 -21595.80 211.64 473.74
 -21565.78 211.81 472.52
 -21535.77 211.98 471.32
 -21505.75 212.15 470.12
 -21475.74 212.31 468.94
 -21445.72 212.48 467.77
 -21415.71 212.65 466.60
 -21385.69 212.81 465.44
 -21355.68 212.98 464.30
 -21325.66 213.15 463.16
 -21295.65 213.31 462.03
 -21265.63 213.48 460.91
 -21235.62 213.64 459.80
 -21205.60 213.81 458.70
 -21175.59 213.97 457.61
 -21145.57 214.14 456.53
 -21115.56 214.30 455.45
 -21085.54 214.47 454.39
 -21055.53 214.63 453.33
 -21025.51 214.80 452.28
 -20995.50 214.96 451.24
 -20965.48 215.12 450.21
 -20935.47 215.29 449.18
 -20905.45 215.45 448.17
 -20875.44 215.62 447.16
 -20845.42 215.78 446.16
 -20815.41 215.94 445.17
 -20785.39 216.11 444.19
 -20755.38 216.27 443.21
 -20725.36 216.43 442.24
 -20695.35 216.59 441.28
 -20665.33 216.76 440.33
 -20635.32 216.92 439.39
 -20605.30 217.08 438.45
 -20575.29 217.24 437.52
 -20545.27 217.40 436.60
 -20515.26 217.56 435.68
 -20485.24 217.72 434.77
 -20455.23 217.89 433.87
 -20425.21 218.05 432.98
 -20395.20 218.21 432.10
 -20365.18 218.37 431.22
 -20335.17 218.53 430.34
 -20305.15 218.69 429.48
 -20275.14 218.85 428.62
 -20245.12 219.01 427.77
 -20215.11 219.17 426.92
 -20185.09 219.33 426.09
 -20155.08 219.49 425.26
 -20125.06 219.64 424.43
 -20095.05 219.80 423.61
 -20065.03 219.96 422.80
 -20035.02 220.12 422.00
 -20005.00 220.28 421.20
 -19974.99 220.44 420.41
 -19944.97 220.59 419.62
 -19914.96 220.75 418.84
 -19884.94 220.91 418.07
 -19854.93 221.07 417.30
 -19824.91 221.22 416.54
 -19794.90 221.38 415.78
 -19764.88 221.54 415.03
 -19734.87 221.69 414.29
 -19704.85 221.85 413.55
 -19674.84 222.01 412.82
 -19644.82 222.16 412.09
 -19614.81 222.32 411.37
 -19584.79 222.47 410.66
 -19554.78 222.63 409.95
 -19524.76 222.78 409.25
 -19494.75 222.94 408.55
 -19464.73 223.09 407.86
 -19434.72 223.25 407.17
 -19404.70 223.40 406.49
 -19374.69 223.56 405.82
 -19344.67 223.71 405.15
 -19314.66 223.86 404.48
 -19284.64 224.02 403.83
 -19254.63 224.17 403.17
 -19224.61 224.32 402.52
 -19194.60 224.48 401.88
 -19164.58 224.63 401.24
 -19134.57 224.78 400.61
 -19104.55 224.94 399.98
 -19074.54 225.09 399.36
 -19044.52 225.24 398.74
 -19014.51 225.39 398.13
 -18984.49 225.54 397.52
 -18954.48 225.69 396.91
 -18924.46 225.85 396.32
 -18894.45 226.00 395.72
 -18864.43 226.15 395.13
 -18834.42 226.30 394.55
 -18804.40 226.45 393.97
 -18774.39 226.60 393.40
 -18744.37 226.75 392.83
 -18714.36 226.90 392.26
 -18684.34 227.05 391.70
 -18654.33 227.20 391.14
 -18624.31 227.35 390.59
 -18594.30 227.50 390.04
 -18564.28 227.65 389.50
 -18534.27 227.79 388.96
 -18504.25 227.94 388.43
 -18474.24 228.09 387.90
 -18444.22 228.24 387.37
 -18414.21 228.39 386.85
 -18384.19 228.53 386.34
 -18354.18 228.68 385.82
 -18324.16 228.83 385.32
 -18294.15 228.98 384.81
 -18264.13 229.12 384.31
 -18234.12 229.27 383.82
 -18204.10 229.42 383.33
 -18174.09 229.56 382.84
 -18144.07 229.71 382.35
 -18114.06 229.85 381.87
 -18084.04 230.00 381.40
 -18054.03 230.15 380.93
 -18024.01 230.29 380.46
 -17994.00 230.44 380.00
 -17963.98 230.58 379.54
 -17933.97 230.72 379.08
 -17903.95 230.87 378.63
 -17873.94 231.01 378.18
 -17843.92 231.16 377.73
 -17813.91 231.30 377.29
 -17783.89 231.44 376.86
 -17753.88 231.59 376.42
 -17723.86 231.73 375.99
 -17693.85 231.87 375.57
 -17663.83 232.02 375.14
 -17633.82 232.16 374.72
 -17603.80 232.30 374.31
 -17573.79 232.44 373.90
 -17543.77 232.59 373.49
 -17513.76 232.73 373.08
 -17483.74 232.87 372.68
 -17453.73 233.01 372.28
 -17423.71 233.15 371.89
 -17393.70 233.29 371.50
 -17363.68 233.43 371.11
 -17333.67 233.57 370.72
 -17303.65 233.71 370.34
 -17273.64 233.85 369.96
 -17243.62 233.99 369.59
 -17213.61 234.13 369.22
 -17183.59 234.27 368.85
 -17153.58 234.41 368.49
 -17123.56 234.55 368.12
 -17093.55 234.69 367.77
 -17063.53 234.83 367.41
 -17033.52 234.97 367.06
 -17003.50 235.10 366.71
 -16973.49 235.24 366.36
 -16943.47 235.38 366.02
 -16913.46 235.52 365.68
 -16883.44 235.65 365.34
 -16853.43 235.79 365.01
 -16823.41 235.93 364.68
 -16793.40 236.06 364.35
 -16763.38 236.20 364.03
 -16733.37 236.34 363.70
 -16703.35 236.47 363.38
 -16673.34 236.61 363.07
 -16643.32 236.74 362.75
 -16613.31 236.88 362.44
 -16583.29 237.01 362.14
 -16553.28 237.15 361.83
 -16523.26 237.28 361.53
 -16493.25 237.42 361.23
 -16463.23 237.55 360.93
 -16433.22 237.69 360.64
 -16403.20 237.82 360.35
 -16373.19 237.95 360.06
 -16343.17 238.09 359.77
 -16313.16 238.22 359.49
 -16283.14 238.35 359.21
 -16253.13 238.49 358.93
 -16223.11 238.62 358.66
 -16193.10 238.75 358.39
 -16163.08 238.88 358.12
 -16133.07 239.01 357.85
 -16103.05 239.15 357.58
 -16073.04 239.28 357.32
 -16043.02 239.41 357.06
 -16013.01 239.54 356.80
 -15982.99 239.67 356.55
 -15952.98 239.80 356.30
 -15922.96 239.93 356.05
 -15892.95 240.06 355.80
 -15862.93 240.19 355.55
 -15832.92 240.32 355.31
 -15802.90 240.45 355.07
 -15772.89 240.58 354.83
 -15742.87 240.71 354.59
 -15712.86 240.84 354.36
 -15682.84 240.96 354.13
 -15652.83 241.09 353.90
 -15622.81 241.22 353.67
 -15592.80 241.35 353.45
 -15562.78 241.48 353.23
 -15532.77 241.60 353.01
 -15502.75 241.73 352.79
 -15472.74 241.86 352.57
 -15442.72 241.98 352.36
 -15412.71 242.11 352.15
 -15382.69 242.24 351.94
 -15352.68 242.36 351.73
 -15322.66 242.49 351.52
 -15292.65 242.61 351.32
 -15262.63 242.74 351.12
 -15232.62 242.86 350.92
 -15202.60 242.99 350.72
 -15172.59 243.11 350.53
 -15142.57 243.24 350.33
 -15112.56 243.36 350.14
 -15082.54 243.49 349.95
 -15052.53 243.61 349.77
 -15022.51 243.73 349.58
 -14992.50 243.86 349.40
 -14962.48 243.98 349.21
 -14932.47 244.10 349.03
 -14902.45 244.23 348.86
 -14872.44 244.35 348.68
 -14842.42 244.47 348.50
 -14812.41 244.59 348.33
 -14782.39 244.71 348.16
 -14752.38 244.84 347.99
 -14722.36 244.96 347.82
 -14692.35 245.08 347.66
 -14662.33 245.20 347.49
 -14632.32 245.32 347.33
 -14602.30 245.44 347.17
 -14572.29 245.56 347.01
 -14542.27 245.68 346.85
 -14512.26 245.80 346.70
 -14482.24 245.92 346.55
 -14452.23 246.04 346.39
 -14422.21 246.16 346.24
 -14392.20 246.28 346.09
 -14362.18 246.39 345.94
 -14332.17 246.51 345.80
 -14302.15 246.63 345.65
 -14272.14 246.75 345.51
 -14242.12 246.87 345.37
 -14212.11 246.98 345.23
 -14182.09 247.10 345.09
 -14152.08 247.22 344.95
 -14122.06 247.33 344.82
 -14092.05 247.45 344.68
 -14062.03 247.57 344.55
 -14032.02 247.68 344.42
 -14002.00 247.80 344.29
 -13971.99 247.91 344.16
 -13941.97 248.03 344.03
 -13911.96 248.14 343.90
 -13881.94 248.26 343.78
 -13851.93 248.37 343.66
 -13821.91 248.49 343.53
 -13791.90 248.60 343.41
 -13761.88 248.72 343.29
 -13731.87 248.83 343.18
 -13701.85 248.94 343.06
 -13671.84 249.06 342.94
 -13641.82 249.17 342.83
 -13611.81 249.28 342.71
 -13581.79 249.40 342.60
 -13551.78 249.51 342.49
 -13521.76 249.62 342.38
 -13491.75 249.73 342.27
 -13461.73 249.84 342.16
 -13431.72 249.95 342.06
 -13401.70 250.07 341.95
 -13371.69 250.18 341.85
 -13341.67 250.29 341.75
 -13311.66 250.40 341.64
 -13281.64 250.51 341.54
 -13251.63 250.62 341.44
 -13221.61 250.73 341.34
 -13191.60 250.84 341.25
 -13161.58 250.95 341.15
 -13131.57 251.05 341.05
 -13101.55 251.16 340.96
 -13071.54 251.27 340.87
 -13041.52 251.38 340.77
 -13011.51 251.49 340.68
 -12981.49 251.60 340.59
 -12951.48 251.70 340.50
 -12921.46 251.81 340.41
 -12891.45 251.92 340.33
 -12861.43 252.02 340.24
 -12831.42 252.13 340.15
 -12801.40 252.24 340.07
 -12771.39 252.34 339.98
 -12741.37 252.45 339.90
 -12711.36 252.56 339.82
 -12681.34 252.66 339.74
 -12651.33 252.77 339.66
 -12621.31 252.87 339.58
 -12591.30 252.98 339.50
 -12561.28 253.08 339.42
 -12531.27 253.18 339.34
 -12501.25 253.29 339.27
 -12471.24 253.39 339.19
 -12441.22 253.50 339.12
 -12411.21 253.60 339.04
 -12381.19 253.70 338.97
 -12351.18 253.80 338.90
 -12321.16 253.91 338.83
 -12291.15 254.01 338.76
 -12261.13 254.11 338.69
 -12231.12 254.21 338.62
 -12201.10 254.32 338.55
 -12171.09 254.42 338.48
 -12141.07 254.52 338.41
 -12111.06 254.62 338.35
 -12081.04 254.72 338.28
 -12051.03 254.82 338.22
 -12021.01 254.92 338.15
 -11991.00 255.02 338.09
 -11960.98 255.12 338.03
 -11930.97 255.22 337.97
 -11900.95 255.32 337.90
 -11870.94 255.42 337.84
 -11840.92 255.52 337.78
 -11810.91 255.61 337.72
 -11780.89 255.71 337.67
 -11750.88 255.81 337.61
 -11720.86 255.91 337.55
 -11690.85 256.01 337.49
 -11660.83 256.10 337.44
 -11630.82 256.20 337.38
 -11600.80 256.30 337.33
 -11570.79 256.39 337.27
 -11540.77 256.49 337.22
 -11510.76 256.59 337.16
 -11480.74 256.68 337.11
 -11450.73 256.78 337.06
 -11420.71 256.87 337.01
 -11390.70 256.97 336.96
 -11360.68 257.06 336.91
 -11330.67 257.16 336.86
 -11300.65 257.25 336.81
 -11270.64 257.35 336.76
 -11240.62 257.44 336.71
 -11210.61 257.53 336.66
 -11180.59 257.63 336.62
 -11150.58 257.72 336.57
 -11120.56 257.81 336.52
 -11090.55 257.91 336.48
 -11060.53 258.00 336.43
 -11030.52 258.09 336.39
 -11000.50 258.18 336.34
 -10970.49 258.27 336.30
 -10940.47 258.37 336.26
 -10910.46 258.46 336.21
 -10880.44 258.55 336.17
 -10850.43 258.64 336.13
 -10820.41 258.73 336.09
 -10790.40 258.82 336.05
 -10760.38 258.91 336.01
 -10730.37 259.00 335.97
 -10700.35 259.09 335.93
 -10670.34 259.18 335.89
 -10640.32 259.27 335.85
 -10610.31 259.36 335.81
 -10580.29 259.44 335.77
 -10550.28 259.53 335.74
 -10520.26 259.62 335.70
 -10490.25 259.71 335.66
 -10460.23 259.80 335.63
 -10430.22 259.88 335.59
 -10400.20 259.97 335.56
 -10370.19 260.06 335.52
 -10340.17 260.14 335.49
 -10310.16 260.23 335.45
 -10280.14 260.32 335.42
 -10250.13 260.40 335.38
 -10220.11 260.49 335.35
 -10190.10 260.57 335.32
 -10160.08 260.66 335.29
 -10130.07 260.74 335.25
 -10100.05 260.83 335.22
 -10070.04 260.91 335.19
 -10040.02 261.00 335.16
 -10010.01 261.08 335.13
  -9979.99 261.16 335.10
  -9949.97 261.25 335.07
  -9919.96 261.33 335.04
  -9889.94 261.41 335.01
  -9859.93 261.50 334.98
  -9829.91 261.58 334.96
  -9799.90 261.66 334.93
  -9769.88 261.74 334.90
  -9739.87 261.83 334.87
  -9709.85 261.91 334.84
  -9679.84 261.99 334.82
  -9649.82 262.07 334.79
  -9619.81 262.15 334.76
  -9589.79 262.23 334.74
  -9559.78 262.31 334.71
  -9529.76 262.39 334.69
  -9499.75 262.47 334.66
  -9469.73 262.55 334.64
  -9439.72 262.63 334.61
  -9409.70 262.71 334.59
  -9379.69 262.79 334.57
  -9349.67 262.86 334.54
  -9319.66 262.94 334.52
  -9289.64 263.02 334.50
  -9259.63 263.10 334.47
  -9229.61 263.18 334.45
  -9199.60 263.25 334.43
  -9169.58 263.33 334.41
  -9139.57 263.41 334.38
  -9109.55 263.48 334.36
  -9079.54 263.56 334.34
  -9049.52 263.64 334.32
  -9019.51 263.71 334.30
  -8989.49 263.79 334.28
  -8959.48 263.86 334.26
  -8929.46 263.94 334.24
  -8899.45 264.01 334.22
  -8869.43 264.09 334.20
  -8839.42 264.16 334.18
  -8809.40 264.24 334.16
  -8779.39 264.31 334.14
  -8749.37 264.38 334.13
  -8719.36 264.46 334.11
  -8689.34 264.53 334.09
  -8659.33 264.60 334.07
  -8629.31 264.67 334.05
  -8599.30 264.75 334.04
  -8569.28 264.82 334.02
  -8539.27 264.89 334.00
  -8509.25 264.96 333.98
  -8479.24 265.03 333.97
  -8449.22 265.10 333.95
  -8419.21 265.18 333.94
  -8389.19 265.25 333.92
  -8359.18 265.32 333.90
  -8329.16 265.39 333.89
  -8299.15 265.46 333.87
  -8269.13 265.53 333.86
  -8239.12 265.60 333.84
  -8209.10 265.66 333.83
  -8179.09 265.73 333.81
  -8149.07 265.80 333.80
  -8119.06 265.87 333.78
  -8089.04 265.94 333.77
  -8059.03 266.01 333.76
  -8029.01 266.07 333.74
  -7999.00 266.14 333.73
  -7968.98 266.21 333.72
  -7938.97 266.27 333.70
  -7908.95 266.34 333.69
  -7878.94 266.41 333.68
  -7848.92 266.47 333.66
  -7818.91 266.54 333.65
  -7788.89 266.60 333.64
  -7758.88 266.67 333.63
  -7728.86 266.74 333.62
  -7698.85 266.80 333.60
  -7668.83 266.86 333.59
  -7638.82 266.93 333.58
  -7608.80 266.99 333.57
  -7578.79 267.06 333.56
  -7548.77 267.12 333.55
  -7518.76 267.18 333.54
  -7488.74 267.25 333.53
  -7458.73 267.31 333.51
  -7428.71 267.37 333.50
  -7398.70 267.43 333.49
  -7368.68 267.50 333.48
  -7338.67 267.56 333.47
  -7308.65 267.62 333.46
  -7278.64 267.68 333.45
  -7248.62 267.74 333.44
  -7218.61 267.80 333.43
  -7188.59 267.86 333.43
  -7158.58 267.92 333.42
  -7128.56 267.98 333.41
  -7098.55 268.04 333.40
  -7068.53 268.10 333.39
  -7038.52 268.16 333.38
  -7008.50 268.22 333.37
  -6978.49 268.28 333.36
  -6948.47 268.34 333.35
  -6918.46 268.40 333.35
  -6888.44 268.46 333.34
  -6858.43 268.51 333.33
  -6828.41 268.57 333.32
  -6798.40 268.63 333.31
  -6768.38 268.69 333.31
  -6738.37 268.74 333.30
  -6708.35 268.80 333.29
  -6678.34 268.86 333.28
  -6648.32 268.91 333.28
  -6618.31 268.97 333.27
  -6588.29 269.02 333.26
  -6558.28 269.08 333.26
  -6528.26 269.13 333.25
  -6498.25 269.19 333.24
  -6468.23 269.24 333.24
  -6438.22 269.30 333.23
  -6408.20 269.35 333.22
  -6378.19 269.41 333.22
  -6348.17 269.46 333.21
  -6318.16 269.51 333.20
  -6288.14 269.57 333.20
  -6258.13 269.62 333.19
  -6228.11 269.67 333.19
  -6198.10 269.72 333.18
  -6168.08 269.78 333.17
  -6138.07 269.83 333.17
  -6108.05 269.88 333.16
  -6078.04 269.93 333.16
  -6048.02 269.98 333.15
  -6018.01 270.03 333.15
  -5987.99 270.08 333.14
  -5957.98 270.13 333.14
  -5927.96 270.18 333.13
  -5897.95 270.23 333.13
  -5867.93 270.28 333.12
  -5837.92 270.33 333.12
  -5807.90 270.38 333.11
  -5777.89 270.43 333.11
  -5747.87 270.48 333.10
  -5717.86 270.53 333.10
  -5687.84 270.57 333.10
  -5657.83 270.62 333.09
  -5627.81 270.67 333.09
  -5597.80 270.72 333.08
  -5567.78 270.76 333.08
  -5537.77 270.81 333.07
  -5507.75 270.86 333.07
  -5477.74 270.90 333.07
  -5447.72 270.95 333.06
  -5417.71 271.00 333.06
  -5387.69 271.04 333.06
  -5357.68 271.09 333.05
  -5327.66 271.13 333.05
  -5297.65 271.18 333.05
  -5267.63 271.22 333.04
  -5237.62 271.26 333.04
  -5207.60 271.31 333.04
  -5177.59 271.35 333.03
  -5147.57 271.40 333.03
  -5117.56 271.44 333.03
  -5087.54 271.48 333.02
  -5057.53 271.52 333.02
  -5027.51 271.57 333.02
  -4997.50 271.61 333.01
  -4967.48 271.65 333.01
  -4937.47 271.69 333.01
  -4907.45 271.73 333.01
  -4877.44 271.78 333.00
  -4847.42 271.82 333.00
  -4817.41 271.86 333.00
  -4787.39 271.90 332.99
  -4757.38 271.94 332.99
  -4727.36 271.98 332.99
  -4697.35 272.02 332.99
  -4667.33 272.06 332.99
  -4637.32 272.10 332.98
  -4607.30 272.14 332.98
  -4577.29 272.17 332.98
  -4547.27 272.21 332.98
  -4517.26 272.25 332.97
  -4487.24 272.29 332.97
  -4457.23 272.33 332.97
  -4427.21 272.36 332.97
  -4397.20 272.40 332.97
  -4367.18 272.44 332.96
  -4337.17 272.48 332.96
  -4307.15 272.51 332.96
  -4277.14 272.55 332.96
  -4247.12 272.58 332.96
  -4217.11 272.62 332.96
  -4187.09 272.65 332.95
  -4157.08 272.69 332.95
  -4127.06 272.72 332.95
  -4097.05 272.76 332.95
  -4067.03 272.79 332.95
  -4037.02 272.83 332.95
  -4007.00 272.86 332.94
  -3976.99 272.90 332.94
  -3946.97 272.93 332.94
  -3916.96 272.96 332.94
  -3886.94 273.00 332.94
  -3856.93 273.03 332.94
  -3826.91 273.06 332.94
  -3796.90 273.09 332.94
  -3766.88 273.12 332.93
  -3736.87 273.16 332.93
  -3706.85 273.19 332.93
  -3676.84 273.22 332.93
  -3646.82 273.25 332.93
  -3616.81 273.28 332.93
  -3586.79 273.31 332.93
  -3556.78 273.34 332.93
  -3526.76 273.37 332.93
  -3496.75 273.40 332.92
  -3466.73 273.43 332.92
  -3436.72 273.46 332.92
  -3406.70 273.49 332.92
  -3376.69 273.52 332.92
  -3346.67 273.54 332.92
  -3316.66 273.57 332.92
  -3286.64 273.60 332.92
  -3256.63 273.63 332.92
  -3226.61 273.66 332.92
  -3196.60 273.68 332.92
  -3166.58 273.71 332.92
  -3136.57 273.74 332.92
  -3106.55 273.76 332.91
  -3076.54 273.79 332.91
  -3046.52 273.81 332.91
  -3016.51 273.84 332.91
  -2986.49 273.87 332.91
  -2956.48 273.89 332.91
  -2926.46 273.91 332.91
  -2896.45 273.94 332.91
  -2866.43 273.96 332.91
  -2836.42 273.99 332.91
  -2806.40 274.01 332.91
  -2776.39 274.04 332.91
  -2746.37 274.06 332.91
  -2716.36 274.08 332.91
  -2686.34 274.10 332.91
  -2656.33 274.13 332.91
  -2626.31 274.15 332.91
  -2596.30 274.17 332.91
  -2566.28 274.19 332.91
  -2536.27 274.21 332.91
  -2506.25 274.24 332.90
  -2476.24 274.26 332.90
  -2446.22 274.28 332.90
  -2416.21 274.30 332.90
  -2386.19 274.32 332.90
  -2356.18 274.34 332.90
  -2326.16 274.36 332.90
  -2296.15 274.38 332.90
  -2266.13 274.40 332.90
  -2236.12 274.42 332.90
  -2206.10 274.43 332.90
  -2176.09 274.45 332.90
  -2146.07 274.47 332.90
  -2116.06 274.49 332.90
  -2086.04 274.51 332.90
  -2056.03 274.52 332.90
  -2026.01 274.54 332.90
  -1996.00 274.56 332.90
  -1965.98 274.58 332.90
  -1935.97 274.59 332.90
  -1905.95 274.61 332.90
  -1875.94 274.62 332.90
  -1845.92 274.64 332.90
  -1815.91 274.66 332.90
  -1785.89 274.67 332.90
  -1755.88 274.69 332.90
  -1725.86 274.70 332.90
  -1695.85 274.71 332.90
  -1665.83 274.73 332.90
  -1635.82 274.74 332.90
  -1605.80 274.76 332.90
  -1575.79 274.77 332.90
  -1545.77 274.78 332.90
  -1515.76 274.80 332.90
  -1485.74 274.81 332.90
  -1455.73 274.82 332.90
  -1425.71 274.83 332.90
  -1395.70 274.84 332.90
  -1365.68 274.86 332.90
  -1335.67 274.87 332.90
  -1305.65 274.88 332.90
  -1275.64 274.89 332.90
  -1245.62 274.90 332.90
  -1215.61 274.91 332.90
  -1185.59 274.92 332.90
  -1155.58 274.93 332.90
  -1125.56 274.94 332.90
  -1095.55 274.95 332.90
  -1065.53 274.96 332.90
  -1035.52 274.97 332.90
  -1005.50 274.98 332.90
   -975.49 274.99 332.90
   -945.47 274.99 332.90
   -915.46 275.00 332.90
   -885.44 275.01 332.90
   -855.43 275.02 332.90
   -825.41 275.02 332.90
   -795.40 275.03 332.90
   -765.38 275.04 332.90
   -735.37 275.04 332.90
   -705.35 275.05 332.90
   -675.34 275.05 332.90
   -645.32 275.06 332.90
   -615.31 275.07 332.90
   -585.29 275.07 332.90
   -555.28 275.08 332.90
   -525.26 275.08 332.90
   -495.25 275.08 332.90
   -465.23 275.09 332.90
   -435.22 275.09 332.90
   -405.20 275.10 332.90
   -375.19 275.10 332.90
   -345.17 275.10 332.90
   -315.16 275.10 332.90
   -285.14 275.11 332.90
   -255.13 275.11 332.90
   -225.11 275.11 332.90
   -195.10 275.11 332.90
   -165.08 275.11 332.90
   -135.07 275.12 332.90
   -105.05 275.12 332.90
    -75.04 275.12 332.90
    -45.02 275.12 332.90
    -15.01 275.12 332.90
     15.01 275.12 332.90
     45.02 275.12 332.90
     75.04 275.12 332.90
    105.05 275.12 332.90
    135.07 275.12 332.90
    165.08 275.11 332.90
    195.10 275.11 332.90
    225.11 275.11 332.90
    255.13 275.11 332.90
    285.14 275.11 332.90
    315.16 275.10 332.90
    345.17 275.10 332.90
    375.19 275.10 332.90
    405.20 275.10 332.90
    435.22 275.09 332.90
    465.23 275.09 332.90
    495.25 275.08 332.90
    525.26 275.08 332.90
    555.28 275.08 332.90
    585.29 275.07 332.90
    615.31 275.07 332.90
    645.32 275.06 332.90
    675.34 275.05 332.90
    705.35 275.05 332.90
    735.37 275.04 332.90
    765.38 275.04 332.90
    795.40 275.03 332.90
    825.41 275.02 332.90
    855.43 275.02 332.90
    885.44 275.01 332.90
    915.46 275.00 332.90
    945.47 274.99 332.90
    975.49 274.99 332.90
   1005.50 274.98 332.90
   1035.52 274.97 332.90
   1065.53 274.96 332.90
   1095.55 274.95 332.90
   1125.56 274.94 332.90
   1155.58 274.93 332.90
   1185.59 274.92 332.90
   1215.61 274.91 332.90
   1245.62 274.90 332.90
   1275.64 274.89 332.90
   1305.65 274.88 332.90
   1335.67 274.87 332.90
   1365.68 274.86 332.90
   1395.70 274.84 332.90
   1425.71 274.83 332.90
   1455.73 274.82 332.90
   1485.74 274.81 332.90
   1515.76 274.80 332.90
   1545.77 274.78 332.90
   1575.79 274.77 332.90
   1605.80 274.76 332.90
   1635.82 274.74 332.90
   1665.83 274.73 332.90
   1695.85 274.71 332.90
   1725.86 274.70 332.90
   1755.88 274.69 332.90
   1785.89 274.67 332.90
   1815.91 274.66 332.90
   1845.92 274.64 332.90
   1875.94 274.62 332.90
   1905.95 274.61 332.90
   1935.97 274.59 332.90
   1965.98 274.58 332.90
   1996.00 274.56 332.90
   2026.01 274.54 332.90
   2056.03 274.52 332.90
   2086.04 274.51 332.90
   2116.06 274.49 332.90
   2146.07 274.47 332.90
   2176.09 274.45 332.90
   2206.10 274.43 332.90
   2236.12 274.42 332.90
   2266.13 274.40 332.90
   2296.15 274.38 332.90
   2326.16 274.36 332.90
   2356.18 274.34 332.90
   2386.19 274.32 332.90
   2416.21 274.30 332.90
   2446.22 274.28 332.90
   2476.24 274.26 332.90
   2506.25 274.24 332.90
   2536.27 274.21 332.91
   2566.28 274.19 332.91
   2596.30 274.17 332.91
   2626.31 274.15 332.91
   2656.33 274.13 332.91
   2686.34 274.10 332.91
   2716.36 274.08 332.91
   2746.37 274.06 332.91
   2776.39 274.04 332.91
   2806.40 274.01 332.91
   2836.42 273.99 332.91
   2866.43 273.96 332.91
   2896.45 273.94 332.91
   2926.46 273.91 332.91
   2956.48 273.89 332.91
   2986.49 273.87 332.91
   3016.51 273.84 332.91
   3046.52 273.81 332.91
   3076.54 273.79 332.91
   3106.55 273.76 332.91
   3136.57 273.74 332.92
   3166.58 273.71 332.92
   3196.60 273.68 332.92
   3226.61 273.66 332.92
   3256.63 273.63 332.92
   3286.64 273.60 332.92
   3316.66 273.57 332.92
   3346.67 273.54 332.92
   3376.69 273.52 332.92
   3406.70 273.49 332.92
   3436.72 273.46 332.92
   3466.73 273.43 332.92
   3496.75 273.40 332.92
   3526.76 273.37 332.93
   3556.78 273.34 332.93
   3586.79 273.31 332.93
   3616.81 273.28 332.93
   3646.82 273.25 332.93
   3676.84 273.22 332.93
   3706.85 273.19 332.93
   3736.87 273.16 332.93
   3766.88 273.12 332.93
   3796.90 273.09 332.94
   3826.91 273.06 332.94
   3856.93 273.03 332.94
   3886.94 273.00 332.94
   3916.96 272.96 332.94
   3946.97 272.93 332.94
   3976.99 272.90 332.94
   4007.00 272.86 332.94
   4037.02 272.83 332.95
   4067.03 272.79 332.95
   4097.05 272.76 332.95
   4127.06 272.72 332.95
   4157.08 272.69 332.95
   4187.09 272.65 332.95
   4217.11 272.62 332.96
   4247.12 272.58 332.96
   4277.14 272.55 332.96
   4307.15 272.51 332.96
   4337.17 272.48 332.96
   4367.18 272.44 332.96
   4397.20 272.40 332.97
   4427.21 272.36 332.97
   4457.23 272.33 332.97
   4487.24 272.29 332.97
   4517.26 272.25 332.97
   4547.27 272.21 332.98
   4577.29 272.17 332.98
   4607.30 272.14 332.98
   4637.32 272.10 332.98
   4667.33 272.06 332.99
   4697.35 272.02 332.99
   4727.36 271.98 332.99
   4757.38 271.94 332.99
   4787.39 271.90 332.99
   4817.41 271.86 333.00
   4847.42 271.82 333.00
   4877.44 271.78 333.00
   4907.45 271.73 333.01
   4937.47 271.69 333.01
   4967.48 271.65 333.01
   4997.50 271.61 333.01
   5027.51 271.57 333.02
   5057.53 271.52 333.02
   5087.54 271.48 333.02
   5117.56 271.44 333.03
   5147.57 271.40 333.03
   5177.59 271.35 333.03
   5207.60 271.31 333.04
   5237.62 271.26 333.04
   5267.63 271.22 333.04
   5297.65 271.18 333.05
   5327.66 271.13 333.05
   5357.68 271.09 333.05
   5387.69 271.04 333.06
   5417.71 271.00 333.06
   5447.72 270.95 333.06
   5477.74 270.90 333.07
   5507.75 270.86 333.07
   5537.77 270.81 333.07
   5567.78 270.76 333.08
   5597.80 270.72 333.08
   5627.81 270.67 333.09
   5657.83 270.62 333.09
   5687.84 270.57 333.10
   5717.86 270.53 333.10
   5747.87 270.48 333.10
   5777.89 270.43 333.11
   5807.90 270.38 333.11
   5837.92 270.33 333.12
   5867.93 270.28 333.12
   5897.95 270.23 333.13
   5927.96 270.18 333.13
   5957.98 270.13 333.14
   5987.99 270.08 333.14
   6018.01 270.03 333.15
   6048.02 269.98 333.15
   6078.04 269.93 333.16
   6108.05 269.88 333.16
   6138.07 269.83 333.17
   6168.08 269.78 333.17
   6198.10 269.72 333.18
   6228.11 269.67 333.19
   6258.13 269.62 333.19
   6288.14 269.57 333.20
   6318.16 269.51 333.20
   6348.17 269.46 333.21
   6378.19 269.41 333.22
   6408.20 269.35 333.22
   6438.22 269.30 333.23
   6468.23 269.24 333.24
   6498.25 269.19 333.24
   6528.26 269.13 333.25
   6558.28 269.08 333.26
   6588.29 269.02 333.26
   6618.31 268.97 333.27
   6648.32 268.91 333.28
   6678.34 268.86 333.28
   6708.35 268.80 333.29
   6738.37 268.74 333.30
   6768.38 268.69 333.31
   6798.40 268.63 333.31
   6828.41 268.57 333.32
   6858.43 268.51 333.33
   6888.44 268.46 333.34
   6918.46 268.40 333.35
   6948.47 268.34 333.35
   6978.49 268.28 333.36
   7008.50 268.22 333.37
   7038.52 268.16 333.38
   7068.53 268.10 333.39
   7098.55 268.04 333.40
   7128.56 267.98 333.41
   7158.58 267.92 333.42
   7188.59 267.86 333.43
   7218.61 267.80 333.43
   7248.62 267.74 333.44
   7278.64 267.68 333.45
   7308.65 267.62 333.46
   7338.67 267.56 333.47
   7368.68 267.50 333.48
   7398.70 267.43 333.49
   7428.71 267.37 333.50
   7458.73 267.31 333.51
   7488.74 267.25 333.53
   7518.76 267.18 333.54
   7548.77 267.12 333.55
   7578.79 267.06 333.56
   7608.80 266.99 333.57
   7638.82 266.93 333.58
   7668.83 266.86 333.59
   7698.85 266.80 333.60
   7728.86 266.74 333.62
   7758.88 266.67 333.63
   7788.89 266.60 333.64
   7818.91 266.54 333.65
   7848.92 266.47 333.66
   7878.94 266.41 333.68
   7908.95 266.34 333.69
   7938.97 266.27 333.70
   7968.98 266.21 333.72
   7999.00 266.14 333.73
   8029.01 266.07 333.74
   8059.03 266.01 333.76
   8089.04 265.94 333.77
   8119.06 265.87 333.78
   8149.07 265.80 333.80
   8179.09 265.73 333.81
   8209.10 265.66 333.83
   8239.12 265.60 333.84
   8269.13 265.53 333.86
   8299.15 265.46 333.87
   8329.16 265.39 333.89
   8359.18 265.32 333.90
   8389.19 265.25 333.92
   8419.21 265.18 333.94
   8449.22 265.10 333.95
   8479.24 265.03 333.97
   8509.25 264.96 333.98
   8539.27 264.89 334.00
   8569.28 264.82 334.02
   8599.30 264.75 334.04
   8629.31 264.67 334.05
   8659.33 264.60 334.07
   8689.34 264.53 334.09
   8719.36 264.46 334.11
   8749.37 264.38 334.13
   8779.39 264.31 334.14
   8809.40 264.24 334.16
   8839.42 264.16 334.18
   8869.43 264.09 334.20
   8899.45 264.01 334.22
   8929.46 263.94 334.24
   8959.48 263.86 334.26
   8989.49 263.79 334.28
   9019.51 263.71 334.30
   9049.52 263.64 334.32
   9079.54 263.56 334.34
   9109.55 263.48 334.36
   9139.57 263.41 334.38
   9169.58 263.33 334.41
   9199.60 263.25 334.43
   9229.61 263.18 334.45
   9259.63 263.10 334.47
   9289.64 263.02 334.50
   9319.66 262.94 334.52
   9349.67 262.86 334.54
   9379.69 262.79 334.57
   9409.70 262.71 334.59
   9439.72 262.63 334.61
   9469.73 262.55 334.64
   9499.75 262.47 334.66
   9529.76 262.39 334.69
   9559.78 262.31 334.71
   9589.79 262.23 334.74
   9619.81 262.15 334.76
   9649.82 262.07 334.79
   9679.84 261.99 334.82
   9709.85 261.91 334.84
   9739.87 261.83 334.87
   9769.88 261.74 334.90
   9799.90 261.66 334.93
   9829.91 261.58 334.96
   9859.93 261.50 334.98
   9889.94 261.41 335.01
   9919.96 261.33 335.04
   9949.97 261.25 335.07
   9979.99 261.16 335.10
  10010.01 261.08 335.13
  10040.02 261.00 335.16
  10070.04 260.91 335.19
  10100.05 260.83 335.22
  10130.07 260.74 335.25
  10160.08 260.66 335.29
  10190.10 260.57 335.32
  10220.11 260.49 335.35
  10250.13 260.40 335.38
  10280.14 260.32 335.42
  10310.16 260.23 335.45
  10340.17 260.14 335.49
  10370.19 260.06 335.52
  10400.20 259.97 335.56
  10430.22 259.88 335.59
  10460.23 259.80 335.63
  10490.25 259.71 335.66
  10520.26 259.62 335.70
  10550.28 259.53 335.74
  10580.29 259.44 335.77
  10610.31 259.36 335.81
  10640.32 259.27 335.85
  10670.34 259.18 335.89
  10700.35 259.09 335.93
  10730.37 259.00 335.97
  10760.38 258.91 336.01
  10790.40 258.82 336.05
  10820.41 258.73 336.09
  10850.43 258.64 336.13
  10880.44 258.55 336.17
  10910.46 258.46 336.21
  10940.47 258.37 336.26
  10970.49 258.27 336.30
  11000.50 258.18 336.34
  11030.52 258.09 336.39
  11060.53 258.00 336.43
  11090.55 257.91 336.48
  11120.56 257.81 336.52
  11150.58 257.72 336.57
  11180.59 257.63 336.62
  11210.61 257.53 336.66
  11240.62 257.44 336.71
  11270.64 257.35 336.76
  11300.65 257.25 336.81
  11330.67 257.16 336.86
  11360.68 257.06 336.91
  11390.70 256.97 336.96
  11420.71 256.87 337.01
  11450.73 256.78 337.06
  11480.74 256.68 337.11
  11510.76 256.59 337.16
  11540.77 256.49 337.22
  11570.79 256.39 337.27
  11600.80 256.30 337.33
  11630.82 256.20 337.38
  11660.83 256.10 337.44
  11690.85 256.01 337.49
  11720.86 255.91 337.55
  11750.88 255.81 337.61
  11780.89 255.71 337.67
  11810.91 255.61 337.72
  11840.92 255.52 337.78
  11870.94 255.42 337.84
  11900.95 255.32 337.90
  11930.97 255.22 337.97
  11960.98 255.12 338.03
  11991.00 255.02 338.09
  12021.01 254.92 338.15
  12051.03 254.82 338.22
  12081.04 254.72 338.28
  12111.06 254.62 338.35
  12141.07 254.52 338.41
  12171.09 254.42 338.48
  12201.10 254.32 338.55
  12231.12 254.21 338.62
  12261.13 254.11 338.69
  12291.15 254.01 338.76
  12321.16 253.91 338.83
  12351.18 253.80 338.90
  12381.19 253.70 338.97
  12411.21 253.60 339.04
  12441.22 253.50 339.12
  12471.24 253.39 339.19
  12501.25 253.29 339.27
  12531.27 253.18 339.34
  12561.28 253.08 339.42
  12591.30 252.98 339.50
  12621.31 252.87 339.58
  12651.33 252.77 339.66
  12681.34 252.66 339.74
  12711.36 252.56 339.82
  12741.37 252.45 339.90
  12771.39 252.34 339.98
  12801.40 252.24 340.07
  12831.42 252.13 340.15
  12861.43 252.02 340.24
  12891.45 251.92 340.33
  12921.46 251.81 340.41
  12951.48 251.70 340.50
  12981.49 251.60 340.59
  13011.51 251.49 340.68
  13041.52 251.38 340.77
  13071.54 251.27 340.87
  13101.55 251.16 340.96
  13131.57 251.05 341.05
  13161.58 250.95 341.15
  13191.60 250.84 341.25
  13221.61 250.73 341.34
  13251.63 250.62 341.44
  13281.64 250.51 341.54
  13311.66 250.40 341.64
  13341.67 250.29 341.75
  13371.69 250.18 341.85
  13401.70 250.07 341.95
  13431.72 249.95 342.06
  13461.73 249.84 342.16
  13491.75 249.73 342.27
  13521.76 249.62 342.38
  13551.78 249.51 342.49
  13581.79 249.40 342.60
  13611.81 249.28 342.71
  13641.82 249.17 342.83
  13671.84 249.06 342.94
  13701.85 248.94 343.06
  13731.87 248.83 343.18
  13761.88 248.72 343.29
  13791.90 248.60 343.41
  13821.91 248.49 343.53
  13851.93 248.37 343.66
  13881.94 248.26 343.78
  13911.96 248.14 343.90
  13941.97 248.03 344.03
  13971.99 247.91 344.16
  14002.00 247.80 344.29
  14032.02 247.68 344.42
  14062.03 247.57 344.55
  14092.05 247.45 344.68
  14122.06 247.33 344.82
  14152.08 247.22 344.95
  14182.09 247.10 345.09
  14212.11 246.98 345.23
  14242.12 246.87 345.37
  14272.14 246.75 345.51
  14302.15 246.63 345.65
  14332.17 246.51 345.80
  14362.18 246.39 345.94
  14392.20 246.28 346.09
  14422.21 246.16 346.24
  14452.23 246.04 346.39
  14482.24 245.92 346.55
  14512.26 245.80 346.70
  14542.27 245.68 346.85
  14572.29 245.56 347.01
  14602.30 245.44 347.17
  14632.32 245.32 347.33
  14662.33 245.20 347.49
  14692.35 245.08 347.66
  14722.36 244.96 347.82
  14752.38 244.84 347.99
  14782.39 244.71 348.16
  14812.41 244.59 348.33
  14842.42 244.47 348.50
  14872.44 244.35 348.68
  14902.45 244.23 348.86
  14932.47 244.10 349.03
  14962.48 243.98 349.21
  14992.50 243.86 349.40
  15022.51 243.73 349.58
  15052.53 243.61 349.77
  15082.54 243.49 349.95
  15112.56 243.36 350.14
  15142.57 243.24 350.33
  15172.59 243.11 350.53
  15202.60 242.99 350.72
  15232.62 242.86 350.92
  15262.63 242.74 351.12
  15292.65 242.61 351.32
  15322.66 242.49 351.52
  15352.68 242.36 351.73
  15382.69 242.24 351.94
  15412.71 242.11 352.15
  15442.72 241.98 352.36
  15472.74 241.86 352.57
  15502.75 241.73 352.79
  15532.77 241.60 353.01
  15562.78 241.48 353.23
  15592.80 241.35 353.45
  15622.81 241.22 353.67
  15652.83 241.09 353.90
  15682.84 240.96 354.13
  15712.86 240.84 354.36
  15742.87 240.71 354.59
  15772.89 240.58 354.83
  15802.90 240.45 355.07
  15832.92 240.32 355.31
  15862.93 240.19 355.55
  15892.95 240.06 355.80
  15922.96 239.93 356.05
  15952.98 239.80 356.30
  15982.99 239.67 356.55
  16013.01 239.54 356.80
  16043.02 239.41 357.06
  16073.04 239.28 357.32
  16103.05 239.15 357.58
  16133.07 239.01 357.85
  16163.08 238.88 358.12
  16193.10 238.75 358.39
  16223.11 238.62 358.66
  16253.13 238.49 358.93
  16283.14 238.35 359.21
  16313.16 238.22 359.49
  16343.17 238.09 359.77
  16373.19 237.95 360.06
  16403.20 237.82 360.35
  16433.22 237.69 360.64
  16463.23 237.55 360.93
  16493.25 237.42 361.23
  16523.26 237.28 361.53
  16553.28 237.15 361.83
  16583.29 237.01 362.14
  16613.31 236.88 362.44
  16643.32 236.74 362.75
  16673.34 236.61 363.07
  16703.35 236.47 363.38
  16733.37 236.34 363.70
  16763.38 236.20 364.03
  16793.40 236.06 364.35
  16823.41 235.93 364.68
  16853.43 235.79 365.01
  16883.44 235.65 365.34
  16913.46 235.52 365.68
  16943.47 235.38 366.02
  16973.49 235.24 366.36
  17003.50 235.10 366.71
  17033.52 234.97 367.06
  17063.53 234.83 367.41
  17093.55 234.69 367.77
  17123.56 234.55 368.12
  17153.58 234.41 368.49
  17183.59 234.27 368.85
  17213.61 234.13 369.22
  17243.62 233.99 369.59
  17273.64 233.85 369.96
  17303.65 233.71 370.34
  17333.67 233.57 370.72
  17363.68 233.43 371.11
  17393.70 233.29 371.50
  17423.71 233.15 371.89
  17453.73 233.01 372.28
  17483.74 232.87 372.68
  17513.76 232.73 373.08
  17543.77 232.59 373.49
  17573.79 232.44 373.90
  17603.80 232.30 374.31
  17633.82 232.16 374.72
  17663.83 232.02 375.14
  17693.85 231.87 375.57
  17723.86 231.73 375.99
  17753.88 231.59 376.42
  17783.89 231.44 376.86
  17813.91 231.30 377.29
  17843.92 231.16 377.73
  17873.94 231.01 378.18
  17903.95 230.87 378.63
  17933.97 230.72 379.08
  17963.98 230.58 379.54
  17994.00 230.44 380.00
  18024.01 230.29 380.46
  18054.03 230.15 380.93
  18084.04 230.00 381.40
  18114.06 229.85 381.87
  18144.07 229.71 382.35
  18174.09 229.56 382.84
  18204.10 229.42 383.33
  18234.12 229.27 383.82
  18264.13 229.12 384.31
  18294.15 228.98 384.81
  18324.16 228.83 385.32
  18354.18 228.68 385.82
  18384.19 228.53 386.34
  18414.21 228.39 386.85
  18444.22 228.24 387.37
  18474.24 228.09 387.90
  18504.25 227.94 388.43
  18534.27 227.79 388.96
  18564.28 227.65 389.50
  18594.30 227.50 390.04
  18624.31 227.35 390.59
  18654.33 227.20 391.14
  18684.34 227.05 391.70
  18714.36 226.90 392.26
  18744.37 226.75 392.83
  18774.39 226.60 393.40
  18804.40 226.45 393.97
  18834.42 226.30 394.55
  18864.43 226.15 395.13
  18894.45 226.00 395.72
  18924.46 225.85 396.32
  18954.48 225.69 396.91
  18984.49 225.54 397.52
  19014.51 225.39 398.13
  19044.52 225.24 398.74
  19074.54 225.09 399.36
  19104.55 224.94 399.98
  19134.57 224.78 400.61
  19164.58 224.63 401.24
  19194.60 224.48 401.88
  19224.61 224.32 402.52
  19254.63 224.17 403.17
  19284.64 224.02 403.83
  19314.66 223.86 404.48
  19344.67 223.71 405.15
  19374.69 223.56 405.82
  19404.70 223.40 406.49
  19434.72 223.25 407.17
  19464.73 223.09 407.86
  19494.75 222.94 408.55
  19524.76 222.78 409.25
  19554.78 222.63 409.95
  19584.79 222.47 410.66
  19614.81 222.32 411.37
  19644.82 222.16 412.09
  19674.84 222.01 412.82
  19704.85 221.85 413.55
  19734.87 221.69 414.29
  19764.88 221.54 415.03
  19794.90 221.38 415.78
  19824.91 221.22 416.54
  19854.93 221.07 417.30
  19884.94 220.91 418.07
  19914.96 220.75 418.84
  19944.97 220.59 419.62
  19974.99 220.44 420.41
  20005.00 220.28 421.20
  20035.02 220.12 422.00
  20065.03 219.96 422.80
  20095.05 219.80 423.61
  20125.06 219.64 424.43
  20155.08 219.49 425.26
  20185.09 219.33 426.09
  20215.11 219.17 426.92
  20245.12 219.01 427.77
  20275.14 218.85 428.62
  20305.15 218.69 429.48
  20335.17 218.53 430.34
  20365.18 218.37 431.22
  20395.20 218.21 432.10
  20425.21 218.05 432.98
  20455.23 217.89 433.87
  20485.24 217.72 434.77
  20515.26 217.56 435.68
  20545.27 217.40 436.60
  20575.29 217.24 437.52
  20605.30 217.08 438.45
  20635.32 216.92 439.39
  20665.33 216.76 440.33
  20695.35 216.59 441.28
  20725.36 216.43 442.24
  20755.38 216.27 443.21
  20785.39 216.11 444.19
  20815.41 215.94 445.17
  20845.42 215.78 446.16
  20875.44 215.62 447.16
  20905.45 215.45 448.17
  20935.47 215.29 449.18
  20965.48 215.12 450.21
  20995.50 214.96 451.24
  21025.51 214.80 452.28
  21055.53 214.63 453.33
  21085.54 214.47 454.39
  21115.56 214.30 455.45
  21145.57 214.14 456.53
  21175.59 213.97 457.61
  21205.60 213.81 458.70
  21235.62 213.64 459.80
  21265.63 213.48 460.91
  21295.65 213.31 462.03
  21325.66 213.15 463.16
  21355.68 212.98 464.30
  21385.69 212.81 465.44
  21415.71 212.65 466.60
  21445.72 212.48 467.77
  21475.74 212.31 468.94
  21505.75 212.15 470.12
  21535.77 211.98 471.32
  21565.78 211.81 472.52
  21595.80 211.64 473.74
  21625.81 211.48 474.96
  21655.83 211.31 476.19
  21685.84 211.14 477.44
  21715.86 210.97 478.69
  21745.87 210.80 479.96
  21775.89 210.64 481.23
  21805.90 210.47 482.52
  21835.92 210.30 483.81
  21865.93 210.13 485.12
  21895.95 209.96 486.44
  21925.96 209.79 487.76
  21955.98 209.62 489.10
  21985.99 209.45 490.45
  22016.01 209.28 491.81
  22046.02 209.11 493.19
  22076.04 208.94 494.57
  22106.05 208.77 495.97
  22136.07 208.60 497.37
  22166.08 208.43 498.79
  22196.10 208.26 500.22
  22226.11 208.09 501.67
  22256.13 207.92 503.12
  22286.14 207.75 504.59
  22316.16 207.57 506.07
  22346.17 207.40 507.56
  22376.19 207.23 509.06
  22406.20 207.06 510.58
  22436.22 206.89 512.11
  22466.23 206.71 513.65
  22496.25 206.54 515.21
  22526.26 206.37 516.77
  22556.28 206.20 518.36
  22586.29 206.02 519.95
  22616.31 205.85 521.56
  22646.32 205.68 523.18
  22676.34 205.50 524.82
  22706.35 205.33 526.47
  22736.37 205.16 528.13
  22766.38 204.98 529.81
  22796.40 204.81 531.50
  22826.41 204.64 533.20
  22856.43 204.46 534.92
  22886.44 204.29 536.66
  22916.46 204.11 538.41
  22946.47 203.94 540.17
  22976.49 203.76 541.95
  23006.50 203.59 543.75
  23036.52 203.41 545.56
  23066.53 203.24 547.38
  23096.55 203.06 549.23
  23126.56 202.89 551.08
  23156.58 202.71 552.96
  23186.59 202.53 554.84
  23216.61 202.36 556.75
  23246.62 202.18 558.67
  23276.64 202.01 560.61
  23306.65 201.83 562.56
  23336.67 201.65 564.54
  23366.68 201.48 566.52
  23396.70 201.30 568.53
  23426.71 201.12 570.55
  23456.73 200.94 572.59
  23486.74 200.77 574.65
  23516.76 200.59 576.73
  23546.77 200.41 578.82
  23576.79 200.23 580.93
  23606.80 200.06 583.06
  23636.82 199.88 585.21
  23666.83 199.70 587.38
  23696.85 199.52 589.56
  23726.86 199.34 591.77
  23756.88 199.16 593.99
  23786.89 198.98 596.24
  23816.91 198.81 598.50
  23846.92 198.63 600.78
  23876.94 198.45 603.08
  23906.95 198.27 605.41
  23936.97 198.09 607.75
  23966.98 197.91 610.11
  23997.00 197.73 612.50
  24027.01 197.55 614.90
  24057.03 197.37 617.33
  24087.04 197.19 619.77
  24117.06 197.01 622.24
  24147.07 196.83 624.73
  24177.09 196.65 627.24
  24207.10 196.47 629.78
  24237.12 196.29 632.33
  24267.13 196.10 634.91
  24297.15 195.92 637.51
  24327.16 195.74 640.13
  24357.18 195.56 642.78
  24387.19 195.38 645.45
  24417.21 195.20 648.14
  24447.22 195.01 650.86
  24477.24 194.83 653.60
  24507.25 194.65 656.36
  24537.27 194.47 659.15
  24567.28 194.29 661.96
  24597.30 194.10 664.80
  24627.31 193.92 667.66
  24657.33 193.74 670.55
  24687.34 193.56 673.46
  24717.36 193.37 676.39
  24747.37 193.19 679.36
  24777.39 193.01 682.35
  24807.40 192.82 685.36
  24837.42 192.64 688.40
  24867.43 192.46 691.47
  24897.45 192.27 694.56
  24927.46 192.09 697.68
  24957.48 191.90 700.83
  24987.49 191.72 704.00
  25017.51 191.54 707.21
  25047.52 191.35 710.44
  25077.54 191.17 713.69
  25107.55 190.98 716.98
  25137.57 190.80 720.29
  25167.58 190.61 723.64
  25197.60 190.43 727.01
  25227.61 190.24 730.41
  25257.63 190.06 733.84
  25287.64 189.87 737.30
  25317.66 189.69 740.79
  25347.67 189.50 744.31
  25377.69 189.31 747.86
  25407.70 189.13 751.43
  25437.72 188.94 755.04
  25467.73 188.76 758.68
  25497.75 188.57 762.36
  25527.76 188.38 766.06
  25557.78 188.20 769.79
  25587.79 188.01 773.56
  25617.81 187.82 777.35
  25647.82 187.64 781.18
  25677.84 187.45 785.04
  25707.85 187.26 788.93
  25737.87 187.08 792.86
  25767.88 186.89 796.82
  25797.90 186.70 800.81
  25827.91 186.51 804.83
  25857.93 186.33 808.89
  25887.94 186.14 812.98
  25917.96 185.95 817.10
  25947.97 185.76 821.26
  25977.99 185.58 825.45
  26008.00 185.39 829.67
  26038.02 185.20 833.93
  26068.03 185.01 838.22
  26098.05 184.82 842.55
  26128.06 184.63 846.91
  26158.08 184.45 851.31
  26188.09 184.26 855.74
  26218.11 184.07 860.21
  26248.12 183.88 864.71
  26278.14 183.69 869.25
  26308.15 183.50 873.82
  26338.17 183.31 878.43
  26368.18 183.12 883.07
  26398.20 182.93 887.75
  26428.21 182.74 892.47
  26458.23 182.55 897.22
  26488.24 182.36 902.00
  26518.26 182.17 906.83
  26548.27 181.98 911.69
  26578.29 181.79 916.58
  26608.30 181.60 921.51
  26638.32 181.41 926.48
  26668.33 181.22 931.49
  26698.35 181.03 936.53
  26728.36 180.84 941.61
  26758.38 180.65 946.72
  26788.39 180.46 951.87
  26818.41 180.27 957.06
  26848.42 180.08 962.28
  26878.44 179.89 967.54
  26908.45 179.70 972.84
  26938.47 179.51 978.17
  26968.48 179.32 983.54
  26998.50 179.12 988.94
  27028.51 178.93 994.39
  27058.53 178.74 999.86
  27088.54 178.55 1005.38
  27118.56 178.36 1010.93
  27148.57 178.17 1016.51
  27178.59 177.97 1022.13
  27208.60 177.78 1027.79
  27238.62 177.59 1033.48
  27268.63 177.40 1039.21
  27298.65 177.21 1044.97
  27328.66 177.01 1050.77
  27358.68 176.82 1056.60
  27388.69 176.63 1062.47
  27418.71 176.44 1068.37
  27448.72 176.24 1074.31
  27478.74 176.05 1080.28
  27508.75 175.86 1086.29
  27538.77 175.67 1092.33
  27568.78 175.47 1098.40
  27598.80 175.28 1104.51
  27628.81 175.09 1110.65
  27658.83 174.89 1116.83
  27688.84 174.70 1123.04
  27718.86 174.51 1129.28
  27748.87 174.31 1135.56
  27778.89 174.12 1141.87
  27808.90 173.93 1148.20
  27838.92 173.73 1154.58
  27868.93 173.54 1160.98
  27898.95 173.34 1167.41
  27928.96 173.15 1173.88
  27958.98 172.96 1180.37
  27988.99 172.76 1186.89
  28019.01 172.57 1193.45
  28049.02 172.37 1200.03
  28079.04 172.18 1206.64
  28109.05 171.98 1213.29
  28139.07 171.79 1219.95
  28169.08 171.60 1226.65
  28199.10 171.40 1233.37
  28229.11 171.21 1240.13
  28259.13 171.01 1246.90
  28289.14 170.82 1253.71
  28319.16 170.62 1260.53
  28349.17 170.43 1267.39
  28379.19 170.23 1274.26
  28409.20 170.04 1281.16
  28439.22 169.84 1288.09
  28469.23 169.65 1295.03
  28499.25 169.45 1302.00
  28529.26 169.26 1308.99
  28559.28 169.06 1316.00
  28589.29 168.87 1323.03
  28619.31 168.67 1330.07
  28649.32 168.47 1337.14
  28679.34 168.28 1344.23
  28709.35 168.08 1351.35
  28739.37 167.89 1358.49
  28769.38 167.69 1365.66
  28799.40 167.50 1372.86
  28829.41 167.30 1380.10
  28859.43 167.10 1387.38
  28889.44 166.91 1394.69
  28919.46 166.71 1402.02
  28949.47 166.51 1409.40
  28979.49 166.32 1416.80
  29009.50 166.12 1424.23
  29039.52 165.93 1431.69
  29069.53 165.73 1439.18
  29099.55 165.53 1446.70
  29129.56 165.34 1454.25
  29159.58 165.14 1461.82
  29189.59 164.94 1469.42
  29219.61 164.75 1477.04
  29249.62 164.55 1484.69
  29279.64 164.35 1492.37
  29309.65 164.16 1500.06
  29339.67 163.96 1507.78
  29369.68 163.76 1515.51
  29399.70 163.57 1523.27
  29429.71 163.37 1531.05
  29459.73 163.17 1538.84
  29489.74 162.97 1546.66
  29519.76 162.78 1554.48
  29549.77 162.58 1562.33
  29579.79 162.38 1570.19
  29609.80 162.18 1578.06
  29639.82 161.99 1585.94
  29669.83 161.79 1593.84
  29699.85 161.59 1601.75
  29729.86 161.39 1609.66
  29759.88 161.20 1617.59
  29789.89 161.00 1625.52
  29819.91 160.80 1633.46
  29849.92 160.60 1641.41
  29879.94 160.41 1649.36
  29909.95 160.21 1657.32
  29939.97 160.01 1665.27
  29969.98 159.81 1673.24
  30000.00 159.61 1681.20
