 -30000.00 199.01 1681.20
 -29969.98 199.27 1673.24
 -29939.97 199.54 1665.27
 -29909.95 199.81 1657.32
 -29879.94 200.07 1649.36
 -29849.92 200.34 1641.41
 -29819.91 200.61 1633.46
 -29789.89 200.87 1625.52
 -29759.88 201.14 1617.59
 -29729.86 201.41 1609.66
 -29699.85 201.67 1601.75
 -29669.83 201.94 1593.84
 -29639.82 202.20 1585.94
 -29609.80 202.47 1578.06
 -29579.79 202.73 1570.19
 -29549.77 203.00 1562.33
 -29519.76 203.26 1554.48
 -29489.74 203.53 1546.66
 -29459.73 203.79 1538.84
 -29429.71 204.06 1531.05
 -29399.70 204.32 1523.27
 -29369.68 204.58 1515.51
 -29339.67 204.85 1507.78
 -29309.65 205.11 1500.06
 -29279.64 205.38 1492.37
 -29249.62 205.64 1484.69
 -29219.61 205.90 1477.04
 -29189.59 206.16 1469.42
 -29159.58 206.43 1461.82
 -29129.56 206.69 1454.25
 -29099.55 206.95 1446.70
 -29069.53 207.21 1439.18
 -29039.52 207.48 1431.69
 -29009.50 207.74 1424.23
 -28979.49 208.00 1416.80
 -28949.47 208.26 1409.40
 -28919.46 208.52 1402.02
 -28889.44 208.78 1394.69
 -28859.43 209.04 1387.38
 -28829.41 209.30 1380.10
 -28799.40 209.56 1372.86
 -28769.38 209.82 1365.66
 -28739.37 210.08 1358.49
 -28709.35 210.34 1351.35
 -28679.34 210.60 1344.23
 -28649.32 210.86 1337.14
 -28619.31 211.12 1330.07
 -28589.29 211.38 1323.03
 -28559.28 211.64 1316.00
 -28529.26 211.90 1308.99
 -28499.25 212.15 1302.00
 -28469.23 212.41 1295.03
 -28439.22 212.67 1288.09
 -28409.20 212.93 1281.16
 -28379.19 213.18 1274.26
 -28349.17 213.44 1267.39
 -28319.16 213.70 1260.53
 -28289.14 213.96 1253.71
 -28259.13 214.21 1246.90
 -28229.11 214.47 1240.13
 -28199.10 214.72 1233.37
 -28169.08 214.98 1226.65
 -28139.07 215.24 1219.95
 -28109.05 215.49 1213.29
 -28079.04 215.75 1206.64
 -28049.02 216.00 1200.03
 -28019.01 216.26 1193.45
 -27988.99 216.51 1186.89
 -27958.98 216.76 1180.37
 -27928.96 217.02 1173.88
 -27898.95 217.27 1167.41
 -27868.93 217.53 1160.98
 -27838.92 217.78 1154.58
 -27808.90 218.03 1148.20
 -27778.89 218.29 1141.87
 -27748.87 218.54 1135.56
 -27718.86 218.79 1129.28
 -27688.84 219.04 1123.04
 -27658.83 219.30 1116.83
 -27628.81 219.55 1110.65
 -27598.80 219.80 1104.51
 -27568.78 220.05 1098.40
 -27538.77 220.30 1092.33
 -27508.75 220.55 1086.29
 -27478.74 220.80 1080.28
 -27448.72 221.05 1074.31
 -27418.71 221.30 1068.37
 -27388.69 221.55 1062.47
 -27358.68 221.80 1056.60
 -27328.66 222.05 1050.77
 -27298.65 222.30 1044.97
 -27268.63 222.55 1039.21
 -27238.62 222.80 1033.48
 -27208.60 223.05 1027.79
 -27178.59 223.30 1022.13
 -27148.57 223.55 1016.51
 -27118.56 223.79 1010.93
 -27088.54 224.04 1005.38
 -27058.53 224.29 999.86
 -27028.51 224.53 994.39
 -26998.50 224.78 988.94
 -26968.48 225.03 983.54
 -26938.47 225.27 978.17
 -26908.45 225.52 972.84
 -26878.44 225.77 967.54
 -26848.42 226.01 962.28
 -26818.41 226.26 957.06
 -26788.39 226.50 951.87
 -26758.38 226.75 946.72
 -26728.36 226.99 941.61
 -26698.35 227.24 936.53
 -26668.33 227.48 931.49
 -26638.32 227.72 926.48
 -26608.30 227.97 921.51
 -26578.29 228.21 916.58
 -26548.27 228.45 911.69
 -26518.26 228.70 906.83
 -26488.24 228.94 902.00
 -26458.23 229.18 897.22
 -26428.21 229.42 892.47
 -26398.20 229.67 887.75
 -26368.18 229.91 883.07
 -26338.17 230.15 878.43
 -26308.15 230.39 873.82
 -26278.14 230.63 869.25
 -26248.12 230.87 864.71
 -26218.11 231.11 860.21
 -26188.09 231.35 855.74
 -26158.08 231.59 851.31
 -26128.06 231.83 846.91
 -26098.05 232.07 842.55
 -26068.03 232.31 838.22
 -26038.02 232.55 833.93
 -26008.00 232.78 829.67
 -25977.99 233.02 825.45
 -25947.97 233.26 821.26
 -25917.96 233.50 817.10
 -25887.94 233.73 812.98
 -25857.93 233.97 808.89
 -25827.91 234.21 804.83
 -25797.90 234.44 800.81
 -25767.88 234.68 796.82
 -25737.87 234.92 792.86
 -25707.85 235.15 788.93
 -25677.84 235.39 785.04
 -25647.82 235.62 781.18
 -25617.81 235.86 777.35
 -25587.79 236.09 773.56
 -25557.78 236.33 769.79
 -25527.76 236.56 766.06
 -25497.75 236.79 762.36
 -25467.73 237.03 758.68
 -25437.72 237.26 755.04
 -25407.70 237.49 751.43
 -25377.69 237.72 747.86
 -25347.67 237.96 744.31
 -25317.66 238.19 740.79
 -25287.64 238.42 737.30
 -25257.63 238.65 733.84
 -25227.61 238.88 730.41
 -25197.60 239.11 727.01
 -25167.58 239.34 723.64
 -25137.57 239.57 720.29
 -25107.55 239.80 716.98
 -25077.54 240.03 713.69
 -25047.52 240.26 710.44
 -25017.51 240.49 707.21
 -24987.49 240.72 704.00
 -24957.48 240.95 700.83
 -24927.46 241.18 697.68
 -24897.45 241.41 694.56
 -24867.43 241.63 691.47
 -24837.42 241.86 688.40
 -24807.40 242.09 685.36
 -24777.39 242.31 682.35
 -24747.37 242.54 679.36
 -24717.36 242.77 676.39
 -24687.34 242.99 673.46
 -24657.33 243.22 670.55
 -24627.31 243.44 667.66
 -24597.30 243.67 664.80
 -24567.28 243.89 661.96
 -24537.27 244.12 659.15
 -24507.25 244.34 656.36
 -24477.24 244.56 653.60
 -24447.22 244.79 650.86
 -24417.21 245.01 648.14
 -24387.19 245.23 645.45
 -24357.18 245.46 642.78
 -24327.16 245.68 640.13
 -24297.15 245.90 637.51
 -24267.13 246.12 634.91
 -24237.12 246.34 632.33
 -24207.10 246.56 629.78
 -24177.09 246.79 627.24
 -24147.07 247.01 624.73
 -24117.06 247.23 622.24
 -24087.04 247.45 619.77
 -24057.03 247.67 617.33
 -24027.01 247.88 614.90
 -23997.00 248.10 612.50
 -23966.98 248.32 610.11
 -23936.97 248.54 607.75
 -23906.95 248.76 605.41
 -23876.94 248.98 603.08
 -23846.92 249.19 600.78
 -23816.91 249.41 598.50
 -23786.89 249.63 596.24
 -23756.88 249.84 593.99
 -23726.86 250.06 591.77
 -23696.85 250.28 589.56
 -23666.83 250.49 587.38
 -23636.82 250.71 585.21
 -23606.80 250.92 583.06
 -23576.79 251.14 580.93
 -23546.77 251.35 578.82
 -23516.76 251.56 576.73
 -23486.74 251.78 574.65
 -23456.73 251.99 572.59
 -23426.71 252.20 570.55
 -23396.70 252.42 568.53
 -23366.68 252.63 566.52
 -23336.67 252.84 564.54
 -23306.65 253.05 562.56
 -23276.64 253.26 560.61
 -23246.62 253.48 558.67
 -23216.61 253.69 556.75
 -23186.59 253.90 554.84
 -23156.58 254.11 552.96
 -23126.56 254.32 551.08
 -23096.55 254.53 549.23
 -23066.53 254.74 547.38
 -23036.52 254.94 545.56
 -23006.50 255.15 543.75
 -22976.49 255.36 541.95
 -22946.47 255.57 540.17
 -22916.46 255.78 538.41
 -22886.44 255.98 536.66
 -22856.43 256.19 534.92
 -22826.41 256.40 533.20
 -22796.40 256.60 531.50
 -22766.38 256.81 529.81
 -22736.37 257.01 528.13
 -22706.35 257.22 526.47
 -22676.34 257.42 524.82
 -22646.32 257.63 523.18
 -22616.31 257.83 521.56
 -22586.29 258.04 519.95
 -22556.28 258.24 518.36
 -22526.26 258.44 516.77
 -22496.25 258.65 515.21
 -22466.23 258.85 513.65
 -22436.22 259.05 512.11
 -22406.20 259.26 510.58
 -22376.19 259.46 509.06
 -22346.17 259.66 507.56
 -22316.16 259.86 506.07
 -22286.14 260.06 504.59
 -22256.13 260.26 503.12
 -22226.11 260.46 501.67
 -22196.10 260.66 500.22
 -22166.08 260.86 498.79
 -22136.07 261.06 497.37
 -22106.05 261.26 495.97
 -22076.04 261.46 494.57
 -22046.02 261.65 493.19
 -22016.01 261.85 491.81
 -21985.99 262.05 490.45
 -21955.98 262.25 489.10
 -21925.96 262.44 487.76
 -21895.95 262.64 486.44
 -21865.93 262.84 485.12
 -21835.92 263.03 483.81
 -21805.90 263.23 482.52
 -21775.89 263.42 481.23
 -21745.87 263.62 479.96
 -21715.86 263.81 478.69
 -21685.84 264.00 477.44
 -21655.83 264.20 476.19
 -21625.81 264.39 474.96
 -21595.80 264.59 473.74
 -21565.78 264.78 472.52
 -21535.77 264.97 471.32
 -21505.75 265.16 470.12
 -21475.74 265.35 468.94
 -21445.72 265.55 467.77
 -21415.71 265.74 466.60
 -21385.69 265.93 465.44
 -21355.68 266.12 464.30
 -21325.66 266.31 463.16
 -21295.65 266.50 462.03
 -21265.63 266.69 460.91
 -21235.62 266.88 459.80
 -21205.60 267.06 458.70
 -21175.59 267.25 457.61
 -21145.57 267.44 456.53
 -21115.56 267.63 455.45
 -21085.54 267.82 454.39
 -21055.53 268.00 453.33
 -21025.51 268.19 452.28
 -20995.50 268.38 451.24
 -20965.48 268.56 450.21
 -20935.47 268.75 449.18
 -20905.45 268.93 448.17
 -20875.44 269.12 447.16
 -20845.42 269.30 446.16
 -20815.41 269.49 445.17
 -20785.39 269.67 444.19
 -20755.38 269.85 443.21
 -20725.36 270.04 442.24
 -20695.35 270.22 441.28
 -20665.33 270.40 440.33
 -20635.32 270.59 439.39
 -20605.30 270.77 438.45
 -20575.29 270.95 437.52
 -20545.27 271.13 436.60
 -20515.26 271.31 435.68
 -20485.24 271.49 434.77
 -20455.23 271.67 433.87
 -20425.21 271.85 432.98
 -20395.20 272.03 432.10
 -20365.18 272.21 431.22
 -20335.17 272.39 430.34
 -20305.15 272.57 429.48
 -20275.14 272.75 428.62
 -20245.12 272.92 427.77
 -20215.11 273.10 426.92
 -20185.09 273.28 426.09
 -20155.08 273.45 425.26
 -20125.06 273.63 424.43
 -20095.05 273.81 423.61
 -20065.03 273.98 422.80
 -20035.02 274.16 422.00
 -20005.00 274.33 421.20
 -19974.99 274.51 420.41
 -19944.97 274.68 419.62
 -19914.96 274.86 418.84
 -19884.94 275.03 418.07
 -19854.93 275.20 417.30
 -19824.91 275.38 416.54
 -19794.90 275.55 415.78
 -19764.88 275.72 415.03
 -19734.87 275.89 414.29
 -19704.85 276.06 413.55
 -19674.84 276.23 412.82
 -19644.82 276.41 412.09
 -19614.81 276.58 411.37
 -19584.79 276.75 410.66
 -19554.78 276.92 409.95
 -19524.76 277.09 409.25
 -19494.75 277.25 408.55
 -19464.73 277.42 407.86
 -19434.72 277.59 407.17
 -19404.70 277.76 406.49
 -19374.69 277.93 405.82
 -19344.67 278.09 405.15
 -19314.66 278.26 404.48
 -19284.64 278.43 403.83
 -19254.63 278.59 403.17
 -19224.61 278.76 402.52
 -19194.60 278.93 401.88
 -19164.58 279.09 401.24
 -19134.57 279.26 400.61
 -19104.55 279.42 399.98
 -19074.54 279.59 399.36
 -19044.52 279.75 398.74
 -19014.51 279.91 398.13
 -18984.49 280.08 397.52
 -18954.48 280.24 396.91
 -18924.46 280.40 396.32
 -18894.45 280.56 395.72
 -18864.43 280.73 395.13
 -18834.42 280.89 394.55
 -18804.40 281.05 393.97
 -18774.39 281.21 393.40
 -18744.37 281.37 392.83
 -18714.36 281.53 392.26
 -18684.34 281.69 391.70
 -18654.33 281.85 391.14
 -18624.31 282.01 390.59
 -18594.30 282.17 390.04
 -18564.28 282.32 389.50
 -18534.27 282.48 388.96
 -18504.25 282.64 388.43
 -18474.24 282.80 387.90
 -18444.22 282.95 387.37
 -18414.21 283.11 386.85
 -18384.19 283.27 386.34
 -18354.18 283.42 385.82
 -18324.16 283.58 385.32
 -18294.15 283.73 384.81
 -18264.13 283.89 384.31
 -18234.12 284.04 383.82
 -18204.10 284.20 383.33
 -18174.09 284.35 382.84
 -18144.07 284.51 382.35
 -18114.06 284.66 381.87
 -18084.04 284.81 381.40
 -18054.03 284.96 380.93
 -18024.01 285.12 380.46
 -17994.00 285.27 380.00
 -17963.98 285.42 379.54
 -17933.97 285.57 379.08
 -17903.95 285.72 378.63
 -17873.94 285.87 378.18
 -17843.92 286.02 377.73
 -17813.91 286.17 377.29
 -17783.89 286.32 376.86
 -17753.88 286.47 376.42
 -17723.86 286.62 375.99
 -17693.85 286.77 375.57
 -17663.83 286.91 375.14
 -17633.82 287.06 374.72
 -17603.80 287.21 374.31
 -17573.79 287.36 373.90
 -17543.77 287.50 373.49
 -17513.76 287.65 373.08
 -17483.74 287.79 372.68
 -17453.73 287.94 372.28
 -17423.71 288.09 371.89
 -17393.70 288.23 371.50
 -17363.68 288.37 371.11
 -17333.67 288.52 370.72
 -17303.65 288.66 370.34
 -17273.64 288.81 369.96
 -17243.62 288.95 369.59
 -17213.61 289.09 369.22
 -17183.59 289.23 368.85
 -17153.58 289.38 368.49
 -17123.56 289.52 368.12
 -17093.55 289.66 367.77
 -17063.53 289.80 367.41
 -17033.52 289.94 367.06
 -17003.50 290.08 366.71
 -16973.49 290.22 366.36
 -16943.47 290.36 366.02
 -16913.46 290.50 365.68
 -16883.44 290.64 365.34
 -16853.43 290.78 365.01
 -16823.41 290.92 364.68
 -16793.40 291.05 364.35
 -16763.38 291.19 364.03
 -16733.37 291.33 363.70
 -16703.35 291.47 363.38
 -16673.34 291.60 363.07
 -16643.32 291.74 362.75
 -16613.31 291.88 362.44
 -16583.29 292.01 362.14
 -16553.28 292.15 361.83
 -16523.26 292.28 361.53
 -16493.25 292.42 361.23
 -16463.23 292.55 360.93
 -16433.22 292.68 360.64
 -16403.20 292.82 360.35
 -16373.19 292.95 360.06
 -16343.17 293.08 359.77
 -16313.16 293.22 359.49
 -16283.14 293.35 359.21
 -16253.13 293.48 358.93
 -16223.11 293.61 358.66
 -16193.10 293.74 358.39
 -16163.08 293.87 358.12
 -16133.07 294.00 357.85
 -16103.05 294.13 357.58
 -16073.04 294.26 357.32
 -16043.02 294.39 357.06
 -16013.01 294.52 356.80
 -15982.99 294.65 356.55
 -15952.98 294.78 356.30
 -15922.96 294.91 356.05
 -15892.95 295.04 355.80
 -15862.93 295.16 355.55
 -15832.92 295.29 355.31
 -15802.90 295.42 355.07
 -15772.89 295.54 354.83
 -15742.87 295.67 354.59
 -15712.86 295.80 354.36
 -15682.84 295.92 354.13
 -15652.83 296.05 353.90
 -15622.81 296.17 353.67
 -15592.80 296.29 353.45
 -15562.78 296.42 353.23
 -15532.77 296.54 353.01
 -15502.75 296.67 352.79
 -15472.74 296.79 352.57
 -15442.72 296.91 352.36
 -15412.71 297.03 352.15
 -15382.69 297.16 351.94
 -15352.68 297.28 351.73
 -15322.66 297.40 351.52
 -15292.65 297.52 351.32
 -15262.63 297.64 351.12
 -15232.62 297.76 350.92
 -15202.60 297.88 350.72
 -15172.59 298.00 350.53
 -15142.57 298.12 350.33
 -15112.56 298.24 350.14
 -15082.54 298.36 349.95
 -15052.53 298.48 349.77
 -15022.51 298.60 349.58
 -14992.50 298.71 349.40
 -14962.48 298.83 349.21
 -14932.47 298.95 349.03
 -14902.45 299.07 348.86
 -14872.44 299.18 348.68
 -14842.42 299.30 348.50
 -14812.41 299.41 348.33
 -14782.39 299.53 348.16
 -14752.38 299.64 347.99
 -14722.36 299.76 347.82
 -14692.35 299.87 347.66
 -14662.33 299.99 347.49
 -14632.32 300.10 347.33
 -14602.30 300.22 347.17
 -14572.29 300.33 347.01
 -14542.27 300.44 346.85
 -14512.26 300.55 346.70
 -14482.24 300.67 346.55
 -14452.23 300.78 346.39
 -14422.21 300.89 346.24
 -14392.20 301.00 346.09
 -14362.18 301.11 345.94
 -14332.17 301.22 345.80
 -14302.15 301.33 345.65
 -14272.14 301.44 345.51
 -14242.12 301.55 345.37
 -14212.11 301.66 345.23
 -14182.09 301.77 345.09
 -14152.08 301.88 344.95
 -14122.06 301.99 344.82
 -14092.05 302.10 344.68
 -14062.03 302.20 344.55
 -14032.02 302.31 344.42
 -14002.00 302.42 344.29
 -13971.99 302.53 344.16
 -13941.97 302.63 344.03
 -13911.96 302.74 343.90
 -13881.94 302.84 343.78
 -13851.93 302.95 343.66
 -13821.91 303.05 343.53
 -13791.90 303.16 343.41
 -13761.88 303.26 343.29
 -13731.87 303.37 343.18
 -13701.85 303.47 343.06
 -13671.84 303.58 342.94
 -13641.82 303.68 342.83
 -13611.81 303.78 342.71
 -13581.79 303.88 342.60
 -13551.78 303.99 342.49
 -13521.76 304.09 342.38
 -13491.75 304.19 342.27
 -13461.73 304.29 342.16
 -13431.72 304.39 342.06
 -13401.70 304.49 341.95
 -13371.69 304.59 341.85
 -13341.67 304.69 341.75
 -13311.66 304.79 341.64
 -13281.64 304.89 341.54
 -13251.63 304.99 341.44
 -13221.61 305.09 341.34
 -13191.60 305.19 341.25
 -13161.58 305.29 341.15
 -13131.57 305.39 341.05
 -13101.55 305.49 340.96
 -13071.54 305.58 340.87
 -13041.52 305.68 340.77
 -13011.51 305.78 340.68
 -12981.49 305.87 340.59
 -12951.48 305.97 340.50
 -12921.46 306.06 340.41
 -12891.45 306.16 340.33
 -12861.43 306.26 340.24
 -12831.42 306.35 340.15
 -12801.40 306.45 340.07
 -12771.39 306.54 339.98
 -12741.37 306.63 339.90
 -12711.36 306.73 339.82
 -12681.34 306.82 339.74
 -12651.33 306.91 339.66
 -12621.31 307.01 339.58
 -12591.30 307.10 339.50
 -12561.28 307.19 339.42
 -12531.27 307.28 339.34
 -12501.25 307.38 339.27
 -12471.24 307.47 339.19
 -12441.22 307.56 339.12
 -12411.21 307.65 339.04
 -12381.19 307.74 338.97
 -12351.18 307.83 338.90
 -12321.16 307.92 338.83
 -12291.15 308.01 338.76
 -12261.13 308.10 338.69
 -12231.12 308.19 338.62
 -12201.10 308.28 338.55
 -12171.09 308.36 338.48
 -12141.07 308.45 338.41
 -12111.06 308.54 338.35
 -12081.04 308.63 338.28
 -12051.03 308.71 338.22
 -12021.01 308.80 338.15
 -11991.00 308.89 338.09
 -11960.98 308.97 338.03
 -11930.97 309.06 337.97
 -11900.95 309.15 337.90
 -11870.94 309.23 337.84
 -11840.92 309.32 337.78
 -11810.91 309.40 337.72
 -11780.89 309.49 337.67
 -11750.88 309.57 337.61
 -11720.86 309.65 337.55
 -11690.85 309.74 337.49
 -11660.83 309.82 337.44
 -11630.82 309.90 337.38
 -11600.80 309.99 337.33
 -11570.79 310.07 337.27
 -11540.77 310.15 337.22
 -11510.76 310.23 337.16
 -11480.74 310.31 337.11
 -11450.73 310.40 337.06
 -11420.71 310.48 337.01
 -11390.70 310.56 336.96
 -11360.68 310.64 336.91
 -11330.67 310.72 336.86
 -11300.65 310.80 336.81
 -11270.64 310.88 336.76
 -11240.62 310.96 336.71
 -11210.61 311.04 336.66
 -11180.59 311.12 336.62
 -11150.58 311.19 336.57
 -11120.56 311.27 336.52
 -11090.55 311.35 336.48
 -11060.53 311.43 336.43
 -11030.52 311.51 336.39
 -11000.50 311.58 336.34
 -10970.49 311.66 336.30
 -10940.47 311.74 336.26
 -10910.46 311.81 336.21
 -10880.44 311.89 336.17
 -10850.43 311.96 336.13
 -10820.41 312.04 336.09
 -10790.40 312.11 336.05
 -10760.38 312.19 336.01
 -10730.37 312.26 335.97
 -10700.35 312.34 335.93
 -10670.34 312.41 335.89
 -10640.32 312.49 335.85
 -10610.31 312.56 335.81
 -10580.29 312.63 335.77
 -10550.28 312.71 335.74
 -10520.26 312.78 335.70
 -10490.25 312.85 335.66
 -10460.23 312.92 335.63
 -10430.22 313.00 335.59
 -10400.20 313.07 335.56
 -10370.19 313.14 335.52
 -10340.17 313.21 335.49
 -10310.16 313.28 335.45
 -10280.14 313.35 335.42
 -10250.13 313.42 335.38
 -10220.11 313.49 335.35
 -10190.10 313.56 335.32
 -10160.08 313.63 335.29
 -10130.07 313.70 335.25
 -10100.05 313.77 335.22
 -10070.04 313.84 335.19
 -10040.02 313.91 335.16
 -10010.01 313.97 335.13
  -9979.99 314.04 335.10
  -9949.97 314.11 335.07
  -9919.96 314.18 335.04
  -9889.94 314.24 335.01
  -9859.93 314.31 334.98
  -9829.91 314.38 334.96
  -9799.90 314.44 334.93
  -9769.88 314.51 334.90
  -9739.87 314.58 334.87
  -9709.85 314.64 334.84
  -9679.84 314.71 334.82
  -9649.82 314.77 334.79
  -9619.81 314.84 334.76
  -9589.79 314.90 334.74
  -9559.78 314.96 334.71
  -9529.76 315.03 334.69
  -9499.75 315.09 334.66
  -9469.73 315.16 334.64
  -9439.72 315.22 334.61
  -9409.70 315.28 334.59
  -9379.69 315.34 334.57
  -9349.67 315.41 334.54
  -9319.66 315.47 334.52
  -9289.64 315.53 334.50
  -9259.63 315.59 334.47
  -9229.61 315.65 334.45
  -9199.60 315.72 334.43
  -9169.58 315.78 334.41
  -9139.57 315.84 334.38
  -9109.55 315.90 334.36
  -9079.54 315.96 334.34
  -9049.52 316.02 334.32
  -9019.51 316.08 334.30
  -8989.49 316.14 334.28
  -8959.48 316.20 334.26
  -8929.46 316.25 334.24
  -8899.45 316.31 334.22
  -8869.43 316.37 334.20
  -8839.42 316.43 334.18
  -8809.40 316.49 334.16
  -8779.39 316.55 334.14
  -8749.37 316.60 334.13
  -8719.36 316.66 334.11
  -8689.34 316.72 334.09
  -8659.33 316.77 334.07
  -8629.31 316.83 334.05
  -8599.30 316.89 334.04
  -8569.28 316.94 334.02
  -8539.27 317.00 334.00
  -8509.25 317.05 333.98
  -8479.24 317.11 333.97
  -8449.22 317.16 333.95
  -8419.21 317.22 333.94
  -8389.19 317.27 333.92
  -8359.18 317.33 333.90
  -8329.16 317.38 333.89
  -8299.15 317.43 333.87
  -8269.13 317.49 333.86
  -8239.12 317.54 333.84
  -8209.10 317.59 333.83
  -8179.09 317.65 333.81
  -8149.07 317.70 333.80
  -8119.06 317.75 333.78
  -8089.04 317.80 333.77
  -8059.03 317.86 333.76
  -8029.01 317.91 333.74
  -7999.00 317.96 333.73
  -7968.98 318.01 333.72
  -7938.97 318.06 333.70
  -7908.95 318.11 333.69
  -7878.94 318.16 333.68
  -7848.92 318.21 333.66
  -7818.91 318.26 333.65
  -7788.89 318.31 333.64
  -7758.88 318.36 333.63
  -7728.86 318.41 333.62
  -7698.85 318.46 333.60
  -7668.83 318.51 333.59
  -7638.82 318.56 333.58
  -7608.80 318.61 333.57
  -7578.79 318.65 333.56
  -7548.77 318.70 333.55
  -7518.76 318.75 333.54
  -7488.74 318.80 333.53
  -7458.73 318.84 333.51
  -7428.71 318.89 333.50
  -7398.70 318.94 333.49
  -7368.68 318.98 333.48
  -7338.67 319.03 333.47
  -7308.65 319.08 333.46
  -7278.64 319.12 333.45
  -7248.62 319.17 333.44
  -7218.61 319.21 333.43
  -7188.59 319.26 333.43
  -7158.58 319.30 333.42
  -7128.56 319.35 333.41
  -7098.55 319.39 333.40
  -7068.53 319.44 333.39
  -7038.52 319.48 333.38
  -7008.50 319.53 333.37
  -6978.49 319.57 333.36
  -6948.47 319.61 333.35
  -6918.46 319.66 333.35
  -6888.44 319.70 333.34
  -6858.43 319.74 333.33
  -6828.41 319.78 333.32
  -6798.40 319.83 333.31
  -6768.38 319.87 333.31
  -6738.37 319.91 333.30
  -6708.35 319.95 333.29
  -6678.34 319.99 333.28
  -6648.32 320.03 333.28
  -6618.31 320.08 333.27
  -6588.29 320.12 333.26
  -6558.28 320.16 333.26
  -6528.26 320.20 333.25
  -6498.25 320.24 333.24
  -6468.23 320.28 333.24
  -6438.22 320.32 333.23
  -6408.20 320.36 333.22
  -6378.19 320.40 333.22
  -6348.17 320.44 333.21
  -6318.16 320.47 333.20
  -6288.14 320.51 333.20
  -6258.13 320.55 333.19
  -6228.11 320.59 333.19
  -6198.10 320.63 333.18
  -6168.08 320.67 333.17
  -6138.07 320.70 333.17
  -6108.05 320.74 333.16
  -6078.04 320.78 333.16
  -6048.02 320.81 333.15
  -6018.01 320.85 333.15
  -5987.99 320.89 333.14
  -5957.98 320.92 333.14
  -5927.96 320.96 333.13
  -5897.95 321.00 333.13
  -5867.93 321.03 333.12
  -5837.92 321.07 333.12
  -5807.90 321.10 333.11
  -5777.89 321.14 333.11
  -5747.87 321.17 333.10
  -5717.86 321.21 333.10
  -5687.84 321.24 333.10
  -5657.83 321.28 333.09
  -5627.81 321.31 333.09
  -5597.80 321.34 333.08
  -5567.78 321.38 333.08
  -5537.77 321.41 333.07
  -5507.75 321.44 333.07
  -5477.74 321.48 333.07
  -5447.72 321.51 333.06
  -5417.71 321.54 333.06
  -5387.69 321.58 333.06
  -5357.68 321.61 333.05
  -5327.66 321.64 333.05
  -5297.65 321.67 333.05
  -5267.63 321.70 333.04
  -5237.62 321.73 333.04
  -5207.60 321.77 333.04
  -5177.59 321.80 333.03
  -5147.57 321.83 333.03
  -5117.56 321.86 333.03
  -5087.54 321.89 333.02
  -5057.53 321.92 333.02
  -5027.51 321.95 333.02
  -4997.50 321.98 333.01
  -4967.48 322.01 333.01
  -4937.47 322.04 333.01
  -4907.45 322.07 333.01
  -4877.44 322.10 333.00
  -4847.42 322.12 333.00
  -4817.41 322.15 333.00
  -4787.39 322.18 332.99
  -4757.38 322.21 332.99
  -4727.36 322.24 332.99
  -4697.35 322.27 332.99
  -4667.33 322.29 332.99
  -4637.32 322.32 332.98
  -4607.30 322.35 332.98
  -4577.29 322.38 332.98
  -4547.27 322.40 332.98
  -4517.26 322.43 332.97
  -4487.24 322.46 332.97
  -4457.23 322.48 332.97
  -4427.21 322.51 332.97
  -4397.20 322.53 332.97
  -4367.18 322.56 332.96
  -4337.17 322.59 332.96
  -4307.15 322.61 332.96
  -4277.14 322.64 332.96
  -4247.12 322.66 332.96
  -4217.11 322.69 332.96
  -4187.09 322.71 332.95
  -4157.08 322.74 332.95
  -4127.06 322.76 332.95
  -4097.05 322.78 332.95
  -4067.03 322.81 332.95
  -4037.02 322.83 332.95
  -4007.00 322.85 332.94
  -3976.99 322.88 332.94
  -3946.97 322.90 332.94
  -3916.96 322.92 332.94
  -3886.94 322.95 332.94
  -3856.93 322.97 332.94
  -3826.91 322.99 332.94
  -3796.90 323.01 332.94
  -3766.88 323.04 332.93
  -3736.87 323.06 332.93
  -3706.85 323.08 332.93
  -3676.84 323.10 332.93
  -3646.82 323.12 332.93
  -3616.81 323.14 332.93
  -3586.79 323.16 332.93
  -3556.78 323.18 332.93
  -3526.76 323.21 332.93
  -3496.75 323.23 332.92
  -3466.73 323.25 332.92
  -3436.72 323.27 332.92
  -3406.70 323.29 332.92
  -3376.69 323.31 332.92
  -3346.67 323.32 332.92
  -3316.66 323.34 332.92
  -3286.64 323.36 332.92
  -3256.63 323.38 332.92
  -3226.61 323.40 332.92
  -3196.60 323.42 332.92
  -3166.58 323.44 332.92
  -3136.57 323.46 332.92
  -3106.55 323.47 332.91
  -3076.54 323.49 332.91
  -3046.52 323.51 332.91
  -3016.51 323.53 332.91
  -2986.49 323.54 332.91
  -2956.48 323.56 332.91
  -2926.46 323.58 332.91
  -2896.45 323.59 332.91
  -2866.43 323.61 332.91
  -2836.42 323.63 332.91
  -2806.40 323.64 332.91
  -2776.39 323.66 332.91
  -2746.37 323.68 332.91
  -2716.36 323.69 332.91
  -2686.34 323.71 332.91
  -2656.33 323.72 332.91
  -2626.31 323.74 332.91
  -2596.30 323.75 332.91
  -2566.28 323.77 332.91
  -2536.27 323.78 332.91
  -2506.25 323.80 332.90
  -2476.24 323.81 332.90
  -2446.22 323.82 332.90
  -2416.21 323.84 332.90
  -2386.19 323.85 332.90
  -2356.18 323.87 332.90
  -2326.16 323.88 332.90
  -2296.15 323.89 332.90
  -2266.13 323.90 332.90
  -2236.12 323.92 332.90
  -2206.10 323.93 332.90
  -2176.09 323.94 332.90
  -2146.07 323.95 332.90
  -2116.06 323.97 332.90
  -2086.04 323.98 332.90
  -2056.03 323.99 332.90
  -2026.01 324.00 332.90
  -1996.00 324.01 332.90
  -1965.98 324.03 332.90
  -1935.97 324.04 332.90
  -1905.95 324.05 332.90
  -1875.94 324.06 332.90
  -1845.92 324.07 332.90
  -1815.91 324.08 332.90
  -1785.89 324.09 332.90
  -1755.88 324.10 332.90
  -1725.86 324.11 332.90
  -1695.85 324.12 332.90
  -1665.83 324.13 332.90
  -1635.82 324.14 332.90
  -1605.80 324.15 332.90
  -1575.79 324.16 332.90
  -1545.77 324.16 332.90
  -1515.76 324.17 332.90
  -1485.74 324.18 332.90
  -1455.73 324.19 332.90
  -1425.71 324.20 332.90
  -1395.70 324.21 332.90
  -1365.68 324.21 332.90
  -1335.67 324.22 332.90
  -1305.65 324.23 332.90
  -1275.64 324.24 332.90
  -1245.62 324.24 332.90
  -1215.61 324.25 332.90
  -1185.59 324.26 332.90
  -1155.58 324.26 332.90
  -1125.56 324.27 332.90
  -1095.55 324.28 332.90
  -1065.53 324.28 332.90
  -1035.52 324.29 332.90
  -1005.50 324.29 332.90
   -975.49 324.30 332.90
   -945.47 324.31 332.90
   -915.46 324.31 332.90
   -885.44 324.32 332.90
   -855.43 324.32 332.90
   -825.41 324.33 332.90
   -795.40 324.33 332.90
   -765.38 324.33 332.90
   -735.37 324.34 332.90
   -705.35 324.34 332.90
   -675.34 324.35 332.90
   -645.32 324.35 332.90
   -615.31 324.35 332.90
   -585.29 324.36 332.90
   -555.28 324.36 332.90
   -525.26 324.36 332.90
   -495.25 324.37 332.90
   -465.23 324.37 332.90
   -435.22 324.37 332.90
   -405.20 324.37 332.90
   -375.19 324.38 332.90
   -345.17 324.38 332.90
   -315.16 324.38 332.90
   -285.14 324.38 332.90
   -255.13 324.38 332.90
   -225.11 324.38 332.90
   -195.10 324.39 332.90
   -165.08 324.39 332.90
   -135.07 324.39 332.90
   -105.05 324.39 332.90
    -75.04 324.39 332.90
    -45.02 324.39 332.90
    -15.01 324.39 332.90
     15.01 324.39 332.90
     45.02 324.39 332.90
     75.04 324.39 332.90
    105.05 324.39 332.90
    135.07 324.39 332.90
    165.08 324.39 332.90
    195.10 324.39 332.90
    225.11 324.38 332.90
    255.13 324.38 332.90
    285.14 324.38 332.90
    315.16 324.38 332.90
    345.17 324.38 332.90
    375.19 324.38 332.90
    405.20 324.37 332.90
    435.22 324.37 332.90
    465.23 324.37 332.90
    495.25 324.37 332.90
    525.26 324.36 332.90
    555.28 324.36 332.90
    585.29 324.36 332.90
    615.31 324.35 332.90
    645.32 324.35 332.90
    675.34 324.35 332.90
    705.35 324.34 332.90
    735.37 324.34 332.90
    765.38 324.33 332.90
    795.40 324.33 332.90
    825.41 324.33 332.90
    855.43 324.32 332.90
    885.44 324.32 332.90
    915.46 324.31 332.90
    945.47 324.31 332.90
    975.49 324.30 332.90
   1005.50 324.29 332.90
   1035.52 324.29 332.90
   1065.53 324.28 332.90
   1095.55 324.28 332.90
   1125.56 324.27 332.90
   1155.58 324.26 332.90
   1185.59 324.26 332.90
   1215.61 324.25 332.90
   1245.62 324.24 332.90
   1275.64 324.24 332.90
   1305.65 324.23 332.90
   1335.67 324.22 332.90
   1365.68 324.21 332.90
   1395.70 324.21 332.90
   1425.71 324.20 332.90
   1455.73 324.19 332.90
   1485.74 324.18 332.90
   1515.76 324.17 332.90
   1545.77 324.16 332.90
   1575.79 324.16 332.90
   1605.80 324.15 332.90
   1635.82 324.14 332.90
   1665.83 324.13 332.90
   1695.85 324.12 332.90
   1725.86 324.11 332.90
   1755.88 324.10 332.90
   1785.89 324.09 332.90
   1815.91 324.08 332.90
   1845.92 324.07 332.90
   1875.94 324.06 332.90
   1905.95 324.05 332.90
   1935.97 324.04 332.90
   1965.98 324.03 332.90
   1996.00 324.01 332.90
   2026.01 324.00 332.90
   2056.03 323.99 332.90
   2086.04 323.98 332.90
   2116.06 323.97 332.90
   2146.07 323.95 332.90
   2176.09 323.94 332.90
   2206.10 323.93 332.90
   2236.12 323.92 332.90
   2266.13 323.90 332.90
   2296.15 323.89 332.90
   2326.16 323.88 332.90
   2356.18 323.87 332.90
   2386.19 323.85 332.90
   2416.21 323.84 332.90
   2446.22 323.82 332.90
   2476.24 323.81 332.90
   2506.25 323.80 332.90
   2536.27 323.78 332.91
   2566.28 323.77 332.91
   2596.30 323.75 332.91
   2626.31 323.74 332.91
   2656.33 323.72 332.91
   2686.34 323.71 332.91
   2716.36 323.69 332.91
   2746.37 323.68 332.91
   2776.39 323.66 332.91
   2806.40 323.64 332.91
   2836.42 323.63 332.91
   2866.43 323.61 332.91
   2896.45 323.59 332.91
   2926.46 323.58 332.91
   2956.48 323.56 332.91
   2986.49 323.54 332.91
   3016.51 323.53 332.91
   3046.52 323.51 332.91
   3076.54 323.49 332.91
   3106.55 323.47 332.91
   3136.57 323.46 332.92
   3166.58 323.44 332.92
   3196.60 323.42 332.92
   3226.61 323.40 332.92
   3256.63 323.38 332.92
   3286.64 323.36 332.92
   3316.66 323.34 332.92
   3346.67 323.32 332.92
   3376.69 323.31 332.92
   3406.70 323.29 332.92
   3436.72 323.27 332.92
   3466.73 323.25 332.92
   3496.75 323.23 332.92
   3526.76 323.21 332.93
   3556.78 323.18 332.93
   3586.79 323.16 332.93
   3616.81 323.14 332.93
   3646.82 323.12 332.93
   3676.84 323.10 332.93
   3706.85 323.08 332.93
   3736.87 323.06 332.93
   3766.88 323.04 332.93
   3796.90 323.01 332.94
   3826.91 322.99 332.94
   3856.93 322.97 332.94
   3886.94 322.95 332.94
   3916.96 322.92 332.94
   3946.97 322.90 332.94
   3976.99 322.88 332.94
   4007.00 322.85 332.94
   4037.02 322.83 332.95
   4067.03 322.81 332.95
   4097.05 322.78 332.95
   4127.06 322.76 332.95
   4157.08 322.74 332.95
   4187.09 322.71 332.95
   4217.11 322.69 332.96
   4247.12 322.66 332.96
   4277.14 322.64 332.96
   4307.15 322.61 332.96
   4337.17 322.59 332.96
   4367.18 322.56 332.96
   4397.20 322.53 332.97
   4427.21 322.51 332.97
   4457.23 322.48 332.97
   4487.24 322.46 332.97
   4517.26 322.43 332.97
   4547.27 322.40 332.98
   4577.29 322.38 332.98
   4607.30 322.35 332.98
   4637.32 322.32 332.98
   4667.33 322.29 332.99
   4697.35 322.27 332.99
   4727.36 322.24 332.99
   4757.38 322.21 332.99
   4787.39 322.18 332.99
   4817.41 322.15 333.00
   4847.42 322.12 333.00
   4877.44 322.10 333.00
   4907.45 322.07 333.01
   4937.47 322.04 333.01
   4967.48 322.01 333.01
   4997.50 321.98 333.01
   5027.51 321.95 333.02
   5057.53 321.92 333.02
   5087.54 321.89 333.02
   5117.56 321.86 333.03
   5147.57 321.83 333.03
   5177.59 321.80 333.03
   5207.60 321.77 333.04
   5237.62 321.73 333.04
   5267.63 321.70 333.04
   5297.65 321.67 333.05
   5327.66 321.64 333.05
   5357.68 321.61 333.05
   5387.69 321.58 333.06
   5417.71 321.54 333.06
   5447.72 321.51 333.06
   5477.74 321.48 333.07
   5507.75 321.44 333.07
   5537.77 321.41 333.07
   5567.78 321.38 333.08
   5597.80 321.34 333.08
   5627.81 321.31 333.09
   5657.83 321.28 333.09
   5687.84 321.24 333.10
   5717.86 321.21 333.10
   5747.87 321.17 333.10
   5777.89 321.14 333.11
   5807.90 321.10 333.11
   5837.92 321.07 333.12
   5867.93 321.03 333.12
   5897.95 321.00 333.13
   5927.96 320.96 333.13
   5957.98 320.92 333.14
   5987.99 320.89 333.14
   6018.01 320.85 333.15
   6048.02 320.81 333.15
   6078.04 320.78 333.16
   6108.05 320.74 333.16
   6138.07 320.70 333.17
   6168.08 320.67 333.17
   6198.10 320.63 333.18
   6228.11 320.59 333.19
   6258.13 320.55 333.19
   6288.14 320.51 333.20
   6318.16 320.47 333.20
   6348.17 320.44 333.21
   6378.19 320.40 333.22
   6408.20 320.36 333.22
   6438.22 320.32 333.23
   6468.23 320.28 333.24
   6498.25 320.24 333.24
   6528.26 320.20 333.25
   6558.28 320.16 333.26
   6588.29 320.12 333.26
   6618.31 320.08 333.27
   6648.32 320.03 333.28
   6678.34 319.99 333.28
   6708.35 319.95 333.29
   6738.37 319.91 333.30
   6768.38 319.87 333.31
   6798.40 319.83 333.31
   6828.41 319.78 333.32
   6858.43 319.74 333.33
   6888.44 319.70 333.34
   6918.46 319.66 333.35
   6948.47 319.61 333.35
   6978.49 319.57 333.36
   7008.50 319.53 333.37
   7038.52 319.48 333.38
   7068.53 319.44 333.39
   7098.55 319.39 333.40
   7128.56 319.35 333.41
   7158.58 319.30 333.42
   7188.59 319.26 333.43
   7218.61 319.21 333.43
   7248.62 319.17 333.44
   7278.64 319.12 333.45
   7308.65 319.08 333.46
   7338.67 319.03 333.47
   7368.68 318.98 333.48
   7398.70 318.94 333.49
   7428.71 318.89 333.50
   7458.73 318.84 333.51
   7488.74 318.80 333.53
   7518.76 318.75 333.54
   7548.77 318.70 333.55
   7578.79 318.65 333.56
   7608.80 318.61 333.57
   7638.82 318.56 333.58
   7668.83 318.51 333.59
   7698.85 318.46 333.60
   7728.86 318.41 333.62
   7758.88 318.36 333.63
   7788.89 318.31 333.64
   7818.91 318.26 333.65
   7848.92 318.21 333.66
   7878.94 318.16 333.68
   7908.95 318.11 333.69
   7938.97 318.06 333.70
   7968.98 318.01 333.72
   7999.00 317.96 333.73
   8029.01 317.91 333.74
   8059.03 317.86 333.76
   8089.04 317.80 333.77
   8119.06 317.75 333.78
   8149.07 317.70 333.80
   8179.09 317.65 333.81
   8209.10 317.59 333.83
   8239.12 317.54 333.84
   8269.13 317.49 333.86
   8299.15 317.43 333.87
   8329.16 317.38 333.89
   8359.18 317.33 333.90
   8389.19 317.27 333.92
   8419.21 317.22 333.94
   8449.22 317.16 333.95
   8479.24 317.11 333.97
   8509.25 317.05 333.98
   8539.27 317.00 334.00
   8569.28 316.94 334.02
   8599.30 316.89 334.04
   8629.31 316.83 334.05
   8659.33 316.77 334.07
   8689.34 316.72 334.09
   8719.36 316.66 334.11
   8749.37 316.60 334.13
   8779.39 316.55 334.14
   8809.40 316.49 334.16
   8839.42 316.43 334.18
   8869.43 316.37 334.20
   8899.45 316.31 334.22
   8929.46 316.25 334.24
   8959.48 316.20 334.26
   8989.49 316.14 334.28
   9019.51 316.08 334.30
   9049.52 316.02 334.32
   9079.54 315.96 334.34
   9109.55 315.90 334.36
   9139.57 315.84 334.38
   9169.58 315.78 334.41
   9199.60 315.72 334.43
   9229.61 315.65 334.45
   9259.63 315.59 334.47
   9289.64 315.53 334.50
   9319.66 315.47 334.52
   9349.67 315.41 334.54
   9379.69 315.34 334.57
   9409.70 315.28 334.59
   9439.72 315.22 334.61
   9469.73 315.16 334.64
   9499.75 315.09 334.66
   9529.76 315.03 334.69
   9559.78 314.96 334.71
   9589.79 314.90 334.74
   9619.81 314.84 334.76
   9649.82 314.77 334.79
   9679.84 314.71 334.82
   9709.85 314.64 334.84
   9739.87 314.58 334.87
   9769.88 314.51 334.90
   9799.90 314.44 334.93
   9829.91 314.38 334.96
   9859.93 314.31 334.98
   9889.94 314.24 335.01
   9919.96 314.18 335.04
   9949.97 314.11 335.07
   9979.99 314.04 335.10
  10010.01 313.97 335.13
  10040.02 313.91 335.16
  10070.04 313.84 335.19
  10100.05 313.77 335.22
  10130.07 313.70 335.25
  10160.08 313.63 335.29
  10190.10 313.56 335.32
  10220.11 313.49 335.35
  10250.13 313.42 335.38
  10280.14 313.35 335.42
  10310.16 313.28 335.45
  10340.17 313.21 335.49
  10370.19 313.14 335.52
  10400.20 313.07 335.56
  10430.22 313.00 335.59
  10460.23 312.92 335.63
  10490.25 312.85 335.66
  10520.26 312.78 335.70
  10550.28 312.71 335.74
  10580.29 312.63 335.77
  10610.31 312.56 335.81
  10640.32 312.49 335.85
  10670.34 312.41 335.89
  10700.35 312.34 335.93
  10730.37 312.26 335.97
  10760.38 312.19 336.01
  10790.40 312.11 336.05
  10820.41 312.04 336.09
  10850.43 311.96 336.13
  10880.44 311.89 336.17
  10910.46 311.81 336.21
  10940.47 311.74 336.26
  10970.49 311.66 336.30
  11000.50 311.58 336.34
  11030.52 311.51 336.39
  11060.53 311.43 336.43
  11090.55 311.35 336.48
  11120.56 311.27 336.52
  11150.58 311.19 336.57
  11180.59 311.12 336.62
  11210.61 311.04 336.66
  11240.62 310.96 336.71
  11270.64 310.88 336.76
  11300.65 310.80 336.81
  11330.67 310.72 336.86
  11360.68 310.64 336.91
  11390.70 310.56 336.96
  11420.71 310.48 337.01
  11450.73 310.40 337.06
  11480.74 310.31 337.11
  11510.76 310.23 337.16
  11540.77 310.15 337.22
  11570.79 310.07 337.27
  11600.80 309.99 337.33
  11630.82 309.90 337.38
  11660.83 309.82 337.44
  11690.85 309.74 337.49
  11720.86 309.65 337.55
  11750.88 309.57 337.61
  11780.89 309.49 337.67
  11810.91 309.40 337.72
  11840.92 309.32 337.78
  11870.94 309.23 337.84
  11900.95 309.15 337.90
  11930.97 309.06 337.97
  11960.98 308.97 338.03
  11991.00 308.89 338.09
  12021.01 308.80 338.15
  12051.03 308.71 338.22
  12081.04 308.63 338.28
  12111.06 308.54 338.35
  12141.07 308.45 338.41
  12171.09 308.36 338.48
  12201.10 308.28 338.55
  12231.12 308.19 338.62
  12261.13 308.10 338.69
  12291.15 308.01 338.76
  12321.16 307.92 338.83
  12351.18 307.83 338.90
  12381.19 307.74 338.97
  12411.21 307.65 339.04
  12441.22 307.56 339.12
  12471.24 307.47 339.19
  12501.25 307.38 339.27
  12531.27 307.28 339.34
  12561.28 307.19 339.42
  12591.30 307.10 339.50
  12621.31 307.01 339.58
  12651.33 306.91 339.66
  12681.34 306.82 339.74
  12711.36 306.73 339.82
  12741.37 306.63 339.90
  12771.39 306.54 339.98
  12801.40 306.45 340.07
  12831.42 306.35 340.15
  12861.43 306.26 340.24
  12891.45 306.16 340.33
  12921.46 306.06 340.41
  12951.48 305.97 340.50
  12981.49 305.87 340.59
  13011.51 305.78 340.68
  13041.52 305.68 340.77
  13071.54 305.58 340.87
  13101.55 305.49 340.96
  13131.57 305.39 341.05
  13161.58 305.29 341.15
  13191.60 305.19 341.25
  13221.61 305.09 341.34
  13251.63 304.99 341.44
  13281.64 304.89 341.54
  13311.66 304.79 341.64
  13341.67 304.69 341.75
  13371.69 304.59 341.85
  13401.70 304.49 341.95
  13431.72 304.39 342.06
  13461.73 304.29 342.16
  13491.75 304.19 342.27
  13521.76 304.09 342.38
  13551.78 303.99 342.49
  13581.79 303.88 342.60
  13611.81 303.78 342.71
  13641.82 303.68 342.83
  13671.84 303.58 342.94
  13701.85 303.47 343.06
  13731.87 303.37 343.18
  13761.88 303.26 343.29
  13791.90 303.16 343.41
  13821.91 303.05 343.53
  13851.93 302.95 343.66
  13881.94 302.84 343.78
  13911.96 302.74 343.90
  13941.97 302.63 344.03
  13971.99 302.53 344.16
  14002.00 302.42 344.29
  14032.02 302.31 344.42
  14062.03 302.20 344.55
  14092.05 302.10 344.68
  14122.06 301.99 344.82
  14152.08 301.88 344.95
  14182.09 301.77 345.09
  14212.11 301.66 345.23
  14242.12 301.55 345.37
  14272.14 301.44 345.51
  14302.15 301.33 345.65
  14332.17 301.22 345.80
  14362.18 301.11 345.94
  14392.20 301.00 346.09
  14422.21 300.89 346.24
  14452.23 300.78 346.39
  14482.24 300.67 346.55
  14512.26 300.55 346.70
  14542.27 300.44 346.85
  14572.29 300.33 347.01
  14602.30 300.22 347.17
  14632.32 300.10 347.33
  14662.33 299.99 347.49
  14692.35 299.87 347.66
  14722.36 299.76 347.82
  14752.38 299.64 347.99
  14782.39 299.53 348.16
  14812.41 299.41 348.33
  14842.42 299.30 348.50
  14872.44 299.18 348.68
  14902.45 299.07 348.86
  14932.47 298.95 349.03
  14962.48 298.83 349.21
  14992.50 298.71 349.40
  15022.51 298.60 349.58
  15052.53 298.48 349.77
  15082.54 298.36 349.95
  15112.56 298.24 350.14
  15142.57 298.12 350.33
  15172.59 298.00 350.53
  15202.60 297.88 350.72
  15232.62 297.76 350.92
  15262.63 297.64 351.12
  15292.65 297.52 351.32
  15322.66 297.40 351.52
  15352.68 297.28 351.73
  15382.69 297.16 351.94
  15412.71 297.03 352.15
  15442.72 296.91 352.36
  15472.74 296.79 352.57
  15502.75 296.67 352.79
  15532.77 296.54 353.01
  15562.78 296.42 353.23
  15592.80 296.29 353.45
  15622.81 296.17 353.67
  15652.83 296.05 353.90
  15682.84 295.92 354.13
  15712.86 295.80 354.36
  15742.87 295.67 354.59
  15772.89 295.54 354.83
  15802.90 295.42 355.07
  15832.92 295.29 355.31
  15862.93 295.16 355.55
  15892.95 295.04 355.80
  15922.96 294.91 356.05
  15952.98 294.78 356.30
  15982.99 294.65 356.55
  16013.01 294.52 356.80
  16043.02 294.39 357.06
  16073.04 294.26 357.32
  16103.05 294.13 357.58
  16133.07 294.00 357.85
  16163.08 293.87 358.12
  16193.10 293.74 358.39
  16223.11 293.61 358.66
  16253.13 293.48 358.93
  16283.14 293.35 359.21
  16313.16 293.22 359.49
  16343.17 293.08 359.77
  16373.19 292.95 360.06
  16403.20 292.82 360.35
  16433.22 292.68 360.64
  16463.23 292.55 360.93
  16493.25 292.42 361.23
  16523.26 292.28 361.53
  16553.28 292.15 361.83
  16583.29 292.01 362.14
  16613.31 291.88 362.44
  16643.32 291.74 362.75
  16673.34 291.60 363.07
  16703.35 291.47 363.38
  16733.37 291.33 363.70
  16763.38 291.19 364.03
  16793.40 291.05 364.35
  16823.41 290.92 364.68
  16853.43 290.78 365.01
  16883.44 290.64 365.34
  16913.46 290.50 365.68
  16943.47 290.36 366.02
  16973.49 290.22 366.36
  17003.50 290.08 366.71
  17033.52 289.94 367.06
  17063.53 289.80 367.41
  17093.55 289.66 367.77
  17123.56 289.52 368.12
  17153.58 289.38 368.49
  17183.59 289.23 368.85
  17213.61 289.09 369.22
  17243.62 288.95 369.59
  17273.64 288.81 369.96
  17303.65 288.66 370.34
  17333.67 288.52 370.72
  17363.68 288.37 371.11
  17393.70 288.23 371.50
  17423.71 288.09 371.89
  17453.73 287.94 372.28
  17483.74 287.79 372.68
  17513.76 287.65 373.08
  17543.77 287.50 373.49
  17573.79 287.36 373.90
  17603.80 287.21 374.31
  17633.82 287.06 374.72
  17663.83 286.91 375.14
  17693.85 286.77 375.57
  17723.86 286.62 375.99
  17753.88 286.47 376.42
  17783.89 286.32 376.86
  17813.91 286.17 377.29
  17843.92 286.02 377.73
  17873.94 285.87 378.18
  17903.95 285.72 378.63
  17933.97 285.57 379.08
  17963.98 285.42 379.54
  17994.00 285.27 380.00
  18024.01 285.12 380.46
  18054.03 284.96 380.93
  18084.04 284.81 381.40
  18114.06 284.66 381.87
  18144.07 284.51 382.35
  18174.09 284.35 382.84
  18204.10 284.20 383.33
  18234.12 284.04 383.82
  18264.13 283.89 384.31
  18294.15 283.73 384.81
  18324.16 283.58 385.32
  18354.18 283.42 385.82
  18384.19 283.27 386.34
  18414.21 283.11 386.85
  18444.22 282.95 387.37
  18474.24 282.80 387.90
  18504.25 282.64 388.43
  18534.27 282.48 388.96
  18564.28 282.32 389.50
  18594.30 282.17 390.04
  18624.31 282.01 390.59
  18654.33 281.85 391.14
  18684.34 281.69 391.70
  18714.36 281.53 392.26
  18744.37 281.37 392.83
  18774.39 281.21 393.40
  18804.40 281.05 393.97
  18834.42 280.89 394.55
  18864.43 280.73 395.13
  18894.45 280.56 395.72
  18924.46 280.40 396.32
  18954.48 280.24 396.91
  18984.49 280.08 397.52
  19014.51 279.91 398.13
  19044.52 279.75 398.74
  19074.54 279.59 399.36
  19104.55 279.42 399.98
  19134.57 279.26 400.61
  19164.58 279.09 401.24
  19194.60 278.93 401.88
  19224.61 278.76 402.52
  19254.63 278.59 403.17
  19284.64 278.43 403.83
  19314.66 278.26 404.48
  19344.67 278.09 405.15
  19374.69 277.93 405.82
  19404.70 277.76 406.49
  19434.72 277.59 407.17
  19464.73 277.42 407.86
  19494.75 277.25 408.55
  19524.76 277.09 409.25
  19554.78 276.92 409.95
  19584.79 276.75 410.66
  19614.81 276.58 411.37
  19644.82 276.41 412.09
  19674.84 276.23 412.82
  19704.85 276.06 413.55
  19734.87 275.89 414.29
  19764.88 275.72 415.03
  19794.90 275.55 415.78
  19824.91 275.38 416.54
  19854.93 275.20 417.30
  19884.94 275.03 418.07
  19914.96 274.86 418.84
  19944.97 274.68 419.62
  19974.99 274.51 420.41
  20005.00 274.33 421.20
  20035.02 274.16 422.00
  20065.03 273.98 422.80
  20095.05 273.81 423.61
  20125.06 273.63 424.43
  20155.08 273.45 425.26
  20185.09 273.28 426.09
  20215.11 273.10 426.92
  20245.12 272.92 427.77
  20275.14 272.75 428.62
  20305.15 272.57 429.48
  20335.17 272.39 430.34
  20365.18 272.21 431.22
  20395.20 272.03 432.10
  20425.21 271.85 432.98
  20455.23 271.67 433.87
  20485.24 271.49 434.77
  20515.26 271.31 435.68
  20545.27 271.13 436.60
  20575.29 270.95 437.52
  20605.30 270.77 438.45
  20635.32 270.59 439.39
  20665.33 270.40 440.33
  20695.35 270.22 441.28
  20725.36 270.04 442.24
  20755.38 269.85 443.21
  20785.39 269.67 444.19
  20815.41 269.49 445.17
  20845.42 269.30 446.16
  20875.44 269.12 447.16
  20905.45 268.93 448.17
  20935.47 268.75 449.18
  20965.48 268.56 450.21
  20995.50 268.38 451.24
  21025.51 268.19 452.28
  21055.53 268.00 453.33
  21085.54 267.82 454.39
  21115.56 267.63 455.45
  21145.57 267.44 456.53
  21175.59 267.25 457.61
  21205.60 267.06 458.70
  21235.62 266.88 459.80
  21265.63 266.69 460.91
  21295.65 266.50 462.03
  21325.66 266.31 463.16
  21355.68 266.12 464.30
  21385.69 265.93 465.44
  21415.71 265.74 466.60
  21445.72 265.55 467.77
  21475.74 265.35 468.94
  21505.75 265.16 470.12
  21535.77 264.97 471.32
  21565.78 264.78 472.52
  21595.80 264.59 473.74
  21625.81 264.39 474.96
  21655.83 264.20 476.19
  21685.84 264.00 477.44
  21715.86 263.81 478.69
  21745.87 263.62 479.96
  21775.89 263.42 481.23
  21805.90 263.23 482.52
  21835.92 263.03 483.81
  21865.93 262.84 485.12
  21895.95 262.64 486.44
  21925.96 262.44 487.76
  21955.98 262.25 489.10
  21985.99 262.05 490.45
  22016.01 261.85 491.81
  22046.02 261.65 493.19
  22076.04 261.46 494.57
  22106.05 261.26 495.97
  22136.07 261.06 497.37
  22166.08 260.86 498.79
  22196.10 260.66 500.22
  22226.11 260.46 501.67
  22256.13 260.26 503.12
  22286.14 260.06 504.59
  22316.16 259.86 506.07
  22346.17 259.66 507.56
  22376.19 259.46 509.06
  22406.20 259.26 510.58
  22436.22 259.05 512.11
  22466.23 258.85 513.65
  22496.25 258.65 515.21
  22526.26 258.44 516.77
  22556.28 258.24 518.36
  22586.29 258.04 519.95
  22616.31 257.83 521.56
  22646.32 257.63 523.18
  22676.34 257.42 524.82
  22706.35 257.22 526.47
  22736.37 257.01 528.13
  22766.38 256.81 529.81
  22796.40 256.60 531.50
  22826.41 256.40 533.20
  22856.43 256.19 534.92
  22886.44 255.98 536.66
  22916.46 255.78 538.41
  22946.47 255.57 540.17
  22976.49 255.36 541.95
  23006.50 255.15 543.75
  23036.52 254.94 545.56
  23066.53 254.74 547.38
  23096.55 254.53 549.23
  23126.56 254.32 551.08
  23156.58 254.11 552.96
  23186.59 253.90 554.84
  23216.61 253.69 556.75
  23246.62 253.48 558.67
  23276.64 253.26 560.61
  23306.65 253.05 562.56
  23336.67 252.84 564.54
  23366.68 252.63 566.52
  23396.70 252.42 568.53
  23426.71 252.20 570.55
  23456.73 251.99 572.59
  23486.74 251.78 574.65
  23516.76 251.56 576.73
  23546.77 251.35 578.82
  23576.79 251.14 580.93
  23606.80 250.92 583.06
  23636.82 250.71 585.21
  23666.83 250.49 587.38
  23696.85 250.28 589.56
  23726.86 250.06 591.77
  23756.88 249.84 593.99
  23786.89 249.63 596.24
  23816.91 249.41 598.50
  23846.92 249.19 600.78
  23876.94 248.98 603.08
  23906.95 248.76 605.41
  23936.97 248.54 607.75
  23966.98 248.32 610.11
  23997.00 248.10 612.50
  24027.01 247.88 614.90
  24057.03 247.67 617.33
  24087.04 247.45 619.77
  24117.06 247.23 622.24
  24147.07 247.01 624.73
  24177.09 246.79 627.24
  24207.10 246.56 629.78
  24237.12 246.34 632.33
  24267.13 246.12 634.91
  24297.15 245.90 637.51
  24327.16 245.68 640.13
  24357.18 245.46 642.78
  24387.19 245.23 645.45
  24417.21 245.01 648.14
  24447.22 244.79 650.86
  24477.24 244.56 653.60
  24507.25 244.34 656.36
  24537.27 244.12 659.15
  24567.28 243.89 661.96
  24597.30 243.67 664.80
  24627.31 243.44 667.66
  24657.33 243.22 670.55
  24687.34 242.99 673.46
  24717.36 242.77 676.39
  24747.37 242.54 679.36
  24777.39 242.31 682.35
  24807.40 242.09 685.36
  24837.42 241.86 688.40
  24867.43 241.63 691.47
  24897.45 241.41 694.56
  24927.46 241.18 697.68
  24957.48 240.95 700.83
  24987.49 240.72 704.00
  25017.51 240.49 707.21
  25047.52 240.26 710.44
  25077.54 240.03 713.69
  25107.55 239.80 716.98
  25137.57 239.57 720.29
  25167.58 239.34 723.64
  25197.60 239.11 727.01
  25227.61 238.88 730.41
  25257.63 238.65 733.84
  25287.64 238.42 737.30
  25317.66 238.19 740.79
  25347.67 237.96 744.31
  25377.69 237.72 747.86
  25407.70 237.49 751.43
  25437.72 237.26 755.04
  25467.73 237.03 758.68
  25497.75 236.79 762.36
  25527.76 236.56 766.06
  25557.78 236.33 769.79
  25587.79 236.09 773.56
  25617.81 235.86 777.35
  25647.82 235.62 781.18
  25677.84 235.39 785.04
  25707.85 235.15 788.93
  25737.87 234.92 792.86
  25767.88 234.68 796.82
  25797.90 234.44 800.81
  25827.91 234.21 804.83
  25857.93 233.97 808.89
  25887.94 233.73 812.98
  25917.96 233.50 817.10
  25947.97 233.26 821.26
  25977.99 233.02 825.45
  26008.00 232.78 829.67
  26038.02 232.55 833.93
  26068.03 232.31 838.22
  26098.05 232.07 842.55
  26128.06 231.83 846.91
  26158.08 231.59 851.31
  26188.09 231.35 855.74
  26218.11 231.11 860.21
  26248.12 230.87 864.71
  26278.14 230.63 869.25
  26308.15 230.39 873.82
  26338.17 230.15 878.43
  26368.18 229.91 883.07
  26398.20 229.67 887.75
  26428.21 229.42 892.47
  26458.23 229.18 897.22
  26488.24 228.94 902.00
  26518.26 228.70 906.83
  26548.27 228.45 911.69
  26578.29 228.21 916.58
  26608.30 227.97 921.51
  26638.32 227.72 926.48
  26668.33 227.48 931.49
  26698.35 227.24 936.53
  26728.36 226.99 941.61
  26758.38 226.75 946.72
  26788.39 226.50 951.87
  26818.41 226.26 957.06
  26848.42 226.01 962.28
  26878.44 225.77 967.54
  26908.45 225.52 972.84
  26938.47 225.27 978.17
  26968.48 225.03 983.54
  26998.50 224.78 988.94
  27028.51 224.53 994.39
  27058.53 224.29 999.86
  27088.54 224.04 1005.38
  27118.56 223.79 1010.93
  27148.57 223.55 1016.51
  27178.59 223.30 1022.13
  27208.60 223.05 1027.79
  27238.62 222.80 1033.48
  27268.63 222.55 1039.21
  27298.65 222.30 1044.97
  27328.66 222.05 1050.77
  27358.68 221.80 1056.60
  27388.69 221.55 1062.47
  27418.71 221.30 1068.37
  27448.72 221.05 1074.31
  27478.74 220.80 1080.28
  27508.75 220.55 1086.29
  27538.77 220.30 1092.33
  27568.78 220.05 1098.40
  27598.80 219.80 1104.51
  27628.81 219.55 1110.65
  27658.83 219.30 1116.83
  27688.84 219.04 1123.04
  27718.86 218.79 1129.28
  27748.87 218.54 1135.56
  27778.89 218.29 1141.87
  27808.90 218.03 1148.20
  27838.92 217.78 1154.58
  27868.93 217.53 1160.98
  27898.95 217.27 1167.41
  27928.96 217.02 1173.88
  27958.98 216.76 1180.37
  27988.99 216.51 1186.89
  28019.01 216.26 1193.45
  28049.02 216.00 1200.03
  28079.04 215.75 1206.64
  28109.05 215.49 1213.29
  28139.07 215.24 1219.95
  28169.08 214.98 1226.65
  28199.10 214.72 1233.37
  28229.11 214.47 1240.13
  28259.13 214.21 1246.90
  28289.14 213.96 1253.71
  28319.16 213.70 1260.53
  28349.17 213.44 1267.39
  28379.19 213.18 1274.26
  28409.20 212.93 1281.16
  28439.22 212.67 1288.09
  28469.23 212.41 1295.03
  28499.25 212.15 1302.00
  28529.26 211.90 1308.99
  28559.28 211.64 1316.00
  28589.29 211.38 1323.03
  28619.31 211.12 1330.07
  28649.32 210.86 1337.14
  28679.34 210.60 1344.23
  28709.35 210.34 1351.35
  28739.37 210.08 1358.49
  28769.38 209.82 1365.66
  28799.40 209.56 1372.86
  28829.41 209.30 1380.10
  28859.43 209.04 1387.38
  28889.44 208.78 1394.69
  28919.46 208.52 1402.02
  28949.47 208.26 1409.40
  28979.49 208.00 1416.80
  29009.50 207.74 1424.23
  29039.52 207.48 1431.69
  29069.53 207.21 1439.18
  29099.55 206.95 1446.70
  29129.56 206.69 1454.25
  29159.58 206.43 1461.82
  29189.59 206.16 1469.42
  29219.61 205.90 1477.04
  29249.62 205.64 1484.69
  29279.64 205.38 1492.37
  29309.65 205.11 1500.06
  29339.67 204.85 1507.78
  29369.68 204.58 1515.51
  29399.70 204.32 1523.27
  29429.71 204.06 1531.05
  29459.73 203.79 1538.84
  29489.74 203.53 1546.66
  29519.76 203.26 1554.48
  29549.77 203.00 1562.33
  29579.79 202.73 1570.19
  29609.80 202.47 1578.06
  29639.82 202.20 1585.94
  29669.83 201.94 1593.84
  29699.85 201.67 1601.75
  29729.86 201.41 1609.66
  29759.88 201.14 1617.59
  29789.89 200.87 1625.52
  29819.91 200.61 1633.46
  29849.92 200.34 1641.41
  29879.94 200.07 1649.36
  29909.95 199.81 1657.32
  29939.97 199.54 1665.27
  29969.98 199.27 1673.24
  30000.00 199.01 1681.20
